latitude,longitude,bright_ti4,scan,track,acq_date,acq_time,satellite,instrument,confidence,version,bright_ti5,frp,daynight
9.33656,78.7224,330.85,0.7,0.75,2026-04-10,714,N21,VIIRS,n,2.0NRT,294.5,7.28,D
9.3393,78.72498,331.16,0.7,0.75,2026-04-10,714,N21,VIIRS,n,2.0NRT,295.1,6.77,D
9.61397,77.99377,336.72,0.78,0.78,2026-04-10,714,N21,VIIRS,n,2.0NRT,291.12,6.05,D
10.96215,78.25224,339.47,0.7,0.75,2026-04-10,714,N21,VIIRS,n,2.0NRT,295.45,6.95,D
11.09953,78.96518,339.06,0.63,0.72,2026-04-10,714,N21,VIIRS,n,2.0NRT,298.6,6.38,D
12.30865,79.9298,343.78,0.51,0.66,2026-04-10,714,N21,VIIRS,n,2.0NRT,295.95,6.57,D
12.31132,79.92902,345.2,0.51,0.66,2026-04-10,714,N21,VIIRS,n,2.0NRT,296.29,7.57,D
13.49126,80.09906,338.37,0.47,0.64,2026-04-10,714,N21,VIIRS,n,2.0NRT,295.37,2.53,D
14.02695,79.13177,336.95,0.54,0.67,2026-04-10,714,N21,VIIRS,n,2.0NRT,299.3,9.54,D
15.06763,97.97256,332.48,0.55,0.51,2026-04-10,714,N21,VIIRS,n,2.0NRT,302.88,2.22,D
15.80734,94.76923,340.16,0.53,0.42,2026-04-10,714,N21,VIIRS,n,2.0NRT,303.06,6.56,D
15.9525,95.2364,337.04,0.56,0.43,2026-04-10,714,N21,VIIRS,n,2.0NRT,306.91,10.62,D
15.95286,95.23787,336.36,0.56,0.43,2026-04-10,714,N21,VIIRS,l,2.0NRT,306.72,11.98,D
15.95438,94.68149,333.97,0.52,0.42,2026-04-10,714,N21,VIIRS,l,2.0NRT,305.07,6.33,D
16.00402,94.22332,343.06,0.5,0.41,2026-04-10,714,N21,VIIRS,n,2.0NRT,305.05,7.68,D
16.00465,94.22789,337.68,0.5,0.41,2026-04-10,714,N21,VIIRS,n,2.0NRT,304.54,7.68,D
16.0372,94.46606,338.73,0.51,0.41,2026-04-10,714,N21,VIIRS,n,2.0NRT,305.71,9.94,D
16.05752,97.96961,348.48,0.56,0.52,2026-04-10,714,N21,VIIRS,n,2.0NRT,304.75,11.82,D
16.0914,95.61787,337.65,0.4,0.44,2026-04-10,714,N21,VIIRS,n,2.0NRT,306.22,8.3,D
16.12816,94.90579,345.29,0.54,0.42,2026-04-10,714,N21,VIIRS,n,2.0NRT,302.49,12.23,D
16.12839,94.98546,335.15,0.55,0.43,2026-04-10,714,N21,VIIRS,n,2.0NRT,299.27,4.42,D
16.1292,95.55242,344.52,0.4,0.44,2026-04-10,714,N21,VIIRS,n,2.0NRT,304.07,20.86,D
16.1307,94.9827,335.35,0.55,0.43,2026-04-10,714,N21,VIIRS,n,2.0NRT,298.64,5.75,D
16.13323,95.55186,349.89,0.4,0.44,2026-04-10,714,N21,VIIRS,n,2.0NRT,307.02,20.86,D
16.137,95.58125,345.26,0.4,0.44,2026-04-10,714,N21,VIIRS,n,2.0NRT,308.78,7.46,D
16.13747,95.58493,346.83,0.4,0.44,2026-04-10,714,N21,VIIRS,n,2.0NRT,309.02,10.92,D
16.14009,95.57333,340.61,0.4,0.44,2026-04-10,714,N21,VIIRS,n,2.0NRT,304.68,4.06,D
16.14412,95.57276,335.67,0.4,0.44,2026-04-10,714,N21,VIIRS,l,2.0NRT,309.04,4.06,D
16.16612,95.52115,343.45,0.39,0.44,2026-04-10,714,N21,VIIRS,n,2.0NRT,309.07,4.76,D
16.1666,95.5248,337.09,0.39,0.44,2026-04-10,714,N21,VIIRS,n,2.0NRT,304.46,4.76,D
16.17014,95.52059,336.77,0.39,0.44,2026-04-10,714,N21,VIIRS,l,2.0NRT,309.03,4.76,D
16.17093,94.39197,341.2,0.51,0.41,2026-04-10,714,N21,VIIRS,n,2.0NRT,301.77,6.45,D
16.17629,95.66248,336.02,0.4,0.44,2026-04-10,714,N21,VIIRS,l,2.0NRT,307.21,5.97,D
16.17656,95.53831,332.72,0.39,0.44,2026-04-10,714,N21,VIIRS,l,2.0NRT,307.48,8.3,D
16.18011,95.53409,336.62,0.39,0.44,2026-04-10,714,N21,VIIRS,l,2.0NRT,308.26,8.3,D
16.18035,95.66192,343.04,0.4,0.44,2026-04-10,714,N21,VIIRS,n,2.0NRT,307.51,5.97,D
16.18059,95.29307,336.13,0.57,0.43,2026-04-10,714,N21,VIIRS,n,2.0NRT,303.4,5.29,D
16.18059,95.53775,344.26,0.39,0.44,2026-04-10,714,N21,VIIRS,n,2.0NRT,309.39,8.3,D
16.18348,95.55976,335.84,0.4,0.44,2026-04-10,714,N21,VIIRS,l,2.0NRT,308.3,4.95,D
16.1844,95.66135,341.11,0.4,0.44,2026-04-10,714,N21,VIIRS,n,2.0NRT,305.83,3.59,D
16.18589,95.57815,342.55,0.4,0.44,2026-04-10,714,N21,VIIRS,n,2.0NRT,306.34,11.33,D
16.2044,95.26553,340.61,0.57,0.43,2026-04-10,714,N21,VIIRS,n,2.0NRT,302.03,7.9,D
16.20587,94.82542,346.03,0.54,0.42,2026-04-10,714,N21,VIIRS,n,2.0NRT,303.3,14.98,D
16.21194,95.61967,342.72,0.4,0.44,2026-04-10,714,N21,VIIRS,n,2.0NRT,305.16,2.66,D
16.22349,95.35058,342.77,0.39,0.44,2026-04-10,714,N21,VIIRS,n,2.0NRT,304.24,3.75,D
16.23185,95.41524,339.47,0.39,0.44,2026-04-10,714,N21,VIIRS,n,2.0NRT,304.45,4.66,D
16.25225,97.84412,341.91,0.56,0.51,2026-04-10,714,N21,VIIRS,n,2.0NRT,310.13,3.94,D
16.25695,97.84351,336.78,0.56,0.51,2026-04-10,714,N21,VIIRS,l,2.0NRT,309.71,3.94,D
16.26131,95.54839,334.56,0.4,0.44,2026-04-10,714,N21,VIIRS,l,2.0NRT,308.53,7.44,D
16.26512,95.57789,337.1,0.4,0.44,2026-04-10,714,N21,VIIRS,l,2.0NRT,307.32,2.99,D
16.26534,95.54781,346.62,0.4,0.44,2026-04-10,714,N21,VIIRS,n,2.0NRT,310.53,7.44,D
16.26614,94.67302,339.19,0.53,0.42,2026-04-10,714,N21,VIIRS,n,2.0NRT,305.27,9.65,D
16.2672,95.49899,340.43,0.39,0.44,2026-04-10,714,N21,VIIRS,n,2.0NRT,303.79,6.61,D
16.26996,94.67247,338.21,0.53,0.42,2026-04-10,714,N21,VIIRS,n,2.0NRT,305.5,6.66,D
16.27512,95.59155,342.57,0.4,0.44,2026-04-10,714,N21,VIIRS,n,2.0NRT,306.61,7.01,D
16.27586,95.04556,347.44,0.56,0.43,2026-04-10,714,N21,VIIRS,n,2.0NRT,304.35,14.54,D
16.28659,94.56579,338.59,0.52,0.42,2026-04-10,714,N21,VIIRS,n,2.0NRT,305.93,4.42,D
16.28683,94.56866,334.64,0.52,0.42,2026-04-10,714,N21,VIIRS,n,2.0NRT,303.4,3.43,D
16.29292,95.57024,340.82,0.4,0.44,2026-04-10,714,N21,VIIRS,n,2.0NRT,307.64,4.69,D
16.30294,95.35007,341.53,0.39,0.44,2026-04-10,714,N21,VIIRS,n,2.0NRT,304.71,11.64,D
16.3034,95.35366,330.73,0.39,0.44,2026-04-10,714,N21,VIIRS,l,2.0NRT,305.41,10.35,D
16.3115,95.80862,332.15,0.41,0.45,2026-04-10,714,N21,VIIRS,l,2.0NRT,306.83,4.27,D
16.31582,95.35555,336.7,0.39,0.44,2026-04-10,714,N21,VIIRS,n,2.0NRT,303.13,3.96,D
16.31638,95.74981,340.06,0.41,0.45,2026-04-10,714,N21,VIIRS,n,2.0NRT,306.44,6.51,D
16.32421,94.29995,330.61,0.51,0.41,2026-04-10,714,N21,VIIRS,l,2.0NRT,301.42,4.21,D
16.33792,95.49645,334.64,0.39,0.44,2026-04-10,714,N21,VIIRS,n,2.0NRT,301.34,2,D
16.34755,94.95699,333.51,0.55,0.43,2026-04-10,714,N21,VIIRS,n,2.0NRT,300.79,4.16,D
16.35288,94.62858,344.5,0.53,0.42,2026-04-10,714,N21,VIIRS,n,2.0NRT,308.05,14.52,D
16.35599,95.19882,337.53,0.57,0.43,2026-04-10,714,N21,VIIRS,n,2.0NRT,303.86,4.12,D
16.36021,95.8373,338.19,0.41,0.45,2026-04-10,714,N21,VIIRS,n,2.0NRT,307.75,5.06,D
16.37947,96.10561,344.32,0.43,0.46,2026-04-10,714,N21,VIIRS,n,2.0NRT,310.99,15.26,D
16.38074,96.10606,343.82,0.43,0.46,2026-04-10,714,N21,VIIRS,n,2.0NRT,310.58,11.03,D
16.38882,94.99108,336.55,0.55,0.43,2026-04-10,714,N21,VIIRS,n,2.0NRT,300.55,4.77,D
16.39447,94.94333,334.17,0.55,0.43,2026-04-10,714,N21,VIIRS,n,2.0NRT,302.25,5.99,D
16.4021,94.91109,336.18,0.55,0.42,2026-04-10,714,N21,VIIRS,n,2.0NRT,303.21,11.12,D
16.41644,95.17262,337.01,0.57,0.43,2026-04-10,714,N21,VIIRS,n,2.0NRT,302.48,6.26,D
16.41815,95.86459,330.71,0.42,0.45,2026-04-10,714,N21,VIIRS,l,2.0NRT,303.91,3.94,D
16.43182,96.03818,336.27,0.43,0.46,2026-04-10,714,N21,VIIRS,l,2.0NRT,308.33,4.66,D
16.4422,94.66304,338.82,0.53,0.42,2026-04-10,714,N21,VIIRS,n,2.0NRT,304.55,13.1,D
16.44263,97.92191,337.35,0.57,0.52,2026-04-10,714,N21,VIIRS,l,2.0NRT,309.18,14.12,D
16.44274,94.97816,337.89,0.55,0.43,2026-04-10,714,N21,VIIRS,n,2.0NRT,305.4,10.18,D
16.44325,97.92719,343.09,0.57,0.52,2026-04-10,714,N21,VIIRS,n,2.0NRT,310.96,13.33,D
16.44345,95.99629,338.11,0.42,0.46,2026-04-10,714,N21,VIIRS,l,2.0NRT,309.43,4.47,D
16.44492,95.55338,337.17,0.4,0.44,2026-04-10,714,N21,VIIRS,n,2.0NRT,305.91,4.81,D
16.4604,94.56546,341.25,0.52,0.42,2026-04-10,714,N21,VIIRS,n,2.0NRT,306.42,13.07,D
16.46632,95.33842,339.24,0.39,0.44,2026-04-10,714,N21,VIIRS,n,2.0NRT,302.74,4.28,D
16.4687,95.41914,341.17,0.39,0.44,2026-04-10,714,N21,VIIRS,n,2.0NRT,303.77,4.72,D
16.47586,95.66704,341.85,0.41,0.45,2026-04-10,714,N21,VIIRS,n,2.0NRT,304.88,4.29,D
16.47634,95.67081,332.19,0.41,0.45,2026-04-10,714,N21,VIIRS,l,2.0NRT,303.39,4.29,D
16.48181,95.33258,342.78,0.39,0.44,2026-04-10,714,N21,VIIRS,n,2.0NRT,305.54,5.82,D
16.4949,95.30881,340.21,0.39,0.44,2026-04-10,714,N21,VIIRS,n,2.0NRT,306.18,6.25,D
16.50687,95.25571,333.48,0.38,0.43,2026-04-10,714,N21,VIIRS,n,2.0NRT,302.28,1.56,D
16.52547,95.02699,339.66,0.56,0.43,2026-04-10,714,N21,VIIRS,n,2.0NRT,302.83,11.91,D
16.53111,97.96703,343.97,0.57,0.52,2026-04-10,714,N21,VIIRS,n,2.0NRT,307.29,10.32,D
16.53552,96.10655,345.49,0.43,0.46,2026-04-10,714,N21,VIIRS,n,2.0NRT,313.67,12.19,D
16.53798,94.94119,330.85,0.55,0.43,2026-04-10,714,N21,VIIRS,l,2.0NRT,305.09,6.7,D
16.54722,94.57983,336.53,0.53,0.42,2026-04-10,714,N21,VIIRS,n,2.0NRT,304.24,7.18,D
16.55114,94.37711,342.99,0.51,0.41,2026-04-10,714,N21,VIIRS,n,2.0NRT,297.88,9.37,D
16.55166,95.99865,336.37,0.43,0.46,2026-04-10,714,N21,VIIRS,l,2.0NRT,310.82,3.67,D
16.55778,97.94741,343.81,0.57,0.52,2026-04-10,714,N21,VIIRS,n,2.0NRT,310.86,18.87,D
16.5584,97.95274,346.94,0.57,0.52,2026-04-10,714,N21,VIIRS,n,2.0NRT,312.16,18.87,D
16.55875,94.60831,339.42,0.53,0.42,2026-04-10,714,N21,VIIRS,n,2.0NRT,305.88,3.34,D
16.56253,97.94682,341.83,0.57,0.52,2026-04-10,714,N21,VIIRS,l,2.0NRT,315.01,18.87,D
16.56292,95.37601,336.86,0.39,0.44,2026-04-10,714,N21,VIIRS,n,2.0NRT,305.71,9.43,D
16.56323,97.8716,345.01,0.57,0.52,2026-04-10,714,N21,VIIRS,n,2.0NRT,314.7,20.4,D
16.56956,96.59431,341.67,0.47,0.47,2026-04-10,714,N21,VIIRS,n,2.0NRT,306.8,4.24,D
16.57422,95.40032,342.58,0.39,0.44,2026-04-10,714,N21,VIIRS,n,2.0NRT,305.62,9.08,D
16.58161,95.61774,351.68,0.4,0.45,2026-04-10,714,N21,VIIRS,n,2.0NRT,305.37,15.05,D
16.58479,96.57465,338.37,0.46,0.47,2026-04-10,714,N21,VIIRS,n,2.0NRT,307.19,3.55,D
16.59205,95.50622,338.47,0.4,0.44,2026-04-10,714,N21,VIIRS,n,2.0NRT,304.58,3.95,D
16.59381,96.02912,336.03,0.43,0.46,2026-04-10,714,N21,VIIRS,n,2.0NRT,305.8,3.58,D
16.59534,96.02931,340.69,0.43,0.46,2026-04-10,714,N21,VIIRS,n,2.0NRT,305.89,3.2,D
16.5963,96.18063,349.14,0.44,0.46,2026-04-10,714,N21,VIIRS,n,2.0NRT,313.94,18.09,D
16.60365,97.91788,341.95,0.57,0.52,2026-04-10,714,N21,VIIRS,l,2.0NRT,313.58,19.06,D
16.60524,95.57629,341.39,0.4,0.44,2026-04-10,714,N21,VIIRS,n,2.0NRT,303.2,3.86,D
16.60572,95.58002,335.38,0.4,0.44,2026-04-10,714,N21,VIIRS,n,2.0NRT,302.88,4.44,D
16.60646,96.57174,335.28,0.46,0.47,2026-04-10,714,N21,VIIRS,l,2.0NRT,305.47,3.57,D
16.61283,95.66715,341.33,0.41,0.45,2026-04-10,714,N21,VIIRS,n,2.0NRT,300.33,3.25,D
16.61331,95.67093,334.34,0.41,0.45,2026-04-10,714,N21,VIIRS,n,2.0NRT,303.55,7.74,D
16.6205,95.56655,344.49,0.4,0.44,2026-04-10,714,N21,VIIRS,n,2.0NRT,305.09,12.92,D
16.62099,95.5703,342.03,0.4,0.44,2026-04-10,714,N21,VIIRS,n,2.0NRT,304.77,9.47,D
16.63303,95.59911,337.43,0.4,0.44,2026-04-10,714,N21,VIIRS,n,2.0NRT,301.37,3.38,D
16.63655,95.72192,339.64,0.41,0.45,2026-04-10,714,N21,VIIRS,n,2.0NRT,305.54,9.05,D
16.64016,95.71754,343.75,0.41,0.45,2026-04-10,714,N21,VIIRS,n,2.0NRT,306.8,10.05,D
16.64065,95.72135,354.73,0.41,0.45,2026-04-10,714,N21,VIIRS,n,2.0NRT,306.52,21.67,D
16.64108,94.71079,342.18,0.54,0.42,2026-04-10,714,N21,VIIRS,n,2.0NRT,304.3,27.9,D
16.643,94.71222,344.32,0.54,0.42,2026-04-10,714,N21,VIIRS,n,2.0NRT,305.72,35.09,D
16.64337,95.41622,342.2,0.39,0.44,2026-04-10,714,N21,VIIRS,n,2.0NRT,303.58,7.95,D
16.64493,94.71024,338.25,0.54,0.42,2026-04-10,714,N21,VIIRS,n,2.0NRT,303.57,9.81,D
16.64895,95.46031,334.43,0.4,0.44,2026-04-10,714,N21,VIIRS,n,2.0NRT,303.06,4.27,D
16.65158,95.4487,340.93,0.4,0.44,2026-04-10,714,N21,VIIRS,n,2.0NRT,304.7,8.19,D
16.65205,95.45237,342.34,0.4,0.44,2026-04-10,714,N21,VIIRS,n,2.0NRT,304.87,11.26,D
16.65602,95.71525,352.1,0.41,0.45,2026-04-10,714,N21,VIIRS,n,2.0NRT,305.79,12.56,D
16.65655,95.71527,352.49,0.41,0.45,2026-04-10,714,N21,VIIRS,n,2.0NRT,305.84,11.25,D
16.65839,95.31048,342.77,0.39,0.44,2026-04-10,714,N21,VIIRS,n,2.0NRT,305.33,7.68,D
16.65842,95.47025,344.51,0.4,0.44,2026-04-10,714,N21,VIIRS,n,2.0NRT,308.33,33.3,D
16.65889,95.47394,340.63,0.4,0.44,2026-04-10,714,N21,VIIRS,n,2.0NRT,305.04,5.56,D
16.65979,95.32131,345.34,0.39,0.44,2026-04-10,714,N21,VIIRS,n,2.0NRT,305.84,13.95,D
16.66012,95.71467,341.86,0.41,0.45,2026-04-10,714,N21,VIIRS,n,2.0NRT,304.42,12.56,D
16.66064,95.71471,342.21,0.41,0.45,2026-04-10,714,N21,VIIRS,n,2.0NRT,304.48,11.25,D
16.66238,95.30991,343.44,0.39,0.44,2026-04-10,714,N21,VIIRS,n,2.0NRT,300.88,4.42,D
16.66293,95.47337,335.55,0.4,0.44,2026-04-10,714,N21,VIIRS,l,2.0NRT,305.94,5.56,D
16.66684,94.75814,335.6,0.54,0.42,2026-04-10,714,N21,VIIRS,n,2.0NRT,302.44,3.87,D
16.66946,95.7563,350.86,0.41,0.45,2026-04-10,714,N21,VIIRS,n,2.0NRT,303.38,9.38,D
16.68179,95.75458,342.52,0.41,0.45,2026-04-10,714,N21,VIIRS,n,2.0NRT,302.35,11.03,D
16.68575,94.84304,333.2,0.55,0.42,2026-04-10,714,N21,VIIRS,n,2.0NRT,300.47,4.56,D
16.71477,95.39875,342.47,0.39,0.44,2026-04-10,714,N21,VIIRS,n,2.0NRT,305.49,7.94,D
16.71614,97.28046,350.01,0.52,0.5,2026-04-10,714,N21,VIIRS,n,2.0NRT,310.52,12.75,D
16.71705,95.33977,336.87,0.39,0.44,2026-04-10,714,N21,VIIRS,n,2.0NRT,306.81,6.6,D
16.72574,94.69861,333.49,0.54,0.42,2026-04-10,714,N21,VIIRS,n,2.0NRT,298.91,2.15,D
16.72864,95.99511,337.98,0.43,0.46,2026-04-10,714,N21,VIIRS,n,2.0NRT,307.12,2.45,D
16.73094,95.58523,335.02,0.4,0.45,2026-04-10,714,N21,VIIRS,n,2.0NRT,304.36,4.54,D
16.73459,94.67702,331.02,0.54,0.42,2026-04-10,714,N21,VIIRS,n,2.0NRT,298.04,1.48,D
16.736,95.1698,336.17,0.57,0.43,2026-04-10,714,N21,VIIRS,n,2.0NRT,299.63,10.19,D
16.74376,95.55387,335.17,0.4,0.44,2026-04-10,714,N21,VIIRS,l,2.0NRT,306.31,4.54,D
16.74376,95.55672,335.05,0.4,0.44,2026-04-10,714,N21,VIIRS,l,2.0NRT,307.08,5.88,D
16.74507,95.43266,340.43,0.4,0.44,2026-04-10,714,N21,VIIRS,n,2.0NRT,305.16,5.83,D
16.75902,95.44572,342.92,0.4,0.44,2026-04-10,714,N21,VIIRS,n,2.0NRT,302.2,5.89,D
16.7657,97.54156,343.66,0.54,0.51,2026-04-10,714,N21,VIIRS,n,2.0NRT,308.81,7.9,D
16.76628,97.5466,335.55,0.54,0.51,2026-04-10,714,N21,VIIRS,l,2.0NRT,307.37,7.9,D
16.76698,97.54404,351.36,0.54,0.51,2026-04-10,714,N21,VIIRS,n,2.0NRT,310,14.52,D
16.77071,96.05867,343.27,0.43,0.46,2026-04-10,714,N21,VIIRS,n,2.0NRT,310.36,6.52,D
16.77184,97.94381,339.39,0.58,0.52,2026-04-10,714,N21,VIIRS,l,2.0NRT,312.68,9.56,D
16.77598,97.93786,342.72,0.57,0.52,2026-04-10,714,N21,VIIRS,n,2.0NRT,311.73,9.56,D
16.77613,96.00078,335.32,0.43,0.46,2026-04-10,714,N21,VIIRS,n,2.0NRT,305.3,2.48,D
16.79606,95.95753,342.85,0.43,0.46,2026-04-10,714,N21,VIIRS,n,2.0NRT,306.68,6.28,D
16.79735,95.95478,342.8,0.43,0.46,2026-04-10,714,N21,VIIRS,n,2.0NRT,306.02,6.45,D
16.79957,96.05063,342.7,0.43,0.46,2026-04-10,714,N21,VIIRS,n,2.0NRT,308.9,4.41,D
16.80374,95.93774,340.62,0.43,0.46,2026-04-10,714,N21,VIIRS,n,2.0NRT,306.49,10.14,D
16.80423,95.9417,342.46,0.43,0.46,2026-04-10,714,N21,VIIRS,n,2.0NRT,307.42,10.14,D
16.80734,95.37532,335.54,0.39,0.44,2026-04-10,714,N21,VIIRS,l,2.0NRT,306.49,5.95,D
16.8084,95.94112,340.23,0.43,0.46,2026-04-10,714,N21,VIIRS,n,2.0NRT,304.43,5.25,D
16.81434,97.51477,339.69,0.54,0.51,2026-04-10,714,N21,VIIRS,n,2.0NRT,307.07,5.32,D
16.8381,97.51677,335.33,0.54,0.51,2026-04-10,714,N21,VIIRS,l,2.0NRT,305.77,4.01,D
16.86095,97.27522,338.05,0.52,0.5,2026-04-10,714,N21,VIIRS,l,2.0NRT,311.35,6.12,D
16.87064,97.27888,343.4,0.52,0.5,2026-04-10,714,N21,VIIRS,n,2.0NRT,311.38,4.71,D
16.87973,95.77162,332.73,0.42,0.45,2026-04-10,714,N21,VIIRS,l,2.0NRT,303.9,3.81,D
16.88897,97.90474,344.38,0.57,0.52,2026-04-10,714,N21,VIIRS,n,2.0NRT,310.36,8.65,D
16.90007,97.87624,340.08,0.57,0.52,2026-04-10,714,N21,VIIRS,n,2.0NRT,313.15,8.68,D
16.96636,97.65218,334.48,0.55,0.51,2026-04-10,714,N21,VIIRS,l,2.0NRT,308.15,5.42,D
16.96698,97.6574,335.46,0.55,0.51,2026-04-10,714,N21,VIIRS,l,2.0NRT,310.43,5.42,D
16.99405,97.84523,341.82,0.57,0.52,2026-04-10,714,N21,VIIRS,n,2.0NRT,309.39,32.06,D
16.99816,97.83929,342.91,0.57,0.52,2026-04-10,714,N21,VIIRS,n,2.0NRT,309.64,32.06,D
16.99879,97.8446,341.28,0.57,0.52,2026-04-10,714,N21,VIIRS,l,2.0NRT,315.25,32.06,D
17.02169,97.45312,341.08,0.54,0.51,2026-04-10,714,N21,VIIRS,n,2.0NRT,306.08,6.16,D
17.03516,97.56786,334.68,0.55,0.51,2026-04-10,714,N21,VIIRS,n,2.0NRT,302.83,3.34,D
17.06594,97.62783,341.04,0.55,0.51,2026-04-10,714,N21,VIIRS,n,2.0NRT,305.5,6.79,D
17.06931,97.38112,343.27,0.53,0.5,2026-04-10,714,N21,VIIRS,n,2.0NRT,307.89,9.33,D
17.14494,97.92797,333.85,0.58,0.52,2026-04-10,714,N21,VIIRS,l,2.0NRT,304.19,7.63,D
17.14516,97.92538,338.4,0.58,0.52,2026-04-10,714,N21,VIIRS,n,2.0NRT,305.89,6.1,D
17.15383,97.92118,331.4,0.58,0.52,2026-04-10,714,N21,VIIRS,l,2.0NRT,304.94,5.8,D
17.15448,97.92653,330.56,0.58,0.52,2026-04-10,714,N21,VIIRS,l,2.0NRT,302.37,5.8,D
14.11184,79.04921,367,0.54,0.68,2026-04-10,716,N21,VIIRS,h,2.0NRT,300.44,29.44,D
14.11287,79.05411,335.93,0.54,0.68,2026-04-10,716,N21,VIIRS,n,2.0NRT,293.12,29.44,D
14.33159,78.27175,339.29,0.6,0.71,2026-04-10,716,N21,VIIRS,n,2.0NRT,295.08,5.82,D
14.33292,79.06861,367,0.53,0.67,2026-04-10,716,N21,VIIRS,h,2.0NRT,298.91,20.67,D
14.33389,78.27242,330.87,0.6,0.71,2026-04-10,716,N21,VIIRS,n,2.0NRT,294.52,4.88,D
14.36163,78.96299,330.43,0.54,0.68,2026-04-10,716,N21,VIIRS,n,2.0NRT,297.6,5.46,D
14.36179,78.96365,331.77,0.54,0.68,2026-04-10,716,N21,VIIRS,n,2.0NRT,298.3,2.6,D
14.4341,79.61061,331,0.49,0.65,2026-04-10,716,N21,VIIRS,n,2.0NRT,297.66,2.89,D
14.917,79.20644,346.25,0.51,0.66,2026-04-10,716,N21,VIIRS,n,2.0NRT,296.27,8.42,D
14.92302,79.20552,332.11,0.51,0.66,2026-04-10,716,N21,VIIRS,n,2.0NRT,298.6,3.88,D
15.12473,78.55845,349.29,0.56,0.68,2026-04-10,716,N21,VIIRS,n,2.0NRT,289.08,10.86,D
15.34912,79.68443,343.54,0.46,0.64,2026-04-10,716,N21,VIIRS,n,2.0NRT,300.61,6.16,D
15.36888,78.9519,332.5,0.52,0.67,2026-04-10,716,N21,VIIRS,l,2.0NRT,303.81,2.9,D
15.46836,79.73529,341.72,0.46,0.63,2026-04-10,716,N21,VIIRS,n,2.0NRT,300.32,7.75,D
15.48169,78.91352,333.29,0.52,0.67,2026-04-10,716,N21,VIIRS,n,2.0NRT,302.33,4.61,D
15.62457,79.0144,332.89,0.51,0.66,2026-04-10,716,N21,VIIRS,n,2.0NRT,300.8,3.01,D
15.62606,78.75581,347.88,0.53,0.67,2026-04-10,716,N21,VIIRS,n,2.0NRT,297.16,35.37,D
15.62703,78.76043,354.3,0.53,0.67,2026-04-10,716,N21,VIIRS,n,2.0NRT,299.03,35.37,D
15.6273,78.75565,335.54,0.53,0.67,2026-04-10,716,N21,VIIRS,n,2.0NRT,301.39,66.89,D
15.628,78.76502,367,0.53,0.67,2026-04-10,716,N21,VIIRS,h,2.0NRT,296.83,27.19,D
15.62831,78.76031,367,0.53,0.67,2026-04-10,716,N21,VIIRS,h,2.0NRT,299.39,66.89,D
15.62933,78.76498,367,0.53,0.67,2026-04-10,716,N21,VIIRS,h,2.0NRT,297.48,27.5,D
15.63189,78.75354,354.65,0.53,0.67,2026-04-10,716,N21,VIIRS,n,2.0NRT,297.07,35.37,D
15.63286,78.75816,367,0.53,0.67,2026-04-10,716,N21,VIIRS,h,2.0NRT,298.16,35.37,D
15.63386,78.76291,349.02,0.53,0.67,2026-04-10,716,N21,VIIRS,n,2.0NRT,297.77,27.19,D
15.63417,78.75826,341.67,0.53,0.67,2026-04-10,716,N21,VIIRS,n,2.0NRT,298.21,19.26,D
15.63519,78.76293,343.04,0.53,0.67,2026-04-10,716,N21,VIIRS,n,2.0NRT,297.14,15.79,D
15.63603,78.74326,338.35,0.53,0.67,2026-04-10,716,N21,VIIRS,n,2.0NRT,296.47,13.07,D
15.63725,78.74338,337.32,0.53,0.67,2026-04-10,716,N21,VIIRS,n,2.0NRT,295.91,14.91,D
15.68116,80.26608,345.98,0.42,0.61,2026-04-10,716,N21,VIIRS,n,2.0NRT,299.54,4.68,D
15.69974,78.47218,330.92,0.55,0.68,2026-04-10,716,N21,VIIRS,l,2.0NRT,302.27,2.53,D
15.69999,78.47189,330.75,0.55,0.68,2026-04-10,716,N21,VIIRS,l,2.0NRT,302.26,3.62,D
15.8047,78.30777,340.84,0.56,0.69,2026-04-10,716,N21,VIIRS,n,2.0NRT,303.54,12.74,D
15.8117,79.67417,354.27,0.45,0.63,2026-04-10,716,N21,VIIRS,n,2.0NRT,300.85,12.03,D
15.81413,79.30927,332.87,0.48,0.65,2026-04-10,716,N21,VIIRS,n,2.0NRT,298.59,3.49,D
16.00468,79.64167,331.35,0.45,0.63,2026-04-10,716,N21,VIIRS,n,2.0NRT,299.24,4.01,D
16.04555,78.89097,332.78,0.51,0.66,2026-04-10,716,N21,VIIRS,n,2.0NRT,301.2,4.12,D
16.17219,78.70136,352.4,0.52,0.67,2026-04-10,716,N21,VIIRS,n,2.0NRT,296.04,11.17,D
16.17475,78.69464,344.44,0.52,0.67,2026-04-10,716,N21,VIIRS,n,2.0NRT,295.86,16.21,D
16.1756,78.69867,367,0.52,0.67,2026-04-10,716,N21,VIIRS,h,2.0NRT,296.77,26.3,D
16.17644,78.69208,333.16,0.52,0.67,2026-04-10,716,N21,VIIRS,n,2.0NRT,294.97,9.51,D
16.17731,78.69606,367,0.52,0.67,2026-04-10,716,N21,VIIRS,h,2.0NRT,297.7,9.51,D
16.37887,79.32156,331.41,0.47,0.64,2026-04-10,716,N21,VIIRS,l,2.0NRT,302.47,3.34,D
16.41963,81.13854,330.41,0.35,0.57,2026-04-10,716,N21,VIIRS,n,2.0NRT,300.4,2.98,D
16.47056,80.79564,345.95,0.37,0.58,2026-04-10,716,N21,VIIRS,n,2.0NRT,302.38,7.74,D
16.47171,80.77422,333.5,0.37,0.58,2026-04-10,716,N21,VIIRS,n,2.0NRT,297.15,5.13,D
16.5047,80.80257,333.87,0.37,0.58,2026-04-10,716,N21,VIIRS,l,2.0NRT,303.92,4.69,D
16.50993,80.80147,333.05,0.37,0.58,2026-04-10,716,N21,VIIRS,n,2.0NRT,301.09,4.69,D
16.51002,80.80306,333.46,0.37,0.58,2026-04-10,716,N21,VIIRS,n,2.0NRT,301.23,9.29,D
16.51436,77.09896,332.55,0.65,0.73,2026-04-10,716,N21,VIIRS,n,2.0NRT,298.26,9.26,D
16.52141,80.88443,339.99,0.36,0.58,2026-04-10,716,N21,VIIRS,n,2.0NRT,303.85,5.44,D
16.52141,80.88641,334.55,0.36,0.58,2026-04-10,716,N21,VIIRS,n,2.0NRT,303.53,5.23,D
16.52318,80.86671,335.7,0.37,0.58,2026-04-10,716,N21,VIIRS,n,2.0NRT,302.8,6.03,D
16.5233,80.86867,338.6,0.37,0.58,2026-04-10,716,N21,VIIRS,n,2.0NRT,302.11,6.49,D
16.52736,80.91634,338.39,0.36,0.58,2026-04-10,716,N21,VIIRS,n,2.0NRT,303.21,5.44,D
16.52757,80.91425,348.63,0.36,0.58,2026-04-10,716,N21,VIIRS,n,2.0NRT,303.45,3.74,D
16.53497,80.87122,347.33,0.37,0.58,2026-04-10,716,N21,VIIRS,n,2.0NRT,300.97,5.22,D
16.54018,80.87014,333.35,0.37,0.58,2026-04-10,716,N21,VIIRS,n,2.0NRT,302.23,5.63,D
16.54564,80.89673,332.18,0.36,0.58,2026-04-10,716,N21,VIIRS,l,2.0NRT,303.69,6,D
16.54631,80.90003,335.72,0.36,0.58,2026-04-10,716,N21,VIIRS,n,2.0NRT,303.14,5.98,D
16.64727,80.33306,332.69,0.39,0.6,2026-04-10,716,N21,VIIRS,n,2.0NRT,301.82,6.27,D
16.6565,79.80209,336.4,0.43,0.62,2026-04-10,716,N21,VIIRS,n,2.0NRT,303.94,4.61,D
16.68274,77.0354,334.6,0.65,0.73,2026-04-10,716,N21,VIIRS,l,2.0NRT,304.65,3.48,D
16.691,77.52141,330.99,0.61,0.71,2026-04-10,716,N21,VIIRS,l,2.0NRT,304.45,3.29,D
16.73985,80.33401,339.78,0.39,0.6,2026-04-10,716,N21,VIIRS,n,2.0NRT,298.41,1.81,D
16.74301,80.33528,342.47,0.39,0.6,2026-04-10,716,N21,VIIRS,n,2.0NRT,299.3,5.77,D
16.75137,94.63628,335,0.53,0.42,2026-04-10,716,N21,VIIRS,n,2.0NRT,302.95,3.82,D
16.79966,94.55869,337.02,0.53,0.42,2026-04-10,716,N21,VIIRS,n,2.0NRT,303.68,9.11,D
16.80464,94.5378,334.45,0.53,0.42,2026-04-10,716,N21,VIIRS,n,2.0NRT,302.35,4.04,D
16.80715,94.5275,338.76,0.53,0.42,2026-04-10,716,N21,VIIRS,n,2.0NRT,302.41,5.53,D
16.80781,94.53242,338.39,0.53,0.42,2026-04-10,716,N21,VIIRS,n,2.0NRT,303.18,5.53,D
16.82498,95.21014,343.22,0.38,0.44,2026-04-10,716,N21,VIIRS,n,2.0NRT,304.03,5.65,D
16.85147,94.97926,347.06,0.56,0.43,2026-04-10,716,N21,VIIRS,n,2.0NRT,301.01,16.31,D
16.89144,95.22268,345.71,0.39,0.44,2026-04-10,716,N21,VIIRS,n,2.0NRT,306.89,13.89,D
16.89359,95.46043,344.06,0.4,0.44,2026-04-10,716,N21,VIIRS,n,2.0NRT,305.06,6.48,D
16.91081,95.59549,341.12,0.41,0.45,2026-04-10,716,N21,VIIRS,n,2.0NRT,300.53,7.11,D
16.92006,95.73446,341.44,0.42,0.45,2026-04-10,716,N21,VIIRS,n,2.0NRT,304.48,4.22,D
16.92178,95.78158,336.39,0.42,0.45,2026-04-10,716,N21,VIIRS,l,2.0NRT,307.52,4.98,D
16.92553,79.04829,331.27,0.47,0.64,2026-04-10,716,N21,VIIRS,l,2.0NRT,303.35,3.05,D
16.93091,77.41386,340.68,0.61,0.71,2026-04-10,716,N21,VIIRS,n,2.0NRT,307.76,3.93,D
16.94507,80.84745,335.13,0.36,0.57,2026-04-10,716,N21,VIIRS,n,2.0NRT,302.12,4.98,D
16.94868,80.8436,339.75,0.36,0.57,2026-04-10,716,N21,VIIRS,n,2.0NRT,301.42,4.68,D
16.94933,80.84686,342.31,0.36,0.57,2026-04-10,716,N21,VIIRS,n,2.0NRT,302.79,5.97,D
16.94955,80.84305,330.37,0.36,0.57,2026-04-10,716,N21,VIIRS,l,2.0NRT,300.7,2.46,D
16.95023,80.84628,331.62,0.36,0.57,2026-04-10,716,N21,VIIRS,l,2.0NRT,301.84,3.34,D
16.96764,94.86021,346.73,0.55,0.43,2026-04-10,716,N21,VIIRS,n,2.0NRT,305.19,11.88,D
16.98143,95.85305,367,0.42,0.45,2026-04-10,716,N21,VIIRS,h,2.0NRT,302.95,16.29,D
16.98731,95.67829,344.38,0.41,0.45,2026-04-10,716,N21,VIIRS,n,2.0NRT,308.46,6.51,D
16.98779,95.68214,342.81,0.41,0.45,2026-04-10,716,N21,VIIRS,n,2.0NRT,308.46,6.81,D
16.99101,77.01821,333.53,0.64,0.72,2026-04-10,716,N21,VIIRS,l,2.0NRT,305.91,3.86,D
16.99778,94.99728,339.54,0.56,0.43,2026-04-10,716,N21,VIIRS,n,2.0NRT,303.74,5.88,D
16.99808,94.99874,341.13,0.56,0.43,2026-04-10,716,N21,VIIRS,n,2.0NRT,304.69,11.04,D
17.00672,95.155,343.01,0.38,0.43,2026-04-10,716,N21,VIIRS,n,2.0NRT,306.26,8.16,D
17.00943,94.93174,337.87,0.56,0.43,2026-04-10,716,N21,VIIRS,n,2.0NRT,303.58,4.26,D
17.01505,95.86894,332.99,0.42,0.46,2026-04-10,716,N21,VIIRS,n,2.0NRT,302.73,2.3,D
17.02608,95.24017,340.4,0.39,0.44,2026-04-10,716,N21,VIIRS,n,2.0NRT,301.91,9.47,D
17.03643,77.48817,345.61,0.6,0.7,2026-04-10,716,N21,VIIRS,n,2.0NRT,309.46,10.36,D
17.03699,94.95969,351.28,0.56,0.43,2026-04-10,716,N21,VIIRS,n,2.0NRT,305.09,12.22,D
17.04145,78.233,332.72,0.54,0.67,2026-04-10,716,N21,VIIRS,l,2.0NRT,302.85,2.01,D
17.07582,77.21109,335.32,0.62,0.72,2026-04-10,716,N21,VIIRS,l,2.0NRT,308.7,5.29,D
17.07693,78.30412,330.35,0.53,0.67,2026-04-10,716,N21,VIIRS,l,2.0NRT,303.37,3.48,D
17.08234,94.7509,331.26,0.55,0.42,2026-04-10,716,N21,VIIRS,l,2.0NRT,302.97,2.22,D
17.08319,96.8021,342.27,0.49,0.48,2026-04-10,716,N21,VIIRS,n,2.0NRT,304.18,4.46,D
17.10052,94.52824,338.65,0.53,0.42,2026-04-10,716,N21,VIIRS,n,2.0NRT,299.33,15.12,D
17.10297,94.7271,336.58,0.55,0.42,2026-04-10,716,N21,VIIRS,n,2.0NRT,304.45,17.71,D
17.13892,94.5528,334.42,0.53,0.42,2026-04-10,716,N21,VIIRS,n,2.0NRT,298.22,4.59,D
17.14201,94.7839,338.03,0.55,0.43,2026-04-10,716,N21,VIIRS,n,2.0NRT,304.81,5.51,D
17.15086,77.85533,336.95,0.56,0.69,2026-04-10,716,N21,VIIRS,n,2.0NRT,305.27,7.14,D
17.15471,97.92393,334.9,0.58,0.52,2026-04-10,716,N21,VIIRS,l,2.0NRT,305.24,9.17,D
17.16303,94.94472,348.76,0.56,0.43,2026-04-10,716,N21,VIIRS,n,2.0NRT,304.7,9.23,D
17.16797,94.89085,341.19,0.56,0.43,2026-04-10,716,N21,VIIRS,n,2.0NRT,303.52,7.8,D
17.16965,96.96583,331.37,0.5,0.49,2026-04-10,716,N21,VIIRS,l,2.0NRT,305.2,4.16,D
17.17509,95.77997,335.58,0.42,0.45,2026-04-10,716,N21,VIIRS,n,2.0NRT,302.72,3.55,D
17.17528,97.56375,338.47,0.55,0.51,2026-04-10,716,N21,VIIRS,n,2.0NRT,306.16,14.45,D
17.17529,95.16413,339.17,0.39,0.44,2026-04-10,716,N21,VIIRS,n,2.0NRT,303.59,2.71,D
17.17537,95.71631,343.44,0.42,0.45,2026-04-10,716,N21,VIIRS,n,2.0NRT,304.26,4.75,D
17.17588,97.56884,342.77,0.55,0.51,2026-04-10,716,N21,VIIRS,n,2.0NRT,307.81,22.2,D
17.17717,80.4371,367,0.38,0.59,2026-04-10,716,N21,VIIRS,h,2.0NRT,302.07,9.41,D
17.17949,95.71574,340.85,0.42,0.45,2026-04-10,716,N21,VIIRS,n,2.0NRT,303.85,5.24,D
17.18101,97.42149,332.19,0.54,0.51,2026-04-10,716,N21,VIIRS,l,2.0NRT,305.59,3.24,D
17.18205,97.42379,333.52,0.54,0.51,2026-04-10,716,N21,VIIRS,l,2.0NRT,305.15,6.64,D
17.18399,97.55734,351.44,0.55,0.51,2026-04-10,716,N21,VIIRS,n,2.0NRT,306.43,9.55,D
17.18467,96.71655,348.09,0.48,0.48,2026-04-10,716,N21,VIIRS,n,2.0NRT,308.95,7.18,D
17.18585,95.66753,338.4,0.41,0.45,2026-04-10,716,N21,VIIRS,l,2.0NRT,308.49,10.21,D
17.19147,95.67856,347.36,0.41,0.45,2026-04-10,716,N21,VIIRS,n,2.0NRT,306.82,7.61,D
17.194,95.67443,338.36,0.42,0.45,2026-04-10,716,N21,VIIRS,n,2.0NRT,307.34,9.79,D
17.19444,96.61526,348.11,0.48,0.48,2026-04-10,716,N21,VIIRS,n,2.0NRT,305.41,11.72,D
17.19448,95.67831,349.91,0.42,0.45,2026-04-10,716,N21,VIIRS,n,2.0NRT,307.58,13.74,D
17.1949,96.61309,342.28,0.48,0.48,2026-04-10,716,N21,VIIRS,n,2.0NRT,305.67,12.92,D
17.19559,95.67799,339.12,0.41,0.45,2026-04-10,716,N21,VIIRS,n,2.0NRT,307.48,7.61,D
17.1956,95.84135,340.89,0.42,0.46,2026-04-10,716,N21,VIIRS,n,2.0NRT,304.38,7.07,D
17.19845,95.74512,338.23,0.42,0.45,2026-04-10,716,N21,VIIRS,n,2.0NRT,303.41,6.92,D
17.20004,95.74466,341.66,0.42,0.45,2026-04-10,716,N21,VIIRS,n,2.0NRT,302.74,7.14,D
17.20211,95.74062,344.22,0.42,0.45,2026-04-10,716,N21,VIIRS,n,2.0NRT,303.89,6.92,D
17.20238,97.36262,334.76,0.53,0.5,2026-04-10,716,N21,VIIRS,n,2.0NRT,304.78,4.75,D
17.20259,95.74454,342.49,0.42,0.45,2026-04-10,716,N21,VIIRS,n,2.0NRT,302.92,6.92,D
17.20367,95.74017,343.81,0.42,0.45,2026-04-10,716,N21,VIIRS,n,2.0NRT,304.98,7.14,D
17.20418,95.74409,342.65,0.42,0.45,2026-04-10,716,N21,VIIRS,n,2.0NRT,304.61,7.14,D
17.20764,94.79255,333.34,0.55,0.43,2026-04-10,716,N21,VIIRS,n,2.0NRT,301.23,5.12,D
17.2081,97.37162,332.22,0.53,0.5,2026-04-10,716,N21,VIIRS,l,2.0NRT,303.43,7.16,D
17.2093,77.23122,349.11,0.62,0.71,2026-04-10,716,N21,VIIRS,n,2.0NRT,308.95,10,D
17.21602,97.86723,333.38,0.58,0.52,2026-04-10,716,N21,VIIRS,l,2.0NRT,306.53,8.54,D
17.21646,97.73566,335.59,0.57,0.52,2026-04-10,716,N21,VIIRS,l,2.0NRT,310.49,5.06,D
17.2339,97.31268,331.43,0.53,0.5,2026-04-10,716,N21,VIIRS,n,2.0NRT,301.45,3.33,D
17.24623,97.5782,334.63,0.55,0.51,2026-04-10,716,N21,VIIRS,l,2.0NRT,309.29,5.59,D
17.24901,95.14959,342.37,0.39,0.44,2026-04-10,716,N21,VIIRS,n,2.0NRT,303.65,5.3,D
17.25231,97.34954,334.3,0.53,0.5,2026-04-10,716,N21,VIIRS,l,2.0NRT,304.69,5.33,D
17.25266,96.3961,337.19,0.46,0.47,2026-04-10,716,N21,VIIRS,n,2.0NRT,304.74,3.5,D
17.25485,94.75918,336.7,0.55,0.43,2026-04-10,716,N21,VIIRS,n,2.0NRT,300.13,4.94,D
17.25688,97.34866,332.14,0.53,0.5,2026-04-10,716,N21,VIIRS,l,2.0NRT,305.29,6.21,D
17.25781,95.39115,339.72,0.4,0.44,2026-04-10,716,N21,VIIRS,n,2.0NRT,306.17,8.87,D
17.28591,97.2421,342.17,0.52,0.5,2026-04-10,716,N21,VIIRS,n,2.0NRT,304.32,9.2,D
17.28624,97.24047,342.52,0.52,0.5,2026-04-10,716,N21,VIIRS,n,2.0NRT,304.68,7.54,D
17.29185,94.76923,333.11,0.55,0.43,2026-04-10,716,N21,VIIRS,n,2.0NRT,299.74,4.9,D
17.29238,95.29926,336.69,0.39,0.44,2026-04-10,716,N21,VIIRS,n,2.0NRT,304.06,5.75,D
17.29361,94.90231,339.4,0.56,0.43,2026-04-10,716,N21,VIIRS,n,2.0NRT,306.11,5.94,D
17.29753,94.90173,335.79,0.56,0.43,2026-04-10,716,N21,VIIRS,n,2.0NRT,305.53,4.47,D
17.30796,95.77792,336.69,0.42,0.45,2026-04-10,716,N21,VIIRS,l,2.0NRT,307.3,5.95,D
17.30922,82.02066,334.7,0.59,0.53,2026-04-10,716,N21,VIIRS,l,2.0NRT,306.85,11.22,D
17.3114,97.62665,345.58,0.56,0.51,2026-04-10,716,N21,VIIRS,n,2.0NRT,311.84,7.67,D
17.31393,97.62753,343.76,0.56,0.51,2026-04-10,716,N21,VIIRS,n,2.0NRT,312.28,12.03,D
17.3161,97.62601,339.05,0.56,0.51,2026-04-10,716,N21,VIIRS,l,2.0NRT,309.66,7.67,D
17.32133,77.7607,330.5,0.57,0.69,2026-04-10,716,N21,VIIRS,l,2.0NRT,304.02,5.1,D
17.33019,97.29779,337.95,0.53,0.5,2026-04-10,716,N21,VIIRS,n,2.0NRT,306.58,4.5,D
17.35748,78.21578,367,0.53,0.67,2026-04-10,716,N21,VIIRS,h,2.0NRT,305.5,11.11,D
17.35827,78.21301,330.21,0.53,0.67,2026-04-10,716,N21,VIIRS,l,2.0NRT,303.23,8.75,D
17.35934,78.21779,351.54,0.53,0.67,2026-04-10,716,N21,VIIRS,n,2.0NRT,305.27,8.75,D
17.38955,96.48943,335.87,0.47,0.48,2026-04-10,716,N21,VIIRS,l,2.0NRT,306.93,6.4,D
17.39102,97.82011,337.21,0.58,0.52,2026-04-10,716,N21,VIIRS,n,2.0NRT,309.64,6.76,D
17.39361,97.4053,339.7,0.54,0.51,2026-04-10,716,N21,VIIRS,l,2.0NRT,311.4,19.05,D
17.39419,97.41043,341.82,0.54,0.51,2026-04-10,716,N21,VIIRS,n,2.0NRT,309.99,19.05,D
17.39486,97.40781,352.21,0.54,0.51,2026-04-10,716,N21,VIIRS,n,2.0NRT,314.05,32.41,D
17.39916,77.85426,333.2,0.56,0.69,2026-04-10,716,N21,VIIRS,l,2.0NRT,308.05,2.73,D
17.44197,81.41684,331.87,0.32,0.55,2026-04-10,716,N21,VIIRS,l,2.0NRT,304.5,3.58,D
17.44254,81.41967,342.03,0.32,0.55,2026-04-10,716,N21,VIIRS,n,2.0NRT,304.23,6.33,D
17.44325,97.30711,339.18,0.53,0.5,2026-04-10,716,N21,VIIRS,n,2.0NRT,304.63,19.4,D
17.44606,96.21947,332.67,0.45,0.47,2026-04-10,716,N21,VIIRS,n,2.0NRT,303.57,3.45,D
17.44622,96.15132,330.97,0.45,0.47,2026-04-10,716,N21,VIIRS,n,2.0NRT,302.83,3.14,D
17.44807,81.42155,343.13,0.32,0.55,2026-04-10,716,N21,VIIRS,n,2.0NRT,305.1,5.32,D
17.44879,97.47527,343.3,0.55,0.51,2026-04-10,716,N21,VIIRS,n,2.0NRT,310.33,21.74,D
17.46267,96.21298,335.06,0.45,0.47,2026-04-10,716,N21,VIIRS,n,2.0NRT,304.07,4.15,D
17.46434,97.40646,342.58,0.54,0.51,2026-04-10,716,N21,VIIRS,n,2.0NRT,309.85,7.3,D
17.46466,95.74592,336.97,0.42,0.45,2026-04-10,716,N21,VIIRS,n,2.0NRT,305.08,2.84,D
17.4688,80.60921,335.7,0.36,0.58,2026-04-10,716,N21,VIIRS,n,2.0NRT,300.62,10.04,D
17.47556,97.46159,367,0.55,0.51,2026-04-10,716,N21,VIIRS,h,2.0NRT,311.73,22.93,D
17.47559,97.34277,340.73,0.54,0.51,2026-04-10,716,N21,VIIRS,n,2.0NRT,305.85,10.82,D
17.48022,97.46097,338.44,0.55,0.51,2026-04-10,716,N21,VIIRS,n,2.0NRT,309.12,22.93,D
17.48171,77.59219,339.18,0.58,0.69,2026-04-10,716,N21,VIIRS,l,2.0NRT,310.12,14.03,D
17.48487,97.46036,342.53,0.55,0.51,2026-04-10,716,N21,VIIRS,n,2.0NRT,310.17,18.24,D
17.48546,97.46532,340.38,0.55,0.51,2026-04-10,716,N21,VIIRS,n,2.0NRT,305.88,8.47,D
17.48833,97.44971,367,0.54,0.51,2026-04-10,716,N21,VIIRS,h,2.0NRT,315.64,24.7,D
17.48893,97.45476,367,0.55,0.51,2026-04-10,716,N21,VIIRS,h,2.0NRT,313.96,18.24,D
17.48953,97.45976,355.61,0.55,0.51,2026-04-10,716,N21,VIIRS,n,2.0NRT,308.39,18.24,D
17.49012,97.46471,340.37,0.55,0.51,2026-04-10,716,N21,VIIRS,n,2.0NRT,305.67,8.47,D
17.50772,97.42382,341.77,0.54,0.51,2026-04-10,716,N21,VIIRS,n,2.0NRT,306.94,11.9,D
17.50854,97.42131,342.07,0.54,0.51,2026-04-10,716,N21,VIIRS,n,2.0NRT,307.56,12.98,D
17.51468,97.04128,346,0.51,0.5,2026-04-10,716,N21,VIIRS,n,2.0NRT,304.78,19.37,D
17.51521,97.04581,340.61,0.51,0.5,2026-04-10,716,N21,VIIRS,n,2.0NRT,303.66,19.37,D
17.51633,97.72715,336.23,0.57,0.52,2026-04-10,716,N21,VIIRS,n,2.0NRT,304.1,8.76,D
17.51716,97.73425,339.9,0.57,0.52,2026-04-10,716,N21,VIIRS,n,2.0NRT,304.02,15.24,D
17.51937,95.97919,349.65,0.44,0.46,2026-04-10,716,N21,VIIRS,n,2.0NRT,308.53,9.39,D
17.52113,97.72699,335.68,0.57,0.52,2026-04-10,716,N21,VIIRS,n,2.0NRT,302.82,8.76,D
17.52456,97.40607,347.29,0.54,0.51,2026-04-10,716,N21,VIIRS,n,2.0NRT,311.02,13.18,D
17.52919,97.4054,334.27,0.54,0.51,2026-04-10,716,N21,VIIRS,l,2.0NRT,307.16,11.44,D
17.52977,97.41044,335.53,0.54,0.51,2026-04-10,716,N21,VIIRS,n,2.0NRT,305.41,5.77,D
17.53353,97.95837,343.32,0.59,0.53,2026-04-10,716,N21,VIIRS,n,2.0NRT,309.95,11.22,D
17.53904,97.40903,333.2,0.54,0.51,2026-04-10,716,N21,VIIRS,l,2.0NRT,306.27,4.49,D
17.53908,80.21067,330.9,0.39,0.59,2026-04-10,716,N21,VIIRS,l,2.0NRT,302.01,2.99,D
17.54309,97.95646,335.21,0.59,0.53,2026-04-10,716,N21,VIIRS,l,2.0NRT,308.61,14.43,D
17.54378,97.96244,341.85,0.59,0.53,2026-04-10,716,N21,VIIRS,n,2.0NRT,307.99,9.54,D
17.5486,97.96181,341.76,0.59,0.53,2026-04-10,716,N21,VIIRS,n,2.0NRT,306.54,9.54,D
17.55864,81.87595,333.74,0.6,0.53,2026-04-10,716,N21,VIIRS,n,2.0NRT,296.96,5.78,D
17.56122,94.86799,331.22,0.56,0.43,2026-04-10,716,N21,VIIRS,l,2.0NRT,301.76,5.91,D
17.56796,97.57781,342.78,0.56,0.51,2026-04-10,716,N21,VIIRS,n,2.0NRT,309.29,9.41,D
17.60299,81.72614,334.95,0.61,0.54,2026-04-10,716,N21,VIIRS,n,2.0NRT,297.14,7.6,D
17.60694,78.59081,332.29,0.49,0.65,2026-04-10,716,N21,VIIRS,n,2.0NRT,300.86,2.32,D
17.60792,78.59528,339.48,0.49,0.65,2026-04-10,716,N21,VIIRS,n,2.0NRT,303.84,4.14,D
17.61825,95.64091,338.54,0.42,0.45,2026-04-10,716,N21,VIIRS,n,2.0NRT,308,7.91,D
17.62873,97.85411,340.37,0.58,0.52,2026-04-10,716,N21,VIIRS,n,2.0NRT,307.22,4.39,D
17.63544,81.48055,332.26,0.64,0.54,2026-04-10,716,N21,VIIRS,n,2.0NRT,301.09,10.85,D
17.63682,81.47737,337.84,0.63,0.54,2026-04-10,716,N21,VIIRS,n,2.0NRT,300.91,5.66,D
17.63817,97.50442,342.78,0.55,0.51,2026-04-10,716,N21,VIIRS,n,2.0NRT,305.16,6.99,D
17.64032,97.50517,347.04,0.55,0.51,2026-04-10,716,N21,VIIRS,n,2.0NRT,307.81,12.7,D
17.64285,97.50385,336.9,0.55,0.51,2026-04-10,716,N21,VIIRS,l,2.0NRT,307.5,6.99,D
17.64919,80.21474,339.11,0.38,0.59,2026-04-10,716,N21,VIIRS,n,2.0NRT,301.73,5.82,D
17.662,96.66247,353.82,0.49,0.48,2026-04-10,716,N21,VIIRS,n,2.0NRT,306.4,9.88,D
17.66976,96.65219,341.03,0.49,0.48,2026-04-10,716,N21,VIIRS,n,2.0NRT,307.13,8.86,D
17.68256,97.47756,332.84,0.55,0.51,2026-04-10,716,N21,VIIRS,l,2.0NRT,306.59,5.55,D
17.69774,97.6914,339.33,0.57,0.52,2026-04-10,716,N21,VIIRS,n,2.0NRT,303.19,6.27,D
17.69785,97.04688,343.59,0.52,0.5,2026-04-10,716,N21,VIIRS,n,2.0NRT,303.58,13.03,D
17.70126,97.47521,342.1,0.55,0.51,2026-04-10,716,N21,VIIRS,n,2.0NRT,305.58,9.12,D
17.70196,78.38428,336.66,0.51,0.66,2026-04-10,716,N21,VIIRS,l,2.0NRT,306.69,8.77,D
17.70656,97.47991,342.69,0.55,0.51,2026-04-10,716,N21,VIIRS,n,2.0NRT,307.91,9.12,D
17.70789,78.38293,334.36,0.51,0.66,2026-04-10,716,N21,VIIRS,l,2.0NRT,307.14,10.68,D
17.71789,96.90459,340.3,0.51,0.49,2026-04-10,716,N21,VIIRS,n,2.0NRT,304.88,5.63,D
17.71873,97.46249,334.99,0.55,0.51,2026-04-10,716,N21,VIIRS,l,2.0NRT,305.39,6.37,D
17.71935,97.46768,346.1,0.55,0.51,2026-04-10,716,N21,VIIRS,n,2.0NRT,304.23,6.37,D
17.71937,94.73158,336.78,0.55,0.43,2026-04-10,716,N21,VIIRS,n,2.0NRT,301.43,11.87,D
17.72029,94.73428,332.69,0.56,0.43,2026-04-10,716,N21,VIIRS,n,2.0NRT,300.61,15.04,D
17.72139,97.45938,338.97,0.55,0.51,2026-04-10,716,N21,VIIRS,n,2.0NRT,305.79,3.38,D
17.74624,79.94075,340.8,0.4,0.6,2026-04-10,716,N21,VIIRS,n,2.0NRT,302.02,8.26,D
17.74818,79.94041,344.78,0.4,0.6,2026-04-10,716,N21,VIIRS,n,2.0NRT,303.55,8.57,D
17.75261,77.82861,345.08,0.55,0.68,2026-04-10,716,N21,VIIRS,n,2.0NRT,309,7.8,D
17.75346,97.75562,330.36,0.58,0.52,2026-04-10,716,N21,VIIRS,l,2.0NRT,304.46,7.17,D
17.75461,97.75865,337.03,0.58,0.52,2026-04-10,716,N21,VIIRS,n,2.0NRT,306.01,5.21,D
17.75734,95.91852,334.84,0.44,0.46,2026-04-10,716,N21,VIIRS,n,2.0NRT,301.23,3.97,D
17.75812,95.92002,330.8,0.44,0.46,2026-04-10,716,N21,VIIRS,l,2.0NRT,301.18,2.9,D
17.76876,97.54209,347.2,0.56,0.51,2026-04-10,716,N21,VIIRS,n,2.0NRT,303.86,17.41,D
17.77344,97.54121,340.07,0.56,0.51,2026-04-10,716,N21,VIIRS,n,2.0NRT,302.24,17.41,D
17.78402,94.55341,339.56,0.54,0.42,2026-04-10,716,N21,VIIRS,n,2.0NRT,300.2,11.27,D
17.78867,81.80857,330.12,0.6,0.53,2026-04-10,716,N21,VIIRS,l,2.0NRT,303.35,4.97,D
17.78895,81.81235,340.5,0.6,0.53,2026-04-10,716,N21,VIIRS,n,2.0NRT,304.81,6.12,D
17.79064,80.52959,336.78,0.36,0.58,2026-04-10,716,N21,VIIRS,n,2.0NRT,298.87,4.79,D
17.79314,95.45266,339.29,0.41,0.45,2026-04-10,716,N21,VIIRS,n,2.0NRT,304.55,3.64,D
17.80746,97.92771,347.9,0.59,0.53,2026-04-10,716,N21,VIIRS,n,2.0NRT,303.87,18.31,D
17.80774,97.80042,336.65,0.58,0.52,2026-04-10,716,N21,VIIRS,n,2.0NRT,306.45,9.03,D
17.81003,97.86368,332.75,0.59,0.53,2026-04-10,716,N21,VIIRS,l,2.0NRT,307.39,11.65,D
17.81096,81.82253,341.86,0.6,0.53,2026-04-10,716,N21,VIIRS,n,2.0NRT,309.48,7.56,D
17.81163,81.82424,341.96,0.6,0.53,2026-04-10,716,N21,VIIRS,n,2.0NRT,308.82,10.09,D
17.81755,97.63329,332.91,0.57,0.52,2026-04-10,716,N21,VIIRS,n,2.0NRT,300.88,3.8,D
17.82158,97.92284,334.44,0.59,0.53,2026-04-10,716,N21,VIIRS,n,2.0NRT,301.24,4.51,D
17.82286,97.32454,335.55,0.54,0.51,2026-04-10,716,N21,VIIRS,n,2.0NRT,300.69,7.33,D
17.82409,97.32689,336.62,0.54,0.51,2026-04-10,716,N21,VIIRS,n,2.0NRT,300.6,4.81,D
17.82829,95.89802,342.01,0.44,0.46,2026-04-10,716,N21,VIIRS,n,2.0NRT,304.02,12.99,D
17.82882,97.94361,341.64,0.59,0.53,2026-04-10,716,N21,VIIRS,n,2.0NRT,304.9,11.31,D
17.83251,95.89748,341.38,0.44,0.46,2026-04-10,716,N21,VIIRS,n,2.0NRT,303.48,10.18,D
17.83395,95.51762,339.05,0.41,0.45,2026-04-10,716,N21,VIIRS,n,2.0NRT,307.96,7.88,D
17.84171,94.68285,330.31,0.55,0.43,2026-04-10,716,N21,VIIRS,n,2.0NRT,299.63,7.18,D
17.84242,94.68855,332.14,0.55,0.43,2026-04-10,716,N21,VIIRS,n,2.0NRT,299.64,7.18,D
17.84474,97.3101,339.92,0.54,0.51,2026-04-10,716,N21,VIIRS,n,2.0NRT,299.95,8.42,D
17.85476,97.95619,344.56,0.6,0.53,2026-04-10,716,N21,VIIRS,n,2.0NRT,306.23,9.62,D
17.85547,97.96239,344.26,0.6,0.53,2026-04-10,716,N21,VIIRS,n,2.0NRT,307.29,9.62,D
17.85602,95.39342,342.43,0.41,0.45,2026-04-10,716,N21,VIIRS,n,2.0NRT,305.68,20.25,D
17.86689,97.89143,339.69,0.59,0.53,2026-04-10,716,N21,VIIRS,n,2.0NRT,306.13,13.4,D
17.8675,96.77538,335.02,0.5,0.49,2026-04-10,716,N21,VIIRS,l,2.0NRT,307.44,5.53,D
17.86756,97.89724,340.66,0.59,0.53,2026-04-10,716,N21,VIIRS,n,2.0NRT,306.13,11.22,D
17.87285,97.90065,333.36,0.59,0.53,2026-04-10,716,N21,VIIRS,l,2.0NRT,307.07,11.22,D
17.8736,96.96308,336,0.51,0.49,2026-04-10,716,N21,VIIRS,n,2.0NRT,305.56,6.89,D
17.88516,97.96426,335.49,0.6,0.53,2026-04-10,716,N21,VIIRS,l,2.0NRT,306.15,4.74,D
17.88623,81.95152,343.86,0.58,0.52,2026-04-10,716,N21,VIIRS,n,2.0NRT,302.15,10.22,D
17.88928,97.96638,335.47,0.6,0.53,2026-04-10,716,N21,VIIRS,l,2.0NRT,305.83,10.17,D
17.89048,97.9678,332.35,0.6,0.53,2026-04-10,716,N21,VIIRS,l,2.0NRT,305.65,4.74,D
17.9034,95.07516,344.05,0.39,0.44,2026-04-10,716,N21,VIIRS,n,2.0NRT,306.8,10.52,D
17.90692,95.07082,336.39,0.39,0.44,2026-04-10,716,N21,VIIRS,n,2.0NRT,303.47,4.27,D
17.91932,97.58649,340.75,0.56,0.52,2026-04-10,716,N21,VIIRS,n,2.0NRT,305.17,15.88,D
17.93121,96.73856,339.24,0.5,0.49,2026-04-10,716,N21,VIIRS,n,2.0NRT,307.34,5.16,D
17.9351,96.73332,348.29,0.5,0.49,2026-04-10,716,N21,VIIRS,n,2.0NRT,309.05,10.26,D
17.93549,97.37209,340.19,0.55,0.51,2026-04-10,716,N21,VIIRS,n,2.0NRT,301.6,45.94,D
17.93647,97.36878,351.11,0.55,0.51,2026-04-10,716,N21,VIIRS,n,2.0NRT,301.85,31.11,D
17.93969,97.36749,341.07,0.55,0.51,2026-04-10,716,N21,VIIRS,n,2.0NRT,302.04,45.94,D
17.94075,79.65891,331.64,0.41,0.61,2026-04-10,716,N21,VIIRS,l,2.0NRT,302.3,4.6,D
17.94115,97.36838,335.61,0.55,0.51,2026-04-10,716,N21,VIIRS,n,2.0NRT,302.17,37.37,D
17.94158,97.73718,335.73,0.58,0.52,2026-04-10,716,N21,VIIRS,n,2.0NRT,305.33,4.14,D
17.94417,97.97369,345.27,0.6,0.53,2026-04-10,716,N21,VIIRS,n,2.0NRT,305.8,9.16,D
17.94796,94.4848,330.68,0.54,0.42,2026-04-10,716,N21,VIIRS,n,2.0NRT,300.26,2.91,D
17.9485,80.21348,346.84,0.38,0.59,2026-04-10,716,N21,VIIRS,n,2.0NRT,302.98,13.3,D
17.94853,97.59028,342.73,0.56,0.52,2026-04-10,716,N21,VIIRS,n,2.0NRT,304.06,13.8,D
17.95009,97.58889,349.76,0.57,0.52,2026-04-10,716,N21,VIIRS,n,2.0NRT,305.39,11.09,D
17.95301,97.79404,355.61,0.58,0.52,2026-04-10,716,N21,VIIRS,n,2.0NRT,305.64,14.53,D
17.95355,97.79872,335.74,0.58,0.52,2026-04-10,716,N21,VIIRS,n,2.0NRT,304.71,8.72,D
17.95779,97.79335,335.96,0.58,0.52,2026-04-10,716,N21,VIIRS,l,2.0NRT,306.24,14.53,D
17.95835,97.79822,342.31,0.58,0.52,2026-04-10,716,N21,VIIRS,n,2.0NRT,304.19,8.72,D
17.95956,97.9362,346.57,0.6,0.53,2026-04-10,716,N21,VIIRS,n,2.0NRT,310.11,11.65,D
17.96544,95.05103,352.27,0.39,0.44,2026-04-10,716,N21,VIIRS,n,2.0NRT,295.01,7.28,D
17.9699,95.05405,342.69,0.39,0.44,2026-04-10,716,N21,VIIRS,n,2.0NRT,298.2,7.28,D
17.97039,95.05784,339.26,0.39,0.44,2026-04-10,716,N21,VIIRS,n,2.0NRT,301.88,7.36,D
17.97343,97.76092,333.48,0.58,0.52,2026-04-10,716,N21,VIIRS,l,2.0NRT,304.83,7.15,D
17.97404,97.76605,335.94,0.58,0.52,2026-04-10,716,N21,VIIRS,l,2.0NRT,306.02,5.5,D
17.97433,97.76521,342.04,0.58,0.52,2026-04-10,716,N21,VIIRS,n,2.0NRT,306.28,11.11,D
17.97635,95.07229,336.23,0.39,0.44,2026-04-10,716,N21,VIIRS,n,2.0NRT,301.42,6.28,D
17.97639,97.9544,337.34,0.6,0.53,2026-04-10,716,N21,VIIRS,n,2.0NRT,306.17,7.74,D
17.97791,95.053,367,0.39,0.44,2026-04-10,716,N21,VIIRS,h,2.0NRT,302.04,10.66,D
17.97822,97.76033,341.33,0.58,0.52,2026-04-10,716,N21,VIIRS,n,2.0NRT,305.59,7.09,D
17.97855,97.75948,349.46,0.58,0.52,2026-04-10,716,N21,VIIRS,n,2.0NRT,305.24,7.13,D
17.9788,97.76529,338.11,0.58,0.52,2026-04-10,716,N21,VIIRS,n,2.0NRT,305.95,8.26,D
17.9791,97.76447,333.94,0.58,0.52,2026-04-10,716,N21,VIIRS,l,2.0NRT,305.08,7.13,D
17.97956,95.04968,334.13,0.39,0.44,2026-04-10,716,N21,VIIRS,n,2.0NRT,301.4,28.04,D
17.97965,97.76936,330.58,0.58,0.52,2026-04-10,716,N21,VIIRS,l,2.0NRT,303.97,5.46,D
17.98003,95.05349,334.68,0.39,0.44,2026-04-10,716,N21,VIIRS,n,2.0NRT,305.25,28.04,D
17.9805,95.0573,340.87,0.39,0.44,2026-04-10,716,N21,VIIRS,n,2.0NRT,300.16,23.23,D
17.98241,97.75472,330,0.58,0.52,2026-04-10,716,N21,VIIRS,l,2.0NRT,302.89,7.09,D
17.98536,97.77979,340.28,0.58,0.52,2026-04-10,716,N21,VIIRS,n,2.0NRT,305.37,9.46,D
17.98556,97.77889,340.67,0.58,0.52,2026-04-10,716,N21,VIIRS,n,2.0NRT,305.44,10.53,D
17.988,95.82743,351.15,0.43,0.46,2026-04-10,716,N21,VIIRS,n,2.0NRT,306.14,14.08,D
17.98806,97.84408,334.69,0.59,0.53,2026-04-10,716,N21,VIIRS,n,2.0NRT,303.5,11.58,D
17.98834,97.84831,341.53,0.59,0.53,2026-04-10,716,N21,VIIRS,n,2.0NRT,304.47,25.11,D
17.98862,97.84893,340.1,0.59,0.53,2026-04-10,716,N21,VIIRS,n,2.0NRT,304.51,15.78,D
17.99018,97.77945,331.57,0.58,0.52,2026-04-10,716,N21,VIIRS,n,2.0NRT,305.06,2.13,D
17.99086,97.78514,344.69,0.58,0.52,2026-04-10,716,N21,VIIRS,n,2.0NRT,305.26,18.73,D
17.991,97.78422,339.57,0.58,0.52,2026-04-10,716,N21,VIIRS,n,2.0NRT,304.74,9.9,D
17.99146,97.83239,339.78,0.59,0.53,2026-04-10,716,N21,VIIRS,n,2.0NRT,303.5,5.99,D
17.99162,97.78976,339.94,0.58,0.52,2026-04-10,716,N21,VIIRS,n,2.0NRT,306.3,6.84,D
17.99164,97.83305,335.56,0.59,0.53,2026-04-10,716,N21,VIIRS,n,2.0NRT,303.35,6.9,D
17.99279,97.84283,341.13,0.59,0.53,2026-04-10,716,N21,VIIRS,n,2.0NRT,304.8,11.58,D
17.99311,97.8473,344.62,0.59,0.53,2026-04-10,716,N21,VIIRS,n,2.0NRT,307,25.11,D
17.99339,97.84798,341.6,0.59,0.53,2026-04-10,716,N21,VIIRS,n,2.0NRT,305.83,15.78,D
17.99394,97.81075,347.82,0.59,0.53,2026-04-10,716,N21,VIIRS,n,2.0NRT,305.35,15.13,D
17.99398,97.81157,350,0.59,0.52,2026-04-10,716,N21,VIIRS,n,2.0NRT,305.58,11.5,D
17.99413,95.30461,339.05,0.4,0.44,2026-04-10,716,N21,VIIRS,n,2.0NRT,304.54,7.23,D
17.99474,95.37403,338.81,0.41,0.45,2026-04-10,716,N21,VIIRS,n,2.0NRT,304.8,5.49,D
17.99643,97.7893,330.58,0.58,0.52,2026-04-10,716,N21,VIIRS,l,2.0NRT,305.24,6.84,D
17.99688,97.7949,332.84,0.58,0.52,2026-04-10,716,N21,VIIRS,l,2.0NRT,304.65,12.04,D
17.99712,97.49679,291.45,0.56,0.51,2026-04-10,716,N21,VIIRS,l,2.0NRT,304.44,78.27,D
17.99757,97.50067,340.29,0.56,0.51,2026-04-10,716,N21,VIIRS,n,2.0NRT,301.28,66.86,D
17.99809,95.49889,344.95,0.41,0.45,2026-04-10,716,N21,VIIRS,n,2.0NRT,304.66,6.68,D
17.9981,97.80525,338.34,0.58,0.52,2026-04-10,716,N21,VIIRS,n,2.0NRT,305.03,11.5,D
17.99811,97.80444,337.28,0.59,0.52,2026-04-10,716,N21,VIIRS,n,2.0NRT,304.47,15.26,D
17.9992,82.85336,331.54,0.51,0.49,2026-04-10,716,N21,VIIRS,n,2.0NRT,297.52,4.58,D
18.00482,97.43989,330.15,0.55,0.51,2026-04-10,716,N21,VIIRS,l,2.0NRT,302.85,5.58,D
18.00565,95.52556,338.25,0.42,0.45,2026-04-10,716,N21,VIIRS,n,2.0NRT,304.44,3.17,D
18.0142,81.8682,348.23,0.59,0.53,2026-04-10,716,N21,VIIRS,n,2.0NRT,308.24,50.85,D
18.01432,81.87114,341.01,0.59,0.53,2026-04-10,716,N21,VIIRS,n,2.0NRT,306.24,60.21,D
18.01913,95.80258,345.28,0.43,0.46,2026-04-10,716,N21,VIIRS,n,2.0NRT,304.47,8.38,D
18.02081,97.78983,334.51,0.58,0.52,2026-04-10,716,N21,VIIRS,l,2.0NRT,304.6,3.34,D
18.02393,78.47575,330.71,0.49,0.65,2026-04-10,716,N21,VIIRS,l,2.0NRT,305.12,3.36,D
18.0249,78.4802,332.89,0.49,0.65,2026-04-10,716,N21,VIIRS,l,2.0NRT,306.66,3.36,D
18.02526,97.4521,335.68,0.55,0.51,2026-04-10,716,N21,VIIRS,n,2.0NRT,299.83,4.29,D
18.02797,97.64015,332.58,0.57,0.52,2026-04-10,716,N21,VIIRS,l,2.0NRT,302.58,5.67,D
18.03269,78.45959,335.46,0.49,0.65,2026-04-10,716,N21,VIIRS,l,2.0NRT,306.18,7.3,D
18.03581,97.75082,341.43,0.58,0.52,2026-04-10,716,N21,VIIRS,n,2.0NRT,306.98,8.97,D
18.03803,97.00452,340,0.52,0.5,2026-04-10,716,N21,VIIRS,n,2.0NRT,301.28,6.96,D
18.03835,81.89312,341.86,0.59,0.53,2026-04-10,716,N21,VIIRS,n,2.0NRT,307.95,15.39,D
18.03949,81.89552,340.54,0.59,0.52,2026-04-10,716,N21,VIIRS,n,2.0NRT,306.56,8.54,D
18.03997,97.74478,331.52,0.58,0.52,2026-04-10,716,N21,VIIRS,l,2.0NRT,305.5,5.99,D
18.04737,97.59999,331.61,0.57,0.52,2026-04-10,716,N21,VIIRS,n,2.0NRT,304.79,4.87,D
18.05079,97.8825,333.39,0.59,0.53,2026-04-10,716,N21,VIIRS,n,2.0NRT,304,4.46,D
18.05105,97.4289,330.61,0.55,0.51,2026-04-10,716,N21,VIIRS,n,2.0NRT,299.54,5.93,D
18.05216,78.36118,330.09,0.5,0.66,2026-04-10,716,N21,VIIRS,l,2.0NRT,303.34,3.09,D
18.05228,97.20811,339.56,0.54,0.5,2026-04-10,716,N21,VIIRS,n,2.0NRT,302.96,32.59,D
18.05365,81.94138,342.81,0.58,0.52,2026-04-10,716,N21,VIIRS,n,2.0NRT,302.91,22.5,D
18.05495,78.36346,330.48,0.5,0.66,2026-04-10,716,N21,VIIRS,l,2.0NRT,304.1,3.74,D
18.05847,81.9409,330.77,0.58,0.52,2026-04-10,716,N21,VIIRS,n,2.0NRT,303.35,4.81,D
18.05977,97.87534,338.33,0.59,0.53,2026-04-10,716,N21,VIIRS,n,2.0NRT,303.51,7.95,D
18.06528,97.88072,335.2,0.59,0.53,2026-04-10,716,N21,VIIRS,n,2.0NRT,303.94,7.76,D
18.06731,97.42314,334.42,0.55,0.51,2026-04-10,716,N21,VIIRS,l,2.0NRT,307.19,141.91,D
18.06755,95.5622,332.96,0.42,0.45,2026-04-10,716,N21,VIIRS,l,2.0NRT,303.34,2.14,D
18.06791,97.7347,332.9,0.58,0.52,2026-04-10,716,N21,VIIRS,l,2.0NRT,305.85,6.98,D
18.06908,95.11253,354.86,0.39,0.44,2026-04-10,716,N21,VIIRS,n,2.0NRT,304.75,14.01,D
18.07082,97.88633,331.69,0.59,0.53,2026-04-10,716,N21,VIIRS,l,2.0NRT,303.63,5.15,D
18.07437,97.48551,350.16,0.56,0.51,2026-04-10,716,N21,VIIRS,n,2.0NRT,313.39,308.28,D
18.07584,97.80285,333.15,0.59,0.53,2026-04-10,716,N21,VIIRS,n,2.0NRT,303.81,4.02,D
18.07635,97.72388,332.37,0.58,0.52,2026-04-10,716,N21,VIIRS,l,2.0NRT,304.95,8.71,D
18.07655,97.72157,331.94,0.58,0.52,2026-04-10,716,N21,VIIRS,l,2.0NRT,304.87,4.74,D
18.08396,82.47425,340.19,0.54,0.51,2026-04-10,716,N21,VIIRS,n,2.0NRT,303.21,7.28,D
18.08447,97.49055,339.89,0.56,0.51,2026-04-10,716,N21,VIIRS,n,2.0NRT,299.62,28.39,D
18.08594,97.72305,347.42,0.58,0.52,2026-04-10,716,N21,VIIRS,n,2.0NRT,307.98,12.3,D
18.08653,97.72802,350.16,0.58,0.52,2026-04-10,716,N21,VIIRS,n,2.0NRT,310.37,12.3,D
18.08672,97.72593,355.13,0.58,0.52,2026-04-10,716,N21,VIIRS,n,2.0NRT,309.95,20.14,D
18.08922,97.66893,333.08,0.57,0.52,2026-04-10,716,N21,VIIRS,n,2.0NRT,302.96,4.97,D
18.08974,97.66586,335.25,0.57,0.52,2026-04-10,716,N21,VIIRS,n,2.0NRT,302.8,4.05,D
18.09295,97.82662,335.9,0.59,0.53,2026-04-10,716,N21,VIIRS,n,2.0NRT,300.95,6.93,D
18.09346,97.82849,335.16,0.59,0.53,2026-04-10,716,N21,VIIRS,n,2.0NRT,300.86,3.28,D
18.09558,97.80624,336.52,0.59,0.53,2026-04-10,716,N21,VIIRS,n,2.0NRT,305.75,6.84,D
18.09595,97.80811,332.22,0.59,0.53,2026-04-10,716,N21,VIIRS,l,2.0NRT,305.35,5.84,D
18.09652,96.40008,332.16,0.47,0.48,2026-04-10,716,N21,VIIRS,n,2.0NRT,297.9,3.56,D
18.10224,81.98811,339.74,0.58,0.52,2026-04-10,716,N21,VIIRS,n,2.0NRT,302.95,7.34,D
18.10394,97.45233,333.29,0.56,0.51,2026-04-10,716,N21,VIIRS,n,2.0NRT,292.84,8.74,D
18.10519,97.71767,338.51,0.58,0.52,2026-04-10,716,N21,VIIRS,n,2.0NRT,305.57,5.58,D
18.10815,97.44757,335.21,0.56,0.51,2026-04-10,716,N21,VIIRS,n,2.0NRT,299.23,2.67,D
18.10935,97.7115,335.61,0.58,0.52,2026-04-10,716,N21,VIIRS,n,2.0NRT,305.14,8.82,D
18.10942,97.50005,334.28,0.56,0.51,2026-04-10,716,N21,VIIRS,n,2.0NRT,300.23,211.86,D
18.10988,95.09889,344.87,0.39,0.44,2026-04-10,716,N21,VIIRS,n,2.0NRT,303.32,8.61,D
18.11133,97.64313,331.65,0.57,0.52,2026-04-10,716,N21,VIIRS,n,2.0NRT,299.29,4.24,D
18.11358,97.70602,330.66,0.58,0.52,2026-04-10,716,N21,VIIRS,l,2.0NRT,305.38,3.11,D
18.11715,82.85139,339.78,0.51,0.49,2026-04-10,716,N21,VIIRS,n,2.0NRT,293.71,15.17,D
18.127,97.86961,332.04,0.59,0.53,2026-04-10,716,N21,VIIRS,n,2.0NRT,302.76,11.19,D
18.12993,94.50698,335.5,0.54,0.42,2026-04-10,716,N21,VIIRS,n,2.0NRT,299.27,4.42,D
18.13109,94.50429,333.83,0.55,0.42,2026-04-10,716,N21,VIIRS,n,2.0NRT,299.83,5.94,D
18.13118,97.86321,341.45,0.59,0.53,2026-04-10,716,N21,VIIRS,n,2.0NRT,305.02,11.19,D
18.13185,97.86917,340.58,0.59,0.53,2026-04-10,716,N21,VIIRS,n,2.0NRT,305.68,11.19,D
18.13208,97.69843,344.15,0.58,0.52,2026-04-10,716,N21,VIIRS,n,2.0NRT,306.08,7,D
18.13348,77.2064,335.82,0.59,0.7,2026-04-10,716,N21,VIIRS,l,2.0NRT,308.6,5.89,D
18.13586,77.20506,336.17,0.59,0.7,2026-04-10,716,N21,VIIRS,l,2.0NRT,308.37,4.17,D
18.13628,97.69273,349.64,0.58,0.52,2026-04-10,716,N21,VIIRS,n,2.0NRT,306.96,18.49,D
18.13874,95.59247,337.36,0.42,0.45,2026-04-10,716,N21,VIIRS,n,2.0NRT,306.71,5.35,D
18.1441,97.67661,336.56,0.58,0.52,2026-04-10,716,N21,VIIRS,n,2.0NRT,302.69,7.01,D
18.14577,78.3932,330.77,0.5,0.65,2026-04-10,716,N21,VIIRS,l,2.0NRT,304.72,3.35,D
18.14577,96.06344,335.12,0.45,0.47,2026-04-10,716,N21,VIIRS,n,2.0NRT,302.92,5.96,D
18.15185,97.4951,351.97,0.56,0.51,2026-04-10,716,N21,VIIRS,n,2.0NRT,299.18,12.53,D
18.15845,95.5619,335.03,0.42,0.45,2026-04-10,716,N21,VIIRS,n,2.0NRT,304.23,2.6,D
18.1626,95.56133,339.2,0.42,0.45,2026-04-10,716,N21,VIIRS,n,2.0NRT,303.14,2.41,D
18.16308,95.56528,338.36,0.42,0.45,2026-04-10,716,N21,VIIRS,n,2.0NRT,305.81,6.41,D
18.16404,95.57317,338.66,0.42,0.45,2026-04-10,716,N21,VIIRS,n,2.0NRT,306.1,7.91,D
18.1858,97.52267,331.17,0.56,0.52,2026-04-10,716,N21,VIIRS,n,2.0NRT,298.11,9.44,D
18.18722,80.09874,331.8,0.38,0.59,2026-04-10,716,N21,VIIRS,n,2.0NRT,300.61,1.88,D
18.18727,94.54191,348.62,0.55,0.43,2026-04-10,716,N21,VIIRS,n,2.0NRT,302.19,42.73,D
18.19053,97.52217,339.8,0.56,0.52,2026-04-10,716,N21,VIIRS,n,2.0NRT,300.64,9.44,D
18.19205,78.19298,331.17,0.51,0.66,2026-04-10,716,N21,VIIRS,l,2.0NRT,305.24,7.29,D
18.20588,96.83768,335.23,0.51,0.49,2026-04-10,716,N21,VIIRS,n,2.0NRT,300.56,2.97,D
18.21102,82.32157,339.77,0.55,0.51,2026-04-10,716,N21,VIIRS,n,2.0NRT,308.05,3.49,D
18.21598,95.8611,341.35,0.44,0.46,2026-04-10,716,N21,VIIRS,n,2.0NRT,303.48,11.32,D
18.21625,96.46451,334.04,0.48,0.48,2026-04-10,716,N21,VIIRS,n,2.0NRT,299.51,3.17,D
18.22056,96.96548,331.52,0.52,0.5,2026-04-10,716,N21,VIIRS,n,2.0NRT,302.84,5.12,D
18.22401,97.00336,336,0.52,0.5,2026-04-10,716,N21,VIIRS,n,2.0NRT,300.02,8.64,D
18.22465,97.00143,339.89,0.52,0.5,2026-04-10,716,N21,VIIRS,n,2.0NRT,299.97,5.81,D
18.22718,97.38432,336.21,0.55,0.51,2026-04-10,716,N21,VIIRS,n,2.0NRT,299.53,94.48,D
18.2296,94.87051,339.29,0.38,0.43,2026-04-10,716,N21,VIIRS,n,2.0NRT,296.64,3.74,D
18.23207,97.02596,331.45,0.52,0.5,2026-04-10,716,N21,VIIRS,n,2.0NRT,300.02,4.04,D
18.23209,80.42098,331.2,0.36,0.58,2026-04-10,716,N21,VIIRS,l,2.0NRT,304.99,2.05,D
18.23234,97.38786,342.84,0.55,0.51,2026-04-10,716,N21,VIIRS,n,2.0NRT,301.38,349.35,D
18.23358,94.87006,348.2,0.38,0.43,2026-04-10,716,N21,VIIRS,n,2.0NRT,297.82,5.37,D
18.23478,82.25122,336.26,0.55,0.51,2026-04-10,716,N21,VIIRS,n,2.0NRT,301.82,12.03,D
18.23576,97.7528,330.9,0.58,0.52,2026-04-10,716,N21,VIIRS,l,2.0NRT,304.12,6.84,D
18.23707,94.86589,332.61,0.38,0.43,2026-04-10,716,N21,VIIRS,n,2.0NRT,297.23,5.37,D
18.24091,97.31217,339.39,0.55,0.51,2026-04-10,716,N21,VIIRS,n,2.0NRT,299.45,15.57,D
18.24158,97.71825,337.22,0.58,0.52,2026-04-10,716,N21,VIIRS,n,2.0NRT,303.97,4.23,D
18.2425,97.31324,345.48,0.55,0.51,2026-04-10,716,N21,VIIRS,n,2.0NRT,300.21,9.27,D
18.24274,97.51807,334.76,0.56,0.52,2026-04-10,716,N21,VIIRS,n,2.0NRT,301.36,9.56,D
18.24294,96.8804,332.06,0.51,0.49,2026-04-10,716,N21,VIIRS,n,2.0NRT,298.38,10.28,D
18.24322,97.52224,337.38,0.56,0.52,2026-04-10,716,N21,VIIRS,n,2.0NRT,300.66,10.39,D
18.24371,97.52644,339.56,0.56,0.52,2026-04-10,716,N21,VIIRS,n,2.0NRT,299.75,10.39,D
18.24581,97.71281,337.17,0.58,0.52,2026-04-10,716,N21,VIIRS,n,2.0NRT,305.22,11,D
18.24801,80.9791,332.98,0.33,0.55,2026-04-10,716,N21,VIIRS,n,2.0NRT,302.14,2.66,D
18.25192,97.72386,331.98,0.58,0.52,2026-04-10,716,N21,VIIRS,l,2.0NRT,303.58,7.34,D
18.25431,97.70223,334.36,0.58,0.52,2026-04-10,716,N21,VIIRS,n,2.0NRT,300.78,6.79,D
18.25623,97.15592,344.91,0.53,0.5,2026-04-10,716,N21,VIIRS,n,2.0NRT,307.65,87.39,D
18.25853,97.69675,339.58,0.58,0.52,2026-04-10,716,N21,VIIRS,n,2.0NRT,303.39,6.79,D
18.2633,97.69609,336.9,0.58,0.52,2026-04-10,716,N21,VIIRS,n,2.0NRT,304.83,8.61,D
18.26456,97.79202,333.03,0.59,0.53,2026-04-10,716,N21,VIIRS,n,2.0NRT,302.58,6.09,D
18.26915,81.03204,342.28,0.33,0.55,2026-04-10,716,N21,VIIRS,n,2.0NRT,300.45,3.31,D
18.26976,81.03506,331.36,0.33,0.55,2026-04-10,716,N21,VIIRS,l,2.0NRT,301.41,3.31,D
18.2733,96.98206,333.16,0.52,0.5,2026-04-10,716,N21,VIIRS,n,2.0NRT,299.36,5.76,D
18.27799,81.17817,330.31,0.32,0.55,2026-04-10,716,N21,VIIRS,l,2.0NRT,305.01,3.19,D
18.28772,96.94772,342.26,0.52,0.5,2026-04-10,716,N21,VIIRS,n,2.0NRT,308.03,51.87,D
18.29093,80.91113,333.82,0.34,0.56,2026-04-10,716,N21,VIIRS,n,2.0NRT,301.01,3.14,D
18.29137,94.51082,340.43,0.55,0.43,2026-04-10,716,N21,VIIRS,n,2.0NRT,300.95,7.04,D
18.29166,97.94392,334.2,0.6,0.53,2026-04-10,716,N21,VIIRS,l,2.0NRT,309.01,7.43,D
18.29282,80.31807,330.66,0.37,0.58,2026-04-10,716,N21,VIIRS,l,2.0NRT,301.86,3.21,D
18.29472,97.66981,333.06,0.58,0.52,2026-04-10,716,N21,VIIRS,n,2.0NRT,302.17,5.11,D
18.29489,97.75994,333.03,0.59,0.53,2026-04-10,716,N21,VIIRS,n,2.0NRT,301.36,5.71,D
18.29505,97.76043,332.96,0.59,0.53,2026-04-10,716,N21,VIIRS,n,2.0NRT,301.35,7.7,D
18.2989,97.79674,335.79,0.59,0.53,2026-04-10,716,N21,VIIRS,n,2.0NRT,300.03,6.2,D
18.29904,97.67001,351.41,0.58,0.52,2026-04-10,716,N21,VIIRS,n,2.0NRT,303.48,9.03,D
18.29933,97.7972,337.05,0.59,0.53,2026-04-10,716,N21,VIIRS,n,2.0NRT,300.16,6.36,D
18.29951,97.66933,347.6,0.58,0.52,2026-04-10,716,N21,VIIRS,n,2.0NRT,303.06,11.52,D
18.30274,97.2746,339,0.54,0.51,2026-04-10,716,N21,VIIRS,n,2.0NRT,299.51,6.47,D
18.30414,80.0637,367,0.38,0.59,2026-04-10,716,N21,VIIRS,h,2.0NRT,299.13,8.42,D
18.30444,97.67475,339.19,0.58,0.52,2026-04-10,716,N21,VIIRS,n,2.0NRT,302.88,9.03,D
18.30487,97.67406,338.91,0.58,0.52,2026-04-10,716,N21,VIIRS,n,2.0NRT,302.66,6.32,D
18.30545,97.67931,330.16,0.58,0.52,2026-04-10,716,N21,VIIRS,l,2.0NRT,301.46,6.32,D
18.30596,80.06456,367,0.38,0.59,2026-04-10,716,N21,VIIRS,h,2.0NRT,300.78,12.34,D
18.30783,97.70079,332.91,0.58,0.52,2026-04-10,716,N21,VIIRS,l,2.0NRT,303.28,6.5,D
18.31,96.72997,337.18,0.5,0.49,2026-04-10,716,N21,VIIRS,n,2.0NRT,304.44,6.23,D
18.31742,97.69971,331.51,0.58,0.52,2026-04-10,716,N21,VIIRS,l,2.0NRT,302.8,14.26,D
18.32213,96.56313,339.34,0.49,0.48,2026-04-10,716,N21,VIIRS,n,2.0NRT,304.89,8,D
18.32285,94.44965,354.04,0.54,0.42,2026-04-10,716,N21,VIIRS,n,2.0NRT,303.63,21.31,D
18.32407,94.44711,343.32,0.54,0.42,2026-04-10,716,N21,VIIRS,n,2.0NRT,302.13,7.97,D
18.32471,94.45219,338.38,0.54,0.42,2026-04-10,716,N21,VIIRS,n,2.0NRT,301.41,7.33,D
18.32869,97.75737,348.79,0.59,0.53,2026-04-10,716,N21,VIIRS,n,2.0NRT,302.48,11.74,D
18.33056,96.26419,337.56,0.47,0.48,2026-04-10,716,N21,VIIRS,n,2.0NRT,293.61,4.81,D
18.33061,77.26295,334.94,0.58,0.7,2026-04-10,716,N21,VIIRS,l,2.0NRT,307.52,6.18,D
18.33435,81.22134,330.25,0.32,0.55,2026-04-10,716,N21,VIIRS,l,2.0NRT,303,2.37,D
18.33619,78.16866,337.44,0.51,0.66,2026-04-10,716,N21,VIIRS,l,2.0NRT,311.46,8.38,D
18.3386,96.36568,333.12,0.47,0.48,2026-04-10,716,N21,VIIRS,n,2.0NRT,297.31,7.91,D
18.34508,83.39975,335.96,0.46,0.47,2026-04-10,716,N21,VIIRS,n,2.0NRT,302.2,4.58,D
18.34696,94.60239,331.46,0.56,0.43,2026-04-10,716,N21,VIIRS,n,2.0NRT,298.11,7.4,D
18.34786,94.60534,337.15,0.56,0.43,2026-04-10,716,N21,VIIRS,n,2.0NRT,297.35,6.62,D
18.35342,97.14933,334.59,0.54,0.5,2026-04-10,716,N21,VIIRS,n,2.0NRT,304.58,8.19,D
18.36623,97.91856,355.28,0.6,0.53,2026-04-10,716,N21,VIIRS,n,2.0NRT,308.08,10.29,D
18.36895,80.58016,346.85,0.35,0.57,2026-04-10,716,N21,VIIRS,n,2.0NRT,307.9,7.02,D
18.37108,97.91786,334.27,0.6,0.53,2026-04-10,716,N21,VIIRS,l,2.0NRT,306.09,10.29,D
18.3738,97.35594,336.9,0.55,0.51,2026-04-10,716,N21,VIIRS,n,2.0NRT,298.28,5.12,D
18.37695,97.35839,336.13,0.55,0.51,2026-04-10,716,N21,VIIRS,n,2.0NRT,298.99,3.09,D
18.38288,97.36898,331.4,0.55,0.51,2026-04-10,716,N21,VIIRS,l,2.0NRT,303.84,5.95,D
18.3893,97.29989,337.39,0.55,0.51,2026-04-10,716,N21,VIIRS,n,2.0NRT,305.54,7.41,D
18.39995,97.06695,346.07,0.53,0.5,2026-04-10,716,N21,VIIRS,n,2.0NRT,305.92,12.38,D
18.40455,97.06644,338.79,0.53,0.5,2026-04-10,716,N21,VIIRS,n,2.0NRT,310.07,7.1,D
18.41319,97.06068,339.37,0.53,0.5,2026-04-10,716,N21,VIIRS,n,2.0NRT,298.95,15.42,D
18.41392,82.31503,334.42,0.54,0.51,2026-04-10,716,N21,VIIRS,l,2.0NRT,308.72,4.27,D
18.41401,97.56166,332.63,0.57,0.52,2026-04-10,716,N21,VIIRS,l,2.0NRT,304.07,6.81,D
18.4215,78.57468,334.72,0.48,0.64,2026-04-10,716,N21,VIIRS,n,2.0NRT,304.09,6.81,D
18.42171,78.57693,344.95,0.48,0.64,2026-04-10,716,N21,VIIRS,n,2.0NRT,304.66,7.14,D
18.42222,76.05598,340.75,0.7,0.75,2026-04-10,716,N21,VIIRS,n,2.0NRT,304,7.51,D
18.423,97.55595,334.9,0.57,0.52,2026-04-10,716,N21,VIIRS,n,2.0NRT,303.21,6.08,D
18.42531,97.53377,336.09,0.57,0.52,2026-04-10,716,N21,VIIRS,n,2.0NRT,304.34,6.1,D
18.42586,76.05803,330.08,0.69,0.75,2026-04-10,716,N21,VIIRS,l,2.0NRT,303.84,7.42,D
18.42872,80.23728,330.25,0.37,0.58,2026-04-10,716,N21,VIIRS,n,2.0NRT,299.93,2.59,D
18.42975,97.97174,347.09,0.61,0.53,2026-04-10,716,N21,VIIRS,n,2.0NRT,302.97,18.02,D
18.43115,97.96846,339.78,0.61,0.53,2026-04-10,716,N21,VIIRS,n,2.0NRT,302.4,11.71,D
18.43172,97.97343,339.78,0.61,0.53,2026-04-10,716,N21,VIIRS,n,2.0NRT,302.28,11.71,D
18.43241,97.0645,338.12,0.53,0.5,2026-04-10,716,N21,VIIRS,n,2.0NRT,298.34,11.03,D
18.4326,97.06721,346.53,0.53,0.5,2026-04-10,716,N21,VIIRS,n,2.0NRT,299.62,17.14,D
18.43295,97.06937,331.25,0.53,0.5,2026-04-10,716,N21,VIIRS,n,2.0NRT,299.17,11.03,D
18.43741,82.46043,344.36,0.53,0.5,2026-04-10,716,N21,VIIRS,n,2.0NRT,305.58,11.96,D
18.4409,96.2505,340.51,0.47,0.48,2026-04-10,716,N21,VIIRS,n,2.0NRT,293.34,13.39,D
18.44217,96.24804,352.21,0.47,0.48,2026-04-10,716,N21,VIIRS,n,2.0NRT,293.8,11.8,D
18.44694,95.1088,339.59,0.4,0.44,2026-04-10,716,N21,VIIRS,n,2.0NRT,300.21,5.84,D
18.4524,96.25993,350.68,0.47,0.48,2026-04-10,716,N21,VIIRS,n,2.0NRT,289.41,28.78,D
18.4525,80.11673,333.74,0.38,0.58,2026-04-10,716,N21,VIIRS,l,2.0NRT,306.63,2.53,D
18.45344,78.3337,331.98,0.49,0.65,2026-04-10,716,N21,VIIRS,l,2.0NRT,305.33,5.12,D
18.45501,96.25742,341.91,0.47,0.48,2026-04-10,716,N21,VIIRS,n,2.0NRT,297.03,13.53,D
18.45579,97.10644,334.28,0.53,0.5,2026-04-10,716,N21,VIIRS,n,2.0NRT,303.66,26.89,D
18.45644,97.11228,331.12,0.53,0.5,2026-04-10,716,N21,VIIRS,n,2.0NRT,296.38,16.14,D
18.45667,95.82175,343.13,0.44,0.46,2026-04-10,716,N21,VIIRS,n,2.0NRT,305.54,9.61,D
18.45887,95.80474,346.07,0.44,0.46,2026-04-10,716,N21,VIIRS,n,2.0NRT,306.4,22.23,D
18.46701,97.68851,346.82,0.58,0.52,2026-04-10,716,N21,VIIRS,n,2.0NRT,301.79,14.55,D
18.47226,94.29945,338.67,0.54,0.42,2026-04-10,716,N21,VIIRS,n,2.0NRT,302.37,7.03,D
18.47321,78.5075,335.89,0.48,0.65,2026-04-10,716,N21,VIIRS,l,2.0NRT,306.47,3.64,D
18.47478,80.56419,335.82,0.35,0.57,2026-04-10,716,N21,VIIRS,l,2.0NRT,306.17,5.39,D
18.47836,94.46906,345.1,0.55,0.43,2026-04-10,716,N21,VIIRS,n,2.0NRT,296.71,5.97,D
18.47945,96.86958,338.84,0.51,0.5,2026-04-10,716,N21,VIIRS,n,2.0NRT,300.25,14.06,D
18.48349,94.44739,333.08,0.55,0.42,2026-04-10,716,N21,VIIRS,n,2.0NRT,298.45,35.94,D
18.48534,80.29765,331.31,0.36,0.58,2026-04-10,716,N21,VIIRS,l,2.0NRT,303.35,4.15,D
18.48913,80.28985,330.41,0.37,0.58,2026-04-10,716,N21,VIIRS,l,2.0NRT,303.69,6.5,D
18.48967,83.84219,330.34,0.43,0.46,2026-04-10,716,N21,VIIRS,l,2.0NRT,301.26,2.18,D
18.49054,80.29652,331.89,0.36,0.58,2026-04-10,716,N21,VIIRS,l,2.0NRT,303.08,4.15,D
18.49458,80.00174,334,0.38,0.59,2026-04-10,716,N21,VIIRS,l,2.0NRT,307.58,4.12,D
18.49686,97.82192,343.03,0.6,0.53,2026-04-10,716,N21,VIIRS,n,2.0NRT,299.96,7.77,D
18.50015,96.77357,343.23,0.51,0.49,2026-04-10,716,N21,VIIRS,n,2.0NRT,298.96,8.22,D
18.50032,97.51737,334.36,0.57,0.52,2026-04-10,716,N21,VIIRS,n,2.0NRT,301.38,4.74,D
18.50342,96.87749,353.19,0.52,0.5,2026-04-10,716,N21,VIIRS,n,2.0NRT,295.18,15.78,D
18.50802,96.87743,337.17,0.52,0.5,2026-04-10,716,N21,VIIRS,n,2.0NRT,293.41,5.04,D
18.51721,97.44129,336.53,0.56,0.52,2026-04-10,716,N21,VIIRS,n,2.0NRT,303.13,6.2,D
18.51778,97.44633,331.95,0.56,0.52,2026-04-10,716,N21,VIIRS,n,2.0NRT,301.32,6.2,D
18.52077,97.87005,330.81,0.6,0.53,2026-04-10,716,N21,VIIRS,l,2.0NRT,302.82,5.41,D
18.52225,97.95817,333.06,0.61,0.53,2026-04-10,716,N21,VIIRS,l,2.0NRT,303.16,7.73,D
18.52618,97.96655,331.11,0.61,0.53,2026-04-10,716,N21,VIIRS,l,2.0NRT,305.14,7.89,D
18.53604,95.94566,330.15,0.45,0.47,2026-04-10,716,N21,VIIRS,l,2.0NRT,300.59,3.76,D
18.53948,79.96013,341.1,0.38,0.59,2026-04-10,716,N21,VIIRS,n,2.0NRT,305.62,7.89,D
18.55198,96.61223,342.82,0.5,0.49,2026-04-10,716,N21,VIIRS,n,2.0NRT,302.78,6.48,D
18.55346,97.14124,333.44,0.54,0.51,2026-04-10,716,N21,VIIRS,n,2.0NRT,295.83,7.02,D
18.55699,96.6163,350.32,0.5,0.49,2026-04-10,716,N21,VIIRS,n,2.0NRT,305.17,18.52,D
18.55755,96.62097,335.09,0.5,0.49,2026-04-10,716,N21,VIIRS,n,2.0NRT,302.34,11.69,D
18.56275,80.83876,334.67,0.34,0.56,2026-04-10,716,N21,VIIRS,n,2.0NRT,304.51,2.63,D
18.56991,80.07766,334.14,0.38,0.58,2026-04-10,716,N21,VIIRS,n,2.0NRT,298.67,6.9,D
18.57174,81.08697,334.6,0.32,0.55,2026-04-10,716,N21,VIIRS,n,2.0NRT,298.08,1.92,D
18.57231,97.14651,330.75,0.54,0.51,2026-04-10,716,N21,VIIRS,n,2.0NRT,300.86,4.85,D
18.57306,80.32803,331.37,0.36,0.58,2026-04-10,716,N21,VIIRS,n,2.0NRT,301.31,2.53,D
18.57863,78.62812,333.34,0.47,0.64,2026-04-10,716,N21,VIIRS,l,2.0NRT,307.32,4.57,D
18.58604,80.33854,334.41,0.36,0.57,2026-04-10,716,N21,VIIRS,l,2.0NRT,305.39,3.77,D
18.59264,79.92249,334.96,0.38,0.59,2026-04-10,716,N21,VIIRS,n,2.0NRT,302.7,4.41,D
18.594,78.56066,339.88,0.47,0.64,2026-04-10,716,N21,VIIRS,n,2.0NRT,303.44,4.83,D
18.60079,95.24512,334.68,0.41,0.45,2026-04-10,716,N21,VIIRS,n,2.0NRT,301.03,2.93,D
18.60495,80.91823,336.57,0.33,0.55,2026-04-10,716,N21,VIIRS,n,2.0NRT,301.37,2.65,D
18.62374,83.8832,331.33,0.43,0.46,2026-04-10,716,N21,VIIRS,n,2.0NRT,297.75,2.22,D
18.62393,80.07291,333.05,0.38,0.58,2026-04-10,716,N21,VIIRS,l,2.0NRT,303.83,2.99,D
18.62465,80.07637,331.53,0.38,0.58,2026-04-10,716,N21,VIIRS,l,2.0NRT,304.43,2.99,D
18.62674,80.1655,341.01,0.37,0.58,2026-04-10,716,N21,VIIRS,n,2.0NRT,304.68,4.02,D
18.62918,80.07167,337.5,0.38,0.58,2026-04-10,716,N21,VIIRS,n,2.0NRT,303.85,2.99,D
18.63066,94.27745,333.3,0.54,0.42,2026-04-10,716,N21,VIIRS,n,2.0NRT,299.41,3.84,D
18.63361,95.14117,342.38,0.4,0.44,2026-04-10,716,N21,VIIRS,n,2.0NRT,305.54,7.75,D
18.63876,80.22328,334.96,0.37,0.58,2026-04-10,716,N21,VIIRS,n,2.0NRT,304.83,3.03,D
18.63945,80.07101,330.59,0.37,0.58,2026-04-10,716,N21,VIIRS,l,2.0NRT,304.72,4.63,D
18.63969,80.06935,332.85,0.38,0.58,2026-04-10,716,N21,VIIRS,l,2.0NRT,304.89,5.35,D
18.64514,80.96162,340.15,0.33,0.55,2026-04-10,716,N21,VIIRS,n,2.0NRT,298.42,3.82,D
18.64817,94.42754,337.68,0.55,0.42,2026-04-10,716,N21,VIIRS,n,2.0NRT,300.87,12.23,D
18.64882,94.43251,334.78,0.55,0.42,2026-04-10,716,N21,VIIRS,n,2.0NRT,298.61,7.97,D
18.64981,94.42993,354.84,0.55,0.43,2026-04-10,716,N21,VIIRS,n,2.0NRT,300.1,19.19,D
18.65109,94.28404,337.84,0.54,0.42,2026-04-10,716,N21,VIIRS,n,2.0NRT,301.16,7.63,D
18.6517,94.28879,339.1,0.54,0.42,2026-04-10,716,N21,VIIRS,n,2.0NRT,300.06,55.55,D
18.65493,94.28341,331.65,0.54,0.42,2026-04-10,716,N21,VIIRS,n,2.0NRT,299.05,7.63,D
18.65555,94.28824,338.41,0.54,0.42,2026-04-10,716,N21,VIIRS,l,2.0NRT,308.57,55.55,D
18.65741,82.5154,337.99,0.52,0.5,2026-04-10,716,N21,VIIRS,n,2.0NRT,305.11,3.54,D
18.65907,94.42031,331.85,0.55,0.42,2026-04-10,716,N21,VIIRS,n,2.0NRT,299.42,6.2,D
18.67007,80.45201,367,0.35,0.57,2026-04-10,716,N21,VIIRS,h,2.0NRT,301.49,8.77,D
18.67024,79.87715,334.38,0.39,0.59,2026-04-10,716,N21,VIIRS,l,2.0NRT,307.52,7.14,D
18.67074,80.45525,347.29,0.35,0.57,2026-04-10,716,N21,VIIRS,n,2.0NRT,301.23,8.77,D
18.68264,81.01834,331.6,0.32,0.55,2026-04-10,716,N21,VIIRS,n,2.0NRT,300.46,2.35,D
18.69096,83.11739,332.37,0.47,0.48,2026-04-10,716,N21,VIIRS,n,2.0NRT,296.86,3.94,D
18.69369,94.43291,333.1,0.55,0.43,2026-04-10,716,N21,VIIRS,n,2.0NRT,294.53,4.61,D
18.70074,97.68799,338.92,0.59,0.53,2026-04-10,716,N21,VIIRS,n,2.0NRT,302.02,9.21,D
18.70222,80.60728,342.16,0.34,0.56,2026-04-10,716,N21,VIIRS,n,2.0NRT,308.81,2.36,D
18.709,80.32095,340.88,0.36,0.57,2026-04-10,716,N21,VIIRS,n,2.0NRT,306.18,3.68,D
18.70945,97.8508,335.4,0.6,0.53,2026-04-10,716,N21,VIIRS,n,2.0NRT,300.22,11,D
18.72102,83.12557,346.17,0.47,0.48,2026-04-10,716,N21,VIIRS,n,2.0NRT,299.06,11.86,D
18.72333,97.93004,331.55,0.61,0.53,2026-04-10,716,N21,VIIRS,l,2.0NRT,303.04,6.31,D
18.72681,77.68615,337,0.54,0.68,2026-04-10,716,N21,VIIRS,n,2.0NRT,306.87,4.79,D
18.74189,80.97637,342.68,0.33,0.55,2026-04-10,716,N21,VIIRS,n,2.0NRT,304.57,3.67,D
18.75283,95.74266,341.85,0.44,0.46,2026-04-10,716,N21,VIIRS,n,2.0NRT,304.34,10.04,D
18.76654,93.64844,336.42,0.5,0.41,2026-04-10,716,N21,VIIRS,n,2.0NRT,303.52,6.72,D
18.76716,93.65318,333.98,0.5,0.41,2026-04-10,716,N21,VIIRS,n,2.0NRT,299.62,4.31,D
18.76835,95.83527,338.73,0.45,0.47,2026-04-10,716,N21,VIIRS,n,2.0NRT,301.15,2.15,D
18.76838,93.65041,338.34,0.5,0.41,2026-04-10,716,N21,VIIRS,n,2.0NRT,304.28,10.45,D
18.77018,93.63573,335.38,0.5,0.41,2026-04-10,716,N21,VIIRS,n,2.0NRT,302.15,2.43,D
18.77255,81.75669,341.4,0.58,0.52,2026-04-10,716,N21,VIIRS,n,2.0NRT,300.45,13.55,D
18.77623,81.75793,342.54,0.58,0.52,2026-04-10,716,N21,VIIRS,n,2.0NRT,302.62,17.55,D
18.78004,95.82484,337.77,0.44,0.46,2026-04-10,716,N21,VIIRS,n,2.0NRT,302.83,16.17,D
18.78058,95.8293,343.36,0.44,0.46,2026-04-10,716,N21,VIIRS,n,2.0NRT,304.61,23.44,D
18.78716,77.72867,338.2,0.53,0.67,2026-04-10,716,N21,VIIRS,n,2.0NRT,306.44,3.85,D
18.78744,97.85612,330.68,0.6,0.53,2026-04-10,716,N21,VIIRS,n,2.0NRT,300.36,5.27,D
18.7881,97.86211,331.93,0.6,0.53,2026-04-10,716,N21,VIIRS,n,2.0NRT,300.9,9.07,D
18.78839,77.72881,339.82,0.53,0.67,2026-04-10,716,N21,VIIRS,n,2.0NRT,306.37,5.53,D
18.78853,96.7182,337.91,0.51,0.49,2026-04-10,716,N21,VIIRS,n,2.0NRT,296.8,8.25,D
18.78908,96.72289,339.24,0.51,0.49,2026-04-10,716,N21,VIIRS,n,2.0NRT,296.07,9.36,D
18.792,95.71217,343.51,0.44,0.46,2026-04-10,716,N21,VIIRS,n,2.0NRT,308.18,8.57,D
18.79526,97.83771,333.26,0.6,0.53,2026-04-10,716,N21,VIIRS,n,2.0NRT,300.68,9.21,D
18.79777,94.31036,334.92,0.54,0.42,2026-04-10,716,N21,VIIRS,n,2.0NRT,298.19,8.32,D
18.80374,80.04568,330.72,0.37,0.58,2026-04-10,716,N21,VIIRS,l,2.0NRT,303.39,1.82,D
18.80399,80.12492,353.73,0.37,0.58,2026-04-10,716,N21,VIIRS,n,2.0NRT,303.52,8.56,D
18.82336,95.68318,347.33,0.44,0.46,2026-04-10,716,N21,VIIRS,n,2.0NRT,305.83,13.55,D
18.82343,82.09916,331.03,0.55,0.51,2026-04-10,716,N21,VIIRS,l,2.0NRT,302.45,4.64,D
18.83345,83.77705,339.72,0.43,0.46,2026-04-10,716,N21,VIIRS,n,2.0NRT,302.22,3.05,D
18.8365,80.07121,330.43,0.37,0.58,2026-04-10,716,N21,VIIRS,n,2.0NRT,302.31,4.82,D
18.83721,80.07459,367,0.37,0.58,2026-04-10,716,N21,VIIRS,h,2.0NRT,304,7.58,D
18.84242,80.07331,330.26,0.37,0.58,2026-04-10,716,N21,VIIRS,n,2.0NRT,303.44,5.22,D
18.8435,79.82162,339.59,0.39,0.59,2026-04-10,716,N21,VIIRS,n,2.0NRT,305.48,8.86,D
18.85522,93.52799,332.97,0.49,0.4,2026-04-10,716,N21,VIIRS,l,2.0NRT,303.79,2.85,D
18.8561,93.52596,330.16,0.49,0.4,2026-04-10,716,N21,VIIRS,l,2.0NRT,303.56,3.31,D
18.86467,77.41754,337.72,0.55,0.68,2026-04-10,716,N21,VIIRS,n,2.0NRT,307.74,4.12,D
18.8804,75.26118,331.15,0.77,0.77,2026-04-10,716,N21,VIIRS,l,2.0NRT,304.25,5.15,D
18.88209,79.63318,343.18,0.4,0.6,2026-04-10,716,N21,VIIRS,n,2.0NRT,305.86,5.86,D
18.8839,79.63142,337.01,0.4,0.6,2026-04-10,716,N21,VIIRS,n,2.0NRT,305.35,5.28,D
18.89152,78.45274,348.64,0.47,0.64,2026-04-10,716,N21,VIIRS,n,2.0NRT,303.91,6.21,D
18.90456,82.97167,336,0.48,0.48,2026-04-10,716,N21,VIIRS,n,2.0NRT,303.73,6.41,D
18.90561,82.97243,340.28,0.48,0.48,2026-04-10,716,N21,VIIRS,n,2.0NRT,304.95,5.54,D
18.9072,79.02206,336.48,0.43,0.62,2026-04-10,716,N21,VIIRS,n,2.0NRT,304.07,3.71,D
18.90914,94.33566,338.04,0.54,0.42,2026-04-10,716,N21,VIIRS,n,2.0NRT,300.52,24.01,D
18.90958,79.40752,337.41,0.41,0.61,2026-04-10,716,N21,VIIRS,n,2.0NRT,304.76,3.66,D
18.9104,79.41142,333.22,0.41,0.61,2026-04-10,716,N21,VIIRS,l,2.0NRT,304.85,3.66,D
18.91232,83.06069,338.54,0.47,0.48,2026-04-10,716,N21,VIIRS,n,2.0NRT,302.77,6.81,D
18.91395,83.0611,337.51,0.47,0.48,2026-04-10,716,N21,VIIRS,n,2.0NRT,303.47,6.52,D
18.91396,79.3744,334.23,0.41,0.61,2026-04-10,716,N21,VIIRS,n,2.0NRT,305.6,3.29,D
18.91676,95.49376,343.51,0.43,0.46,2026-04-10,716,N21,VIIRS,n,2.0NRT,306.81,7.86,D
18.93654,80.65771,345.38,0.34,0.56,2026-04-10,716,N21,VIIRS,n,2.0NRT,302.26,4.07,D
18.9387,80.59133,341.13,0.34,0.56,2026-04-10,716,N21,VIIRS,n,2.0NRT,301.64,2.88,D
18.94375,80.59019,335.57,0.34,0.56,2026-04-10,716,N21,VIIRS,n,2.0NRT,300.93,2.88,D
18.94572,79.41162,330.75,0.41,0.61,2026-04-10,716,N21,VIIRS,l,2.0NRT,303.99,1.72,D
18.94654,75.47984,336.4,0.74,0.76,2026-04-10,716,N21,VIIRS,n,2.0NRT,301.12,7.14,D
18.94792,75.48236,330.73,0.74,0.76,2026-04-10,716,N21,VIIRS,l,2.0NRT,301.72,7.21,D
18.95107,94.35464,343.18,0.55,0.42,2026-04-10,716,N21,VIIRS,n,2.0NRT,299.04,17.92,D
18.95424,82.84897,335.24,0.49,0.48,2026-04-10,716,N21,VIIRS,n,2.0NRT,304.51,3.18,D
18.95744,79.41305,367,0.41,0.6,2026-04-10,716,N21,VIIRS,h,2.0NRT,306.31,8.88,D
18.95746,82.7021,342.72,0.5,0.49,2026-04-10,716,N21,VIIRS,n,2.0NRT,307.93,16.29,D
18.95822,79.41661,334.78,0.41,0.6,2026-04-10,716,N21,VIIRS,n,2.0NRT,304.26,8.88,D
18.95874,82.70486,341.12,0.5,0.49,2026-04-10,716,N21,VIIRS,n,2.0NRT,307.02,15.01,D
18.96597,94.34776,330.17,0.55,0.42,2026-04-10,716,N21,VIIRS,n,2.0NRT,298.87,130.9,D
18.97822,97.43018,342.59,0.57,0.52,2026-04-10,716,N21,VIIRS,n,2.0NRT,300.98,8.27,D
18.97878,93.86197,330.5,0.51,0.41,2026-04-10,716,N21,VIIRS,n,2.0NRT,301.1,3.16,D
18.9799,80.49275,349.38,0.35,0.56,2026-04-10,716,N21,VIIRS,n,2.0NRT,298.02,7.03,D
18.98045,94.05186,331.37,0.53,0.42,2026-04-10,716,N21,VIIRS,n,2.0NRT,300.38,4.26,D
18.98134,82.70668,338.78,0.5,0.49,2026-04-10,716,N21,VIIRS,n,2.0NRT,304.51,8.71,D
18.98226,82.71136,341.2,0.5,0.49,2026-04-10,716,N21,VIIRS,n,2.0NRT,307.5,11.66,D
18.98242,82.73558,340.86,0.5,0.49,2026-04-10,716,N21,VIIRS,n,2.0NRT,304.49,6.59,D
18.98258,94.25082,335,0.54,0.42,2026-04-10,716,N21,VIIRS,n,2.0NRT,302.75,4.28,D
18.98319,93.86634,336.21,0.51,0.41,2026-04-10,716,N21,VIIRS,n,2.0NRT,301.46,8.01,D
18.98329,82.74003,336.45,0.5,0.49,2026-04-10,716,N21,VIIRS,n,2.0NRT,303.74,7.15,D
18.98628,97.76283,330.69,0.6,0.53,2026-04-10,716,N21,VIIRS,n,2.0NRT,299.49,3.37,D
18.98721,82.95062,331.54,0.48,0.48,2026-04-10,716,N21,VIIRS,n,2.0NRT,304.88,1.35,D
18.98835,80.30229,342.09,0.36,0.57,2026-04-10,716,N21,VIIRS,n,2.0NRT,305.36,4.48,D
18.98909,80.30583,336.65,0.36,0.57,2026-04-10,716,N21,VIIRS,n,2.0NRT,304.77,4.25,D
18.99209,80.57628,353.95,0.34,0.56,2026-04-10,716,N21,VIIRS,n,2.0NRT,302.25,8.74,D
18.99334,96.71165,334.87,0.51,0.49,2026-04-10,716,N21,VIIRS,n,2.0NRT,297.3,3.39,D
18.99462,80.51234,336.49,0.35,0.56,2026-04-10,716,N21,VIIRS,n,2.0NRT,300.88,5.67,D
18.99507,82.82334,346.43,0.49,0.49,2026-04-10,716,N21,VIIRS,n,2.0NRT,305.92,7.9,D
18.9953,80.51559,341.34,0.35,0.56,2026-04-10,716,N21,VIIRS,n,2.0NRT,302.06,6.38,D
18.99538,79.50966,336.64,0.4,0.6,2026-04-10,716,N21,VIIRS,l,2.0NRT,307.67,4.27,D
18.99647,80.57196,342.75,0.34,0.56,2026-04-10,716,N21,VIIRS,n,2.0NRT,302.28,6.92,D
19.0019,78.75487,367,0.45,0.63,2026-04-10,716,N21,VIIRS,h,2.0NRT,307.26,12.74,D
19.00376,79.77356,335.04,0.39,0.59,2026-04-10,716,N21,VIIRS,l,2.0NRT,308.67,6.68,D
19.00434,82.70697,331.43,0.5,0.49,2026-04-10,716,N21,VIIRS,n,2.0NRT,301.29,3.39,D
19.00457,78.75073,330.53,0.45,0.63,2026-04-10,716,N21,VIIRS,l,2.0NRT,304.68,9.27,D
19.00538,82.73584,348.65,0.5,0.49,2026-04-10,716,N21,VIIRS,n,2.0NRT,306.65,15.3,D
19.00546,78.75484,352.76,0.45,0.63,2026-04-10,716,N21,VIIRS,n,2.0NRT,305.89,11.73,D
19.00974,82.7347,339.65,0.5,0.49,2026-04-10,716,N21,VIIRS,n,2.0NRT,302.88,8.68,D
19.01063,82.73927,340.9,0.5,0.49,2026-04-10,716,N21,VIIRS,n,2.0NRT,305.67,8.68,D
19.015,82.73823,331.46,0.5,0.49,2026-04-10,716,N21,VIIRS,l,2.0NRT,304.82,8.68,D
19.02667,79.60281,331.61,0.4,0.6,2026-04-10,716,N21,VIIRS,l,2.0NRT,305.3,4.26,D
19.03355,82.97405,337.53,0.48,0.48,2026-04-10,716,N21,VIIRS,n,2.0NRT,305.75,4.42,D
19.03628,78.532,334.11,0.46,0.64,2026-04-10,716,N21,VIIRS,l,2.0NRT,304.37,4.99,D
19.04107,78.52642,330.33,0.47,0.64,2026-04-10,716,N21,VIIRS,l,2.0NRT,303.76,4.99,D
19.04202,78.53072,347.62,0.46,0.64,2026-04-10,716,N21,VIIRS,n,2.0NRT,306.01,4.99,D
19.05146,79.15777,340.09,0.42,0.61,2026-04-10,716,N21,VIIRS,n,2.0NRT,303.52,6.83,D
19.05722,80.58477,330.02,0.34,0.56,2026-04-10,716,N21,VIIRS,l,2.0NRT,302.79,3.36,D
19.06117,97.47201,343.83,0.57,0.52,2026-04-10,716,N21,VIIRS,n,2.0NRT,307.34,10.56,D
19.06495,82.85555,340.13,0.49,0.48,2026-04-10,716,N21,VIIRS,n,2.0NRT,302.57,5.23,D
19.06591,77.97605,336.45,0.5,0.66,2026-04-10,716,N21,VIIRS,n,2.0NRT,302.76,3.34,D
19.06627,97.86044,341.59,0.61,0.53,2026-04-10,716,N21,VIIRS,n,2.0NRT,303.1,9.29,D
19.06769,80.63591,349.41,0.34,0.56,2026-04-10,716,N21,VIIRS,n,2.0NRT,303.89,7.03,D
19.0681,94.86737,343.7,0.39,0.44,2026-04-10,716,N21,VIIRS,n,2.0NRT,309.49,17.38,D
19.06905,97.85789,343.89,0.61,0.53,2026-04-10,716,N21,VIIRS,n,2.0NRT,302.06,10.8,D
19.07165,94.86311,340.46,0.39,0.44,2026-04-10,716,N21,VIIRS,n,2.0NRT,308.85,12.24,D
19.07211,94.86682,343.11,0.39,0.44,2026-04-10,716,N21,VIIRS,n,2.0NRT,307.48,9.99,D
19.07745,77.84583,336.77,0.51,0.66,2026-04-10,716,N21,VIIRS,l,2.0NRT,310.43,4.24,D
19.07755,79.94501,337.98,0.37,0.58,2026-04-10,716,N21,VIIRS,n,2.0NRT,303.39,5.8,D
19.07829,79.94847,345.78,0.37,0.58,2026-04-10,716,N21,VIIRS,n,2.0NRT,304.05,5.8,D
19.08219,78.62567,337.56,0.46,0.63,2026-04-10,716,N21,VIIRS,n,2.0NRT,304.07,4.16,D
19.08334,95.73342,350.68,0.44,0.46,2026-04-10,716,N21,VIIRS,n,2.0NRT,304.5,16.62,D
19.08418,79.95035,350.02,0.37,0.58,2026-04-10,716,N21,VIIRS,n,2.0NRT,305.5,10.65,D
19.08604,78.62274,350.85,0.46,0.63,2026-04-10,716,N21,VIIRS,n,2.0NRT,304.99,10.27,D
19.08658,95.72456,333.14,0.44,0.46,2026-04-10,716,N21,VIIRS,n,2.0NRT,302.49,2.91,D
19.08787,78.62431,335.39,0.46,0.63,2026-04-10,716,N21,VIIRS,n,2.0NRT,304.36,4.16,D
19.08826,80.25748,341.82,0.36,0.57,2026-04-10,716,N21,VIIRS,n,2.0NRT,302.83,5.89,D
19.09414,95.50751,342.9,0.43,0.46,2026-04-10,716,N21,VIIRS,n,2.0NRT,307.01,8.14,D
19.09439,97.72795,333.18,0.6,0.53,2026-04-10,716,N21,VIIRS,n,2.0NRT,300.28,5.59,D
19.0947,82.79694,340.52,0.49,0.48,2026-04-10,716,N21,VIIRS,n,2.0NRT,300.71,11.8,D
19.09563,82.80166,350.98,0.49,0.48,2026-04-10,716,N21,VIIRS,n,2.0NRT,301.12,20.87,D
19.09632,79.92981,333.42,0.38,0.58,2026-04-10,716,N21,VIIRS,l,2.0NRT,304.87,2.08,D
19.09707,79.18335,337.22,0.42,0.61,2026-04-10,716,N21,VIIRS,n,2.0NRT,305.56,6.17,D
19.09761,79.18439,330.99,0.42,0.61,2026-04-10,716,N21,VIIRS,n,2.0NRT,304.49,1.67,D
19.09903,79.10961,340.37,0.42,0.61,2026-04-10,716,N21,VIIRS,n,2.0NRT,304.02,4.42,D
19.10002,97.73451,340.04,0.6,0.53,2026-04-10,716,N21,VIIRS,n,2.0NRT,298.33,10.15,D
19.10228,79.17922,336.24,0.42,0.61,2026-04-10,716,N21,VIIRS,n,2.0NRT,304.77,5.7,D
19.10252,79.82858,335.32,0.38,0.59,2026-04-10,716,N21,VIIRS,n,2.0NRT,304.61,3.08,D
19.10253,79.18191,367,0.42,0.61,2026-04-10,716,N21,VIIRS,h,2.0NRT,307.82,6.17,D
19.10307,79.18296,367,0.42,0.61,2026-04-10,716,N21,VIIRS,h,2.0NRT,308.86,15.94,D
19.10335,79.18562,342.18,0.42,0.61,2026-04-10,716,N21,VIIRS,n,2.0NRT,305.68,6.17,D
19.10671,97.97724,331.98,0.62,0.54,2026-04-10,716,N21,VIIRS,n,2.0NRT,301.64,7.25,D
19.11102,80.52097,336.19,0.34,0.56,2026-04-10,716,N21,VIIRS,n,2.0NRT,301.34,1.45,D
19.11138,78.51442,367,0.46,0.64,2026-04-10,716,N21,VIIRS,h,2.0NRT,307.62,9.96,D
19.11225,97.93639,342.08,0.62,0.54,2026-04-10,716,N21,VIIRS,n,2.0NRT,303.21,15.63,D
19.1123,78.88039,336.74,0.44,0.62,2026-04-10,716,N21,VIIRS,n,2.0NRT,304.95,4.55,D
19.11233,78.51868,331.37,0.46,0.64,2026-04-10,716,N21,VIIRS,n,2.0NRT,304.48,9.96,D
19.11439,95.45222,343.05,0.43,0.46,2026-04-10,716,N21,VIIRS,n,2.0NRT,302.14,9.05,D
19.11993,80.89224,338.92,0.32,0.55,2026-04-10,716,N21,VIIRS,n,2.0NRT,303.86,2.46,D
19.12069,83.03019,351.33,0.47,0.48,2026-04-10,716,N21,VIIRS,n,2.0NRT,312.02,38.29,D
19.12249,83.03036,353.56,0.47,0.48,2026-04-10,716,N21,VIIRS,n,2.0NRT,314.62,34.88,D
19.12652,83.34153,332.91,0.45,0.47,2026-04-10,716,N21,VIIRS,n,2.0NRT,303.4,3.07,D
19.12953,78.90572,335.1,0.44,0.62,2026-04-10,716,N21,VIIRS,l,2.0NRT,305.58,4.41,D
19.13285,97.59267,336.1,0.59,0.53,2026-04-10,716,N21,VIIRS,n,2.0NRT,304.48,5.83,D
19.13322,97.59478,334.08,0.59,0.53,2026-04-10,716,N21,VIIRS,l,2.0NRT,304.6,6.14,D
19.13487,80.58495,331.97,0.34,0.56,2026-04-10,716,N21,VIIRS,n,2.0NRT,300.03,2.62,D
19.13543,79.174,367,0.42,0.61,2026-04-10,716,N21,VIIRS,h,2.0NRT,308.87,11.75,D
19.13626,79.17781,367,0.42,0.61,2026-04-10,716,N21,VIIRS,h,2.0NRT,307.75,11.75,D
19.13798,83.01784,333.82,0.47,0.48,2026-04-10,716,N21,VIIRS,l,2.0NRT,307.31,3.49,D
19.13954,84.12576,339.35,0.4,0.44,2026-04-10,716,N21,VIIRS,n,2.0NRT,301.05,2.94,D
19.14125,97.97356,339.92,0.62,0.54,2026-04-10,716,N21,VIIRS,n,2.0NRT,299.96,4.13,D
19.14388,81.48071,332.38,0.59,0.53,2026-04-10,716,N21,VIIRS,l,2.0NRT,304,5.61,D
19.1445,95.45605,344.62,0.43,0.46,2026-04-10,716,N21,VIIRS,n,2.0NRT,307.11,13.45,D
19.14463,79.00262,330.23,0.43,0.62,2026-04-10,716,N21,VIIRS,l,2.0NRT,304.16,4.41,D
19.15205,78.64442,335.42,0.45,0.63,2026-04-10,716,N21,VIIRS,l,2.0NRT,306.35,2.86,D
19.15271,79.60313,336.08,0.39,0.6,2026-04-10,716,N21,VIIRS,l,2.0NRT,308.11,2.5,D
19.15274,78.37284,335.83,0.47,0.64,2026-04-10,716,N21,VIIRS,l,2.0NRT,306.56,4.02,D
19.15541,81.01688,349.1,0.32,0.54,2026-04-10,716,N21,VIIRS,n,2.0NRT,300.02,9.1,D
19.15885,79.76274,335.91,0.38,0.59,2026-04-10,716,N21,VIIRS,n,2.0NRT,305.22,4.56,D
19.16398,80.87632,334.18,0.32,0.55,2026-04-10,716,N21,VIIRS,n,2.0NRT,301.98,2.61,D
19.16581,78.48836,337.12,0.47,0.64,2026-04-10,716,N21,VIIRS,l,2.0NRT,308.81,3.12,D
19.16655,78.48705,342.48,0.46,0.64,2026-04-10,716,N21,VIIRS,n,2.0NRT,308.73,2.87,D
19.17099,82.83875,334.85,0.48,0.48,2026-04-10,716,N21,VIIRS,n,2.0NRT,300.23,3.81,D
19.1773,83.28841,333.62,0.45,0.47,2026-04-10,716,N21,VIIRS,n,2.0NRT,302.86,2.76,D
19.17781,82.80324,335.06,0.49,0.48,2026-04-10,716,N21,VIIRS,n,2.0NRT,300.75,8.2,D
19.17786,84.12984,338.51,0.4,0.44,2026-04-10,716,N21,VIIRS,n,2.0NRT,305.1,4.81,D
19.17794,83.28781,337.91,0.45,0.47,2026-04-10,716,N21,VIIRS,n,2.0NRT,303.68,4.68,D
19.17855,78.73811,337.3,0.45,0.63,2026-04-10,716,N21,VIIRS,n,2.0NRT,305.93,3.74,D
19.1787,82.80785,341.2,0.49,0.48,2026-04-10,716,N21,VIIRS,n,2.0NRT,304.11,8.2,D
19.18048,80.88114,331.28,0.32,0.55,2026-04-10,716,N21,VIIRS,l,2.0NRT,301.99,5.16,D
19.18307,82.80697,334.04,0.49,0.48,2026-04-10,716,N21,VIIRS,l,2.0NRT,304.71,8.2,D
19.18335,80.87001,331.82,0.32,0.55,2026-04-10,716,N21,VIIRS,l,2.0NRT,302.3,1.43,D
19.18594,80.5823,367,0.34,0.56,2026-04-10,716,N21,VIIRS,h,2.0NRT,305.21,9.19,D
19.18651,80.57999,335.05,0.34,0.56,2026-04-10,716,N21,VIIRS,n,2.0NRT,302.91,5.84,D
19.18663,81.51902,331.11,0.59,0.53,2026-04-10,716,N21,VIIRS,l,2.0NRT,302.97,2.04,D
19.18715,80.58313,367,0.34,0.56,2026-04-10,716,N21,VIIRS,h,2.0NRT,304.97,7.64,D
19.1945,78.47743,348.88,0.47,0.64,2026-04-10,716,N21,VIIRS,n,2.0NRT,305.94,8.22,D
19.19521,97.58403,338.1,0.59,0.53,2026-04-10,716,N21,VIIRS,n,2.0NRT,304.9,18.85,D
19.19544,78.48161,353.81,0.46,0.64,2026-04-10,716,N21,VIIRS,n,2.0NRT,307.26,8.22,D
19.19753,80.15249,334.28,0.36,0.57,2026-04-10,716,N21,VIIRS,l,2.0NRT,306.51,2.41,D
19.19795,80.15025,340.05,0.36,0.57,2026-04-10,716,N21,VIIRS,n,2.0NRT,306.95,2.38,D
19.19829,78.46742,336.18,0.47,0.64,2026-04-10,716,N21,VIIRS,l,2.0NRT,308.69,2.32,D
19.19885,81.13187,333.25,0.62,0.54,2026-04-10,716,N21,VIIRS,n,2.0NRT,298.26,7.08,D
19.19995,97.58285,355.82,0.59,0.53,2026-04-10,716,N21,VIIRS,n,2.0NRT,307.54,18.85,D
19.20022,84.1381,339.69,0.4,0.44,2026-04-10,716,N21,VIIRS,n,2.0NRT,302.96,8.41,D
19.20134,80.47961,336.25,0.34,0.56,2026-04-10,716,N21,VIIRS,n,2.0NRT,304.22,4.59,D
19.20253,97.78386,330.39,0.6,0.53,2026-04-10,716,N21,VIIRS,l,2.0NRT,302.94,4.92,D
19.20306,78.48884,337.12,0.46,0.64,2026-04-10,716,N21,VIIRS,n,2.0NRT,306.5,8,D
19.20412,97.57658,332.02,0.59,0.53,2026-04-10,716,N21,VIIRS,l,2.0NRT,304.59,7.44,D
19.20559,80.11282,340.78,0.36,0.58,2026-04-10,716,N21,VIIRS,n,2.0NRT,306.66,4.02,D
19.20582,80.11096,333.88,0.36,0.58,2026-04-10,716,N21,VIIRS,l,2.0NRT,306.19,2.18,D
19.20646,80.11398,332.42,0.36,0.58,2026-04-10,716,N21,VIIRS,l,2.0NRT,305.82,2.79,D
19.20674,80.58103,333.83,0.34,0.56,2026-04-10,716,N21,VIIRS,l,2.0NRT,304.14,2.76,D
19.21181,79.07688,348.07,0.42,0.61,2026-04-10,716,N21,VIIRS,n,2.0NRT,311.05,7.89,D
19.21316,80.2542,342.93,0.36,0.57,2026-04-10,716,N21,VIIRS,n,2.0NRT,304.25,6.32,D
19.21557,97.7233,342.37,0.6,0.53,2026-04-10,716,N21,VIIRS,n,2.0NRT,300,12,D
19.21675,83.54302,335.7,0.44,0.46,2026-04-10,716,N21,VIIRS,n,2.0NRT,304.79,5.71,D
19.21676,95.73348,337.86,0.44,0.46,2026-04-10,716,N21,VIIRS,n,2.0NRT,302.36,4.38,D
19.2183,97.70354,330.04,0.6,0.53,2026-04-10,716,N21,VIIRS,n,2.0NRT,299.77,6.06,D
19.21915,81.31421,331.08,0.61,0.53,2026-04-10,716,N21,VIIRS,n,2.0NRT,298.3,2.57,D
19.21949,81.3112,334.98,0.61,0.53,2026-04-10,716,N21,VIIRS,n,2.0NRT,298.51,7.44,D
19.21985,97.8518,336.16,0.61,0.53,2026-04-10,716,N21,VIIRS,n,2.0NRT,300.93,9.51,D
19.22075,78.15612,340.6,0.49,0.65,2026-04-10,716,N21,VIIRS,n,2.0NRT,309.47,7.48,D
19.22216,97.82771,336.89,0.61,0.53,2026-04-10,716,N21,VIIRS,n,2.0NRT,301.7,6.59,D
19.22387,97.79832,346.26,0.61,0.53,2026-04-10,716,N21,VIIRS,n,2.0NRT,302.44,8.68,D
19.22419,81.30962,331.99,0.61,0.53,2026-04-10,716,N21,VIIRS,n,2.0NRT,298.69,7.96,D
19.22529,78.15517,342.43,0.49,0.65,2026-04-10,716,N21,VIIRS,n,2.0NRT,308.95,8.45,D
19.22848,83.55302,334.36,0.44,0.46,2026-04-10,716,N21,VIIRS,n,2.0NRT,304.42,6.5,D
19.23046,78.58524,340.5,0.46,0.63,2026-04-10,716,N21,VIIRS,n,2.0NRT,306.21,6.85,D
19.23091,78.89729,342.9,0.44,0.62,2026-04-10,716,N21,VIIRS,n,2.0NRT,306.32,4.75,D
19.23149,83.5526,332.87,0.44,0.46,2026-04-10,716,N21,VIIRS,n,2.0NRT,302.57,3.13,D
19.23213,80.60181,341.59,0.34,0.56,2026-04-10,716,N21,VIIRS,n,2.0NRT,304.43,6.74,D
19.23275,78.32323,340.7,0.47,0.64,2026-04-10,716,N21,VIIRS,n,2.0NRT,305.85,3.13,D
19.23278,80.60497,340.1,0.34,0.56,2026-04-10,716,N21,VIIRS,n,2.0NRT,304.27,4.93,D
19.2328,80.21223,339.45,0.36,0.57,2026-04-10,716,N21,VIIRS,n,2.0NRT,307.09,3.48,D
19.233,78.32347,340.66,0.48,0.64,2026-04-10,716,N21,VIIRS,n,2.0NRT,306.1,3.58,D
19.23428,97.80306,352.98,0.61,0.53,2026-04-10,716,N21,VIIRS,n,2.0NRT,303.23,16.06,D
19.23493,84.13898,331.56,0.4,0.44,2026-04-10,716,N21,VIIRS,n,2.0NRT,300.24,2.7,D
19.23516,80.8964,332.04,0.32,0.55,2026-04-10,716,N21,VIIRS,n,2.0NRT,298.3,1.45,D
19.23555,97.85922,346.88,0.61,0.54,2026-04-10,716,N21,VIIRS,n,2.0NRT,301.66,8.11,D
19.23625,97.86562,335.49,0.61,0.54,2026-04-10,716,N21,VIIRS,n,2.0NRT,302.11,8.11,D
19.23688,97.8713,335.07,0.61,0.54,2026-04-10,716,N21,VIIRS,n,2.0NRT,299.69,5.92,D
19.23705,80.95637,333.18,0.32,0.55,2026-04-10,716,N21,VIIRS,n,2.0NRT,299.66,4.56,D
19.23757,97.87749,333.76,0.61,0.54,2026-04-10,716,N21,VIIRS,n,2.0NRT,298.83,5.92,D
19.23827,80.58077,367,0.34,0.56,2026-04-10,716,N21,VIIRS,h,2.0NRT,305.14,7.24,D
19.23854,78.32196,334.6,0.47,0.64,2026-04-10,716,N21,VIIRS,l,2.0NRT,305.5,3.13,D
19.23878,78.3222,334.39,0.48,0.64,2026-04-10,716,N21,VIIRS,l,2.0NRT,305.76,3.58,D
19.23954,79.4977,338.91,0.4,0.6,2026-04-10,716,N21,VIIRS,n,2.0NRT,305.84,4.38,D
19.24007,80.89521,342.91,0.32,0.55,2026-04-10,716,N21,VIIRS,n,2.0NRT,298.1,7.15,D
19.24028,97.85707,333.71,0.61,0.54,2026-04-10,716,N21,VIIRS,n,2.0NRT,299.69,8.11,D
19.24307,80.98603,330.38,0.32,0.54,2026-04-10,716,N21,VIIRS,n,2.0NRT,299.33,4.17,D
19.24312,97.88277,344.02,0.61,0.54,2026-04-10,716,N21,VIIRS,n,2.0NRT,300.77,11.44,D
19.24669,80.97861,367,0.32,0.54,2026-04-10,716,N21,VIIRS,h,2.0NRT,301.09,7.67,D
19.24743,80.93158,341.35,0.32,0.55,2026-04-10,716,N21,VIIRS,n,2.0NRT,298.1,5.67,D
19.2477,84.05126,332.27,0.41,0.45,2026-04-10,716,N21,VIIRS,n,2.0NRT,302.42,2.38,D
19.24796,97.88161,334.89,0.61,0.54,2026-04-10,716,N21,VIIRS,n,2.0NRT,301.32,7.88,D
19.24802,80.93449,330.88,0.32,0.55,2026-04-10,716,N21,VIIRS,n,2.0NRT,299.05,5.67,D
19.2486,80.93738,367,0.32,0.55,2026-04-10,716,N21,VIIRS,h,2.0NRT,301.16,8.91,D
19.2491,80.50574,367,0.34,0.56,2026-04-10,716,N21,VIIRS,h,2.0NRT,308.12,6.94,D
19.24918,80.94027,367,0.32,0.55,2026-04-10,716,N21,VIIRS,h,2.0NRT,300.26,8.91,D
19.24977,80.94318,355.37,0.32,0.55,2026-04-10,716,N21,VIIRS,n,2.0NRT,300.32,11.43,D
19.25012,80.56176,334.36,0.34,0.56,2026-04-10,716,N21,VIIRS,l,2.0NRT,305.03,6.04,D
19.25344,80.93592,343.49,0.32,0.55,2026-04-10,716,N21,VIIRS,n,2.0NRT,301.09,8.91,D
19.25402,80.93882,349.07,0.32,0.55,2026-04-10,716,N21,VIIRS,n,2.0NRT,300.52,8.91,D
19.25418,97.84833,341.42,0.61,0.54,2026-04-10,716,N21,VIIRS,n,2.0NRT,297.59,9.44,D
19.25492,94.10929,331.01,0.53,0.42,2026-04-10,716,N21,VIIRS,l,2.0NRT,301.39,4.29,D
19.25517,76.71804,336.16,0.6,0.71,2026-04-10,716,N21,VIIRS,n,2.0NRT,304.08,4.06,D
19.25646,76.72355,331.41,0.6,0.71,2026-04-10,716,N21,VIIRS,l,2.0NRT,304.55,4.06,D
19.25709,79.09864,341.16,0.42,0.61,2026-04-10,716,N21,VIIRS,n,2.0NRT,307.35,5.91,D
19.25735,95.7871,341.79,0.45,0.47,2026-04-10,716,N21,VIIRS,n,2.0NRT,302.6,23.52,D
19.25787,95.78629,339.32,0.45,0.47,2026-04-10,716,N21,VIIRS,n,2.0NRT,302.58,14.53,D
19.25842,95.79067,341.89,0.45,0.47,2026-04-10,716,N21,VIIRS,n,2.0NRT,302.37,14.53,D
19.25846,84.06414,333.67,0.41,0.45,2026-04-10,716,N21,VIIRS,l,2.0NRT,304.77,2.22,D
19.25869,80.52663,367,0.34,0.56,2026-04-10,716,N21,VIIRS,h,2.0NRT,306.5,6.04,D
19.25898,79.87401,331.37,0.38,0.58,2026-04-10,716,N21,VIIRS,l,2.0NRT,305.5,2.74,D
19.25934,80.52981,334.34,0.34,0.56,2026-04-10,716,N21,VIIRS,n,2.0NRT,305.3,6.04,D
19.26007,79.87567,337.94,0.38,0.58,2026-04-10,716,N21,VIIRS,n,2.0NRT,304.14,4.46,D
19.26162,79.09286,334.7,0.42,0.61,2026-04-10,716,N21,VIIRS,l,2.0NRT,306.65,6.03,D
19.26163,95.78667,354.73,0.45,0.47,2026-04-10,716,N21,VIIRS,n,2.0NRT,306.58,23.52,D
19.26214,95.79102,344.16,0.45,0.47,2026-04-10,716,N21,VIIRS,n,2.0NRT,300.99,23.52,D
19.26259,83.99623,340.62,0.41,0.45,2026-04-10,716,N21,VIIRS,n,2.0NRT,303.98,7.16,D
19.26336,80.92619,334.56,0.32,0.55,2026-04-10,716,N21,VIIRS,n,2.0NRT,299.53,2.58,D
19.26591,95.78623,345.5,0.45,0.47,2026-04-10,716,N21,VIIRS,n,2.0NRT,309.63,31.15,D
19.26642,95.79054,344.42,0.45,0.47,2026-04-10,716,N21,VIIRS,n,2.0NRT,302.92,31.15,D
19.26878,80.48216,333.38,0.34,0.56,2026-04-10,716,N21,VIIRS,l,2.0NRT,304.68,3.01,D
19.27043,80.48089,335.65,0.34,0.56,2026-04-10,716,N21,VIIRS,n,2.0NRT,305.48,2.45,D
19.27144,81.59756,330.33,0.58,0.52,2026-04-10,716,N21,VIIRS,l,2.0NRT,304.07,2.28,D
19.27319,80.5202,340.19,0.34,0.56,2026-04-10,716,N21,VIIRS,n,2.0NRT,305.27,4.97,D
19.27352,97.76952,339.98,0.6,0.53,2026-04-10,716,N21,VIIRS,n,2.0NRT,299.22,9.48,D
19.27384,80.52335,342.43,0.34,0.56,2026-04-10,716,N21,VIIRS,n,2.0NRT,305.89,4.66,D
19.2744,94.05784,339.29,0.53,0.42,2026-04-10,716,N21,VIIRS,n,2.0NRT,302.49,12.21,D
19.27517,80.90878,351.67,0.32,0.55,2026-04-10,716,N21,VIIRS,n,2.0NRT,301.82,12.78,D
19.27521,80.28571,334.92,0.35,0.57,2026-04-10,716,N21,VIIRS,n,2.0NRT,302.84,1.49,D
19.27576,80.91161,367,0.32,0.55,2026-04-10,716,N21,VIIRS,h,2.0NRT,303.46,10.65,D
19.27638,80.9146,367,0.32,0.55,2026-04-10,716,N21,VIIRS,h,2.0NRT,303.41,10.65,D
19.27661,97.79853,331.87,0.61,0.53,2026-04-10,716,N21,VIIRS,n,2.0NRT,298.57,4.01,D
19.27702,80.91766,334.7,0.32,0.55,2026-04-10,716,N21,VIIRS,n,2.0NRT,301.21,5.59,D
19.27758,94.05226,345.47,0.53,0.42,2026-04-10,716,N21,VIIRS,n,2.0NRT,304.7,14.94,D
19.27822,94.05728,338.99,0.53,0.42,2026-04-10,716,N21,VIIRS,n,2.0NRT,305.59,14.94,D
19.27862,81.13661,342.18,0.62,0.54,2026-04-10,716,N21,VIIRS,n,2.0NRT,297.64,8.15,D
19.27886,94.06229,342.53,0.53,0.42,2026-04-10,716,N21,VIIRS,n,2.0NRT,301.5,16.15,D
19.27887,78.92989,342.89,0.43,0.62,2026-04-10,716,N21,VIIRS,n,2.0NRT,307.34,4.42,D
19.27963,80.38284,333.9,0.35,0.57,2026-04-10,716,N21,VIIRS,l,2.0NRT,304.57,3.17,D
19.28121,80.91311,331.7,0.32,0.55,2026-04-10,716,N21,VIIRS,n,2.0NRT,299.22,3.34,D
19.28141,94.0517,336.79,0.53,0.42,2026-04-10,716,N21,VIIRS,n,2.0NRT,297.49,14.94,D
19.28184,80.91613,339.3,0.32,0.55,2026-04-10,716,N21,VIIRS,n,2.0NRT,301.12,5.29,D
19.28205,94.05672,354.67,0.53,0.42,2026-04-10,716,N21,VIIRS,n,2.0NRT,307.52,14.94,D
19.28222,81.52747,333.53,0.59,0.53,2026-04-10,716,N21,VIIRS,n,2.0NRT,304.82,4.94,D
19.28264,95.02515,337.8,0.4,0.44,2026-04-10,716,N21,VIIRS,l,2.0NRT,311.03,4.87,D
19.28269,94.06174,346.7,0.53,0.42,2026-04-10,716,N21,VIIRS,n,2.0NRT,304.3,16.15,D
19.28348,81.1356,341.82,0.62,0.54,2026-04-10,716,N21,VIIRS,n,2.0NRT,302.82,8.15,D
19.28373,80.92522,347.99,0.32,0.55,2026-04-10,716,N21,VIIRS,n,2.0NRT,302.15,5.31,D
19.28376,83.72983,339.8,0.42,0.45,2026-04-10,716,N21,VIIRS,n,2.0NRT,298.12,2.04,D
19.28415,79.11692,332.86,0.42,0.61,2026-04-10,716,N21,VIIRS,l,2.0NRT,307,3.1,D
19.28464,81.14137,336.97,0.62,0.54,2026-04-10,716,N21,VIIRS,n,2.0NRT,297,8.15,D
19.28543,80.90862,344.5,0.32,0.55,2026-04-10,716,N21,VIIRS,n,2.0NRT,289.43,3.34,D
19.28576,95.77094,303.27,0.45,0.47,2026-04-10,716,N21,VIIRS,l,2.0NRT,316.02,130.99,D
19.28603,80.91154,337.38,0.32,0.55,2026-04-10,716,N21,VIIRS,n,2.0NRT,298.36,3.34,D
19.28627,95.77518,367,0.45,0.47,2026-04-10,716,N21,VIIRS,h,2.0NRT,305.84,125.12,D
19.28665,80.91454,337.42,0.32,0.55,2026-04-10,716,N21,VIIRS,n,2.0NRT,301.74,5.29,D
19.28726,95.78352,345.57,0.45,0.47,2026-04-10,716,N21,VIIRS,n,2.0NRT,302.6,54.95,D
19.28739,81.13908,333.69,0.62,0.54,2026-04-10,716,N21,VIIRS,n,2.0NRT,300.51,11.08,D
19.28812,81.15865,344.72,0.62,0.54,2026-04-10,716,N21,VIIRS,n,2.0NRT,299.6,17.21,D
19.28897,80.51999,344.53,0.34,0.56,2026-04-10,716,N21,VIIRS,n,2.0NRT,304.74,3.4,D
19.2895,81.14036,334.51,0.62,0.54,2026-04-10,716,N21,VIIRS,n,2.0NRT,300.01,7.22,D
19.28978,81.15055,334.58,0.62,0.54,2026-04-10,716,N21,VIIRS,n,2.0NRT,300.06,8.25,D
19.29003,95.77035,341.31,0.45,0.47,2026-04-10,716,N21,VIIRS,n,2.0NRT,302.99,24.49,D
19.29047,97.14008,343.55,0.55,0.51,2026-04-10,716,N21,VIIRS,n,2.0NRT,301.47,16.23,D
19.29053,95.77455,367,0.45,0.47,2026-04-10,716,N21,VIIRS,h,2.0NRT,304.05,20.05,D
19.29065,81.1461,339.04,0.62,0.54,2026-04-10,716,N21,VIIRS,n,2.0NRT,299.32,6.57,D
19.29097,97.14446,367,0.55,0.51,2026-04-10,716,N21,VIIRS,h,2.0NRT,300.32,16.23,D
19.29102,95.77874,343.57,0.45,0.47,2026-04-10,716,N21,VIIRS,n,2.0NRT,301.68,20.05,D
19.29152,95.78287,334.86,0.45,0.47,2026-04-10,716,N21,VIIRS,n,2.0NRT,302.01,6.44,D
19.2918,81.15183,332.27,0.62,0.54,2026-04-10,716,N21,VIIRS,n,2.0NRT,299.4,6.57,D
19.29266,80.52007,340.93,0.34,0.56,2026-04-10,716,N21,VIIRS,n,2.0NRT,304.65,4.37,D
19.29306,97.13722,336.68,0.55,0.51,2026-04-10,716,N21,VIIRS,n,2.0NRT,296.86,17.32,D
19.29356,97.14186,350.95,0.55,0.51,2026-04-10,716,N21,VIIRS,n,2.0NRT,301.66,31.46,D
19.29503,97.13863,340.93,0.55,0.51,2026-04-10,716,N21,VIIRS,n,2.0NRT,296.58,16.23,D
19.29536,80.07206,335.25,0.36,0.58,2026-04-10,716,N21,VIIRS,l,2.0NRT,305.63,2.31,D
19.29581,81.15518,340.26,0.62,0.54,2026-04-10,716,N21,VIIRS,n,2.0NRT,300.81,8.25,D
19.29605,80.0754,336.87,0.36,0.58,2026-04-10,716,N21,VIIRS,l,2.0NRT,307.76,2.31,D
19.29637,80.07325,352.68,0.36,0.58,2026-04-10,716,N21,VIIRS,n,2.0NRT,307.5,4.22,D
19.29721,80.96558,367,0.32,0.54,2026-04-10,716,N21,VIIRS,h,2.0NRT,304.79,12.51,D
19.29777,81.15638,346.72,0.62,0.54,2026-04-10,716,N21,VIIRS,n,2.0NRT,300.91,12.13,D
19.29782,80.96851,367,0.32,0.54,2026-04-10,716,N21,VIIRS,h,2.0NRT,306.46,25.39,D
19.29842,80.97145,367,0.32,0.54,2026-04-10,716,N21,VIIRS,h,2.0NRT,306.14,25.39,D
19.29939,80.5019,330.65,0.34,0.56,2026-04-10,716,N21,VIIRS,l,2.0NRT,303.24,2.22,D
19.30063,81.15401,347.97,0.62,0.54,2026-04-10,716,N21,VIIRS,n,2.0NRT,303.9,20.21,D
19.3018,81.15964,334.8,0.62,0.54,2026-04-10,716,N21,VIIRS,n,2.0NRT,298.97,7.01,D
19.30198,78.63951,340.22,0.45,0.63,2026-04-10,716,N21,VIIRS,n,2.0NRT,306.1,4.3,D
19.30259,81.15518,347.6,0.62,0.54,2026-04-10,716,N21,VIIRS,n,2.0NRT,304.77,21.82,D
19.30383,78.63842,338.23,0.45,0.63,2026-04-10,716,N21,VIIRS,n,2.0NRT,306.11,3.56,D
19.30564,80.43075,337.67,0.34,0.56,2026-04-10,716,N21,VIIRS,n,2.0NRT,305.37,2.97,D
19.30708,84.01003,341.71,0.41,0.45,2026-04-10,716,N21,VIIRS,n,2.0NRT,301.83,6.56,D
19.30981,83.52584,341.29,0.44,0.46,2026-04-10,716,N21,VIIRS,n,2.0NRT,305.41,4.91,D
19.31022,81.15149,333.79,0.62,0.54,2026-04-10,716,N21,VIIRS,l,2.0NRT,304.11,10.45,D
19.31175,80.5356,334.31,0.34,0.56,2026-04-10,716,N21,VIIRS,n,2.0NRT,303.96,1.91,D
19.31218,81.1526,335.4,0.62,0.54,2026-04-10,716,N21,VIIRS,n,2.0NRT,303.73,6.3,D
19.31669,94.14403,336.58,0.54,0.42,2026-04-10,716,N21,VIIRS,n,2.0NRT,302.89,7.35,D
19.31878,80.54399,337.12,0.34,0.56,2026-04-10,716,N21,VIIRS,n,2.0NRT,306.08,2.94,D
19.32023,81.02765,336.69,0.63,0.54,2026-04-10,716,N21,VIIRS,n,2.0NRT,304.25,9.42,D
19.32236,95.61047,342.92,0.44,0.46,2026-04-10,716,N21,VIIRS,n,2.0NRT,305.7,8.81,D
19.32265,82.98925,342.13,0.47,0.48,2026-04-10,716,N21,VIIRS,n,2.0NRT,310.3,9.64,D
19.32277,83.95818,341.02,0.41,0.45,2026-04-10,716,N21,VIIRS,n,2.0NRT,305.76,12.39,D
19.32286,95.61458,347.87,0.44,0.46,2026-04-10,716,N21,VIIRS,n,2.0NRT,307.54,8.81,D
19.32556,83.05162,333.91,0.47,0.48,2026-04-10,716,N21,VIIRS,n,2.0NRT,307.84,3.02,D
19.32709,95.61405,341.08,0.44,0.46,2026-04-10,716,N21,VIIRS,n,2.0NRT,306.56,8.81,D
19.33142,80.03359,337.63,0.37,0.58,2026-04-10,716,N21,VIIRS,l,2.0NRT,308.13,3.95,D
19.33191,81.13394,332.07,0.62,0.54,2026-04-10,716,N21,VIIRS,l,2.0NRT,303.44,6.77,D
19.33412,83.86156,334.52,0.42,0.45,2026-04-10,716,N21,VIIRS,n,2.0NRT,301.68,5.49,D
19.33479,80.99912,332.82,0.63,0.54,2026-04-10,716,N21,VIIRS,l,2.0NRT,307.75,7.13,D
19.33701,80.18739,367,0.36,0.57,2026-04-10,716,N21,VIIRS,h,2.0NRT,304.12,10,D
19.33847,80.33273,334.64,0.35,0.57,2026-04-10,716,N21,VIIRS,l,2.0NRT,307.6,1.19,D
19.33888,80.53938,340.92,0.34,0.56,2026-04-10,716,N21,VIIRS,n,2.0NRT,305.05,4.52,D
19.34465,76.66319,335.57,0.61,0.71,2026-04-10,716,N21,VIIRS,l,2.0NRT,306.79,5.52,D
19.34632,80.60042,342.31,0.34,0.56,2026-04-10,716,N21,VIIRS,n,2.0NRT,302.26,3.58,D
19.35136,80.59944,339.49,0.34,0.56,2026-04-10,716,N21,VIIRS,n,2.0NRT,303.22,3.58,D
19.35195,78.17747,332.3,0.48,0.65,2026-04-10,716,N21,VIIRS,l,2.0NRT,306.25,2.8,D
19.35236,79.32292,335.44,0.41,0.6,2026-04-10,716,N21,VIIRS,l,2.0NRT,308.02,2.3,D
19.35709,83.93924,340.57,0.41,0.45,2026-04-10,716,N21,VIIRS,n,2.0NRT,304.39,10.66,D
19.35777,78.17616,336.55,0.48,0.65,2026-04-10,716,N21,VIIRS,l,2.0NRT,306.8,4.86,D
19.36117,93.86086,347.56,0.52,0.41,2026-04-10,716,N21,VIIRS,n,2.0NRT,305.85,10.09,D
19.3618,93.86577,349.04,0.52,0.41,2026-04-10,716,N21,VIIRS,n,2.0NRT,305.5,10.09,D
19.36215,79.63912,348.43,0.39,0.59,2026-04-10,716,N21,VIIRS,n,2.0NRT,305.6,6.64,D
19.36289,79.64261,348.07,0.39,0.59,2026-04-10,716,N21,VIIRS,n,2.0NRT,305.84,4.95,D
19.3636,79.6459,334.78,0.39,0.59,2026-04-10,716,N21,VIIRS,n,2.0NRT,303.32,4.95,D
19.36597,95.96661,341.12,0.46,0.47,2026-04-10,716,N21,VIIRS,n,2.0NRT,302.06,8.79,D
19.36606,82.85648,331.41,0.48,0.48,2026-04-10,716,N21,VIIRS,l,2.0NRT,306.35,3.23,D
19.36755,84.17417,336.26,0.4,0.44,2026-04-10,716,N21,VIIRS,n,2.0NRT,303.12,4.2,D
19.37214,82.86457,341.39,0.48,0.48,2026-04-10,716,N21,VIIRS,n,2.0NRT,304.05,7.18,D
19.37316,80.72974,333.33,0.33,0.55,2026-04-10,716,N21,VIIRS,n,2.0NRT,302.34,3.68,D
19.37389,80.73325,334.38,0.33,0.55,2026-04-10,716,N21,VIIRS,n,2.0NRT,300.69,3.68,D
19.3756,80.06275,336.73,0.36,0.58,2026-04-10,716,N21,VIIRS,n,2.0NRT,304.36,5.98,D
19.37631,80.06617,335.61,0.36,0.58,2026-04-10,716,N21,VIIRS,n,2.0NRT,304.3,5.84,D
19.37737,82.8449,341.35,0.48,0.48,2026-04-10,716,N21,VIIRS,n,2.0NRT,308.73,11.64,D
19.37756,84.02674,337.71,0.41,0.45,2026-04-10,716,N21,VIIRS,n,2.0NRT,305.47,3.73,D
19.38089,84.02218,353.16,0.41,0.45,2026-04-10,716,N21,VIIRS,n,2.0NRT,305.5,17.22,D
19.38103,80.29393,333.78,0.35,0.57,2026-04-10,716,N21,VIIRS,l,2.0NRT,307.44,2.5,D
19.3823,82.9173,336.01,0.47,0.48,2026-04-10,716,N21,VIIRS,n,2.0NRT,306.39,3.45,D
19.38664,82.91648,339.72,0.47,0.48,2026-04-10,716,N21,VIIRS,n,2.0NRT,306.75,3.45,D
19.38803,80.72629,330.93,0.33,0.55,2026-04-10,716,N21,VIIRS,n,2.0NRT,302.18,6.7,D
19.38874,80.72974,367,0.33,0.55,2026-04-10,716,N21,VIIRS,h,2.0NRT,306.26,6.7,D
19.38971,80.05239,333.78,0.36,0.58,2026-04-10,716,N21,VIIRS,l,2.0NRT,308.19,2.8,D
19.39134,83.65166,335.74,0.43,0.46,2026-04-10,716,N21,VIIRS,n,2.0NRT,299.53,3.9,D
19.39476,94.18657,334.76,0.54,0.42,2026-04-10,716,N21,VIIRS,n,2.0NRT,297.9,13.93,D
19.39774,77.3067,333.17,0.55,0.68,2026-04-10,716,N21,VIIRS,l,2.0NRT,305.25,3.11,D
19.39817,80.80066,333.12,0.32,0.55,2026-04-10,716,N21,VIIRS,n,2.0NRT,303.08,3.5,D
19.40501,94.17429,332.58,0.54,0.42,2026-04-10,716,N21,VIIRS,n,2.0NRT,301.82,4.1,D
19.40504,84.06245,330.52,0.4,0.44,2026-04-10,716,N21,VIIRS,n,2.0NRT,301.86,4.25,D
19.40566,94.17941,340.87,0.54,0.42,2026-04-10,716,N21,VIIRS,n,2.0NRT,303.04,15.63,D
19.40886,94.17358,332.34,0.54,0.42,2026-04-10,716,N21,VIIRS,n,2.0NRT,301.99,7.92,D
19.41021,80.80896,340.67,0.32,0.55,2026-04-10,716,N21,VIIRS,n,2.0NRT,303.58,4.61,D
19.41209,94.16813,333.88,0.54,0.42,2026-04-10,716,N21,VIIRS,n,2.0NRT,302.79,7.92,D
19.41336,94.1781,335.73,0.54,0.42,2026-04-10,716,N21,VIIRS,n,2.0NRT,301.92,8.76,D
19.41403,94.18342,332.87,0.54,0.42,2026-04-10,716,N21,VIIRS,n,2.0NRT,302.06,8.76,D
19.41452,84.06867,340.06,0.4,0.44,2026-04-10,716,N21,VIIRS,n,2.0NRT,302.47,8.41,D
19.41686,83.42007,340.7,0.44,0.46,2026-04-10,716,N21,VIIRS,n,2.0NRT,304.38,4.61,D
19.41697,83.41719,340.56,0.44,0.46,2026-04-10,716,N21,VIIRS,n,2.0NRT,304.25,5.54,D
19.4172,79.41214,333.66,0.4,0.6,2026-04-10,716,N21,VIIRS,n,2.0NRT,303.22,4.21,D
19.42911,80.82571,335.87,0.32,0.55,2026-04-10,716,N21,VIIRS,n,2.0NRT,298.83,2.99,D
19.4318,76.83806,337.89,0.59,0.7,2026-04-10,716,N21,VIIRS,l,2.0NRT,309.43,3.92,D
19.43416,83.23379,341.45,0.45,0.47,2026-04-10,716,N21,VIIRS,n,2.0NRT,306.85,16.51,D
19.43439,80.18993,330.18,0.36,0.57,2026-04-10,716,N21,VIIRS,l,2.0NRT,303.81,1.32,D
19.43843,83.23312,343.11,0.45,0.47,2026-04-10,716,N21,VIIRS,n,2.0NRT,307.93,16.51,D
19.4391,80.21278,331.13,0.35,0.57,2026-04-10,716,N21,VIIRS,l,2.0NRT,305.1,2.96,D
19.44002,84.18544,344.75,0.4,0.44,2026-04-10,716,N21,VIIRS,n,2.0NRT,301.64,5.91,D
19.44088,80.21219,330.77,0.35,0.57,2026-04-10,716,N21,VIIRS,l,2.0NRT,305.17,2.25,D
19.4434,94.32135,346.93,0.55,0.43,2026-04-10,716,N21,VIIRS,n,2.0NRT,303.66,10.29,D
19.4443,80.05064,332.92,0.36,0.58,2026-04-10,716,N21,VIIRS,l,2.0NRT,306.57,2.22,D
19.44563,84.07283,330.24,0.4,0.44,2026-04-10,716,N21,VIIRS,n,2.0NRT,303.55,1.7,D
19.44729,94.32071,330.21,0.55,0.43,2026-04-10,716,N21,VIIRS,l,2.0NRT,300.64,10.29,D
19.44896,77.30559,330.67,0.55,0.68,2026-04-10,716,N21,VIIRS,l,2.0NRT,304.81,4.04,D
19.45381,80.74088,332.36,0.33,0.55,2026-04-10,716,N21,VIIRS,l,2.0NRT,302.4,3.56,D
19.45566,83.25436,355.21,0.45,0.47,2026-04-10,716,N21,VIIRS,n,2.0NRT,304.92,12.39,D
19.4571,93.70571,333.02,0.51,0.41,2026-04-10,716,N21,VIIRS,l,2.0NRT,307.62,6.33,D
19.46211,93.77431,336.01,0.52,0.41,2026-04-10,716,N21,VIIRS,l,2.0NRT,307.02,6.96,D
19.46253,80.2383,337.3,0.35,0.57,2026-04-10,716,N21,VIIRS,n,2.0NRT,306.31,1.69,D
19.46273,93.77919,355.28,0.52,0.41,2026-04-10,716,N21,VIIRS,n,2.0NRT,308.97,26.31,D
19.4649,81.12627,340.74,0.62,0.54,2026-04-10,716,N21,VIIRS,n,2.0NRT,302.83,9.27,D
19.46784,97.4071,342.88,0.58,0.52,2026-04-10,716,N21,VIIRS,n,2.0NRT,302.11,13.42,D
19.47163,80.80132,341.49,0.32,0.55,2026-04-10,716,N21,VIIRS,n,2.0NRT,301.1,3.35,D
19.47258,97.40628,342.19,0.58,0.52,2026-04-10,716,N21,VIIRS,n,2.0NRT,300.11,13.42,D
19.47341,93.71327,335.46,0.51,0.41,2026-04-10,716,N21,VIIRS,l,2.0NRT,306.33,2.92,D
19.47706,80.50046,331.03,0.34,0.56,2026-04-10,716,N21,VIIRS,l,2.0NRT,302.8,3.71,D
19.48073,95.95338,339.69,0.46,0.47,2026-04-10,716,N21,VIIRS,n,2.0NRT,299.69,9.03,D
19.48429,81.12228,340.85,0.62,0.54,2026-04-10,716,N21,VIIRS,n,2.0NRT,303.45,7.24,D
19.48544,83.99553,340.8,0.41,0.45,2026-04-10,716,N21,VIIRS,n,2.0NRT,306.49,3.05,D
19.48731,94.66991,342.73,0.39,0.44,2026-04-10,716,N21,VIIRS,n,2.0NRT,308.59,7.08,D
19.48744,83.9157,334.46,0.41,0.45,2026-04-10,716,N21,VIIRS,l,2.0NRT,306.17,2.8,D
19.48823,83.8515,343.49,0.41,0.45,2026-04-10,716,N21,VIIRS,n,2.0NRT,304.31,6.61,D
19.48915,81.12134,333.93,0.62,0.54,2026-04-10,716,N21,VIIRS,n,2.0NRT,302.42,7.24,D
19.49091,93.67142,339.55,0.51,0.41,2026-04-10,716,N21,VIIRS,n,2.0NRT,306.56,7.2,D
19.49129,94.66934,343.97,0.39,0.44,2026-04-10,716,N21,VIIRS,n,2.0NRT,308.26,7.08,D
19.49272,83.98966,334.14,0.41,0.45,2026-04-10,716,N21,VIIRS,l,2.0NRT,306.25,17.86,D
19.49345,93.71991,343.39,0.51,0.41,2026-04-10,716,N21,VIIRS,n,2.0NRT,305.25,2.65,D
19.49346,83.99364,354.28,0.41,0.45,2026-04-10,716,N21,VIIRS,n,2.0NRT,315.46,17.86,D
19.49794,80.07392,339.94,0.36,0.57,2026-04-10,716,N21,VIIRS,n,2.0NRT,306.22,2.72,D
19.50141,80.16806,337.22,0.36,0.57,2026-04-10,716,N21,VIIRS,n,2.0NRT,303.87,4.34,D
19.5021,80.17136,339.26,0.36,0.57,2026-04-10,716,N21,VIIRS,n,2.0NRT,304.37,5.14,D
19.50545,83.60879,331.65,0.43,0.46,2026-04-10,716,N21,VIIRS,n,2.0NRT,302.67,3.97,D
19.50715,94.22075,337.98,0.55,0.42,2026-04-10,716,N21,VIIRS,n,2.0NRT,302.04,8.97,D
19.51303,79.27124,333.02,0.41,0.6,2026-04-10,716,N21,VIIRS,l,2.0NRT,306.57,2,D
19.51682,94.64684,347.03,0.38,0.44,2026-04-10,716,N21,VIIRS,n,2.0NRT,306.16,9.92,D
19.51903,83.03587,341.39,0.46,0.47,2026-04-10,716,N21,VIIRS,n,2.0NRT,310.61,6.34,D
19.51916,83.94965,335.84,0.41,0.45,2026-04-10,716,N21,VIIRS,n,2.0NRT,305.61,6.54,D
19.51949,83.95301,340.85,0.41,0.45,2026-04-10,716,N21,VIIRS,n,2.0NRT,306.5,8.1,D
19.5199,83.95354,340.1,0.41,0.45,2026-04-10,716,N21,VIIRS,n,2.0NRT,304.61,5.63,D
19.52031,80.02055,341.08,0.36,0.58,2026-04-10,716,N21,VIIRS,n,2.0NRT,306.48,3.35,D
19.52083,78.91039,334.57,0.43,0.62,2026-04-10,716,N21,VIIRS,l,2.0NRT,306.8,4.45,D
19.52116,79.99915,336.47,0.36,0.58,2026-04-10,716,N21,VIIRS,l,2.0NRT,307.88,3.43,D
19.52233,80.13936,335.54,0.36,0.57,2026-04-10,716,N21,VIIRS,n,2.0NRT,301.99,4.02,D
19.52244,77.09161,333.55,0.56,0.69,2026-04-10,716,N21,VIIRS,l,2.0NRT,308.25,5.97,D
19.52351,80.13639,333.11,0.36,0.57,2026-04-10,716,N21,VIIRS,l,2.0NRT,303.22,3.95,D
19.52423,80.13971,341.63,0.36,0.57,2026-04-10,716,N21,VIIRS,n,2.0NRT,302.89,3.95,D
19.52427,80.90651,332.14,0.32,0.54,2026-04-10,716,N21,VIIRS,n,2.0NRT,300.16,8.01,D
19.52494,80.14302,334.15,0.36,0.57,2026-04-10,716,N21,VIIRS,n,2.0NRT,302.77,2.97,D
19.52575,81.11079,332.4,0.62,0.54,2026-04-10,716,N21,VIIRS,n,2.0NRT,301.23,9.46,D
19.52642,80.71592,343.61,0.33,0.55,2026-04-10,716,N21,VIIRS,n,2.0NRT,302.45,4.48,D
19.52675,81.10741,336.89,0.62,0.54,2026-04-10,716,N21,VIIRS,n,2.0NRT,302.54,6.58,D
19.52712,80.71933,334.81,0.33,0.55,2026-04-10,716,N21,VIIRS,n,2.0NRT,301.25,5.9,D
19.52746,80.13818,337.56,0.36,0.57,2026-04-10,716,N21,VIIRS,n,2.0NRT,303.55,4.02,D
19.52901,94.67893,347.79,0.39,0.44,2026-04-10,716,N21,VIIRS,n,2.0NRT,310.86,23.2,D
19.52908,83.62054,333.13,0.43,0.46,2026-04-10,716,N21,VIIRS,n,2.0NRT,303.23,4.14,D
19.53007,80.90984,335.58,0.64,0.54,2026-04-10,716,N21,VIIRS,n,2.0NRT,299.78,4.5,D
19.53122,80.13029,330.18,0.36,0.57,2026-04-10,716,N21,VIIRS,l,2.0NRT,303.78,2.7,D
19.53307,80.13068,330.4,0.36,0.57,2026-04-10,716,N21,VIIRS,l,2.0NRT,304.13,1.65,D
19.53328,80.9504,342.9,0.63,0.54,2026-04-10,716,N21,VIIRS,n,2.0NRT,302.67,20.18,D
19.5341,83.96212,340.59,0.41,0.45,2026-04-10,716,N21,VIIRS,n,2.0NRT,308.97,13.21,D
19.53478,83.96574,341.34,0.41,0.45,2026-04-10,716,N21,VIIRS,n,2.0NRT,307.28,11.77,D
19.53802,80.16328,331.04,0.36,0.57,2026-04-10,716,N21,VIIRS,l,2.0NRT,302.71,2.58,D
19.53818,80.94938,353.5,0.63,0.54,2026-04-10,716,N21,VIIRS,n,2.0NRT,307.36,48.76,D
19.53841,80.90059,348.44,0.32,0.54,2026-04-10,716,N21,VIIRS,n,2.0NRT,307.55,15.21,D
19.53842,83.43979,341.52,0.44,0.46,2026-04-10,716,N21,VIIRS,n,2.0NRT,307.97,36.43,D
19.53868,83.4347,332.99,0.44,0.46,2026-04-10,716,N21,VIIRS,n,2.0NRT,298.9,21.35,D
19.5394,80.16027,333.22,0.35,0.57,2026-04-10,716,N21,VIIRS,n,2.0NRT,303.21,4.08,D
19.53956,83.43923,341.8,0.44,0.46,2026-04-10,716,N21,VIIRS,n,2.0NRT,308.96,43.97,D
19.53986,80.90768,342.53,0.64,0.54,2026-04-10,716,N21,VIIRS,n,2.0NRT,304.89,12.72,D
19.54328,80.89939,334.14,0.32,0.54,2026-04-10,716,N21,VIIRS,n,2.0NRT,306.37,15.21,D
19.54389,80.90237,367,0.32,0.54,2026-04-10,716,N21,VIIRS,h,2.0NRT,306.62,15.21,D
19.54429,80.97919,338.51,0.63,0.54,2026-04-10,716,N21,VIIRS,n,2.0NRT,304.14,6.52,D
19.54475,80.90656,351.39,0.64,0.54,2026-04-10,716,N21,VIIRS,n,2.0NRT,304.73,12.72,D
19.54542,80.13809,367,0.36,0.57,2026-04-10,716,N21,VIIRS,h,2.0NRT,304.97,9.73,D
19.54612,80.14137,347.33,0.36,0.57,2026-04-10,716,N21,VIIRS,n,2.0NRT,303.89,9.73,D
19.54683,80.14466,342.13,0.36,0.57,2026-04-10,716,N21,VIIRS,n,2.0NRT,305.25,6.6,D
19.54702,94.67305,343.48,0.39,0.44,2026-04-10,716,N21,VIIRS,n,2.0NRT,309.15,6.35,D
19.54788,80.97184,330.46,0.63,0.54,2026-04-10,716,N21,VIIRS,n,2.0NRT,305.04,6.29,D
19.54846,94.67237,344.07,0.39,0.44,2026-04-10,716,N21,VIIRS,n,2.0NRT,309.6,5.54,D
19.54911,80.97784,333.08,0.63,0.54,2026-04-10,716,N21,VIIRS,n,2.0NRT,304.8,6.52,D
19.55053,80.1368,367,0.36,0.57,2026-04-10,716,N21,VIIRS,h,2.0NRT,305.97,9.73,D
19.55059,82.30983,331.44,0.51,0.5,2026-04-10,716,N21,VIIRS,l,2.0NRT,302.75,5.67,D
19.55399,80.21473,336.16,0.35,0.57,2026-04-10,716,N21,VIIRS,n,2.0NRT,306.33,2.83,D
19.55611,93.96151,333.73,0.53,0.42,2026-04-10,716,N21,VIIRS,l,2.0NRT,304.09,21.95,D
19.55642,80.21486,332.26,0.35,0.57,2026-04-10,716,N21,VIIRS,l,2.0NRT,306.29,2.1,D
19.55803,83.61508,332.93,0.43,0.46,2026-04-10,716,N21,VIIRS,l,2.0NRT,303.21,6.2,D
19.55894,77.53491,341.17,0.53,0.67,2026-04-10,716,N21,VIIRS,n,2.0NRT,309.48,5.96,D
19.56007,80.57645,341.71,0.33,0.56,2026-04-10,716,N21,VIIRS,n,2.0NRT,303.87,3.7,D
19.56046,94.11423,336.63,0.54,0.42,2026-04-10,716,N21,VIIRS,n,2.0NRT,299.53,6,D
19.56082,80.52965,344.13,0.34,0.56,2026-04-10,716,N21,VIIRS,n,2.0NRT,303.86,4.05,D
19.56098,80.10988,332.39,0.36,0.57,2026-04-10,716,N21,VIIRS,l,2.0NRT,306.52,2.16,D
19.56766,81.7788,332.73,0.56,0.51,2026-04-10,716,N21,VIIRS,l,2.0NRT,304.91,4.08,D
19.56888,80.12176,334.78,0.36,0.57,2026-04-10,716,N21,VIIRS,l,2.0NRT,305.71,2.32,D
19.56941,80.14969,338.75,0.36,0.57,2026-04-10,716,N21,VIIRS,n,2.0NRT,306.6,5.01,D
19.57088,81.05964,334.48,0.62,0.54,2026-04-10,716,N21,VIIRS,n,2.0NRT,301.88,7.46,D
19.57242,79.36315,331.63,0.4,0.6,2026-04-10,716,N21,VIIRS,l,2.0NRT,305.11,3.17,D
19.57324,79.367,345.9,0.4,0.6,2026-04-10,716,N21,VIIRS,n,2.0NRT,307.21,3.17,D
19.57401,80.12054,354.49,0.36,0.57,2026-04-10,716,N21,VIIRS,n,2.0NRT,307.27,6.51,D
19.57439,83.97588,351.05,0.41,0.45,2026-04-10,716,N21,VIIRS,n,2.0NRT,312.04,25.94,D
19.57477,82.56816,332.87,0.5,0.49,2026-04-10,716,N21,VIIRS,n,2.0NRT,302.42,6.32,D
19.57522,79.36668,338.7,0.4,0.6,2026-04-10,716,N21,VIIRS,n,2.0NRT,305.42,2.56,D
19.57687,81.06419,340.54,0.62,0.54,2026-04-10,716,N21,VIIRS,n,2.0NRT,303.99,7.46,D
19.57825,82.56454,337.62,0.5,0.49,2026-04-10,716,N21,VIIRS,n,2.0NRT,303.76,4.25,D
19.5817,81.06307,335.27,0.62,0.54,2026-04-10,716,N21,VIIRS,n,2.0NRT,303.5,6.5,D
19.58784,81.0434,330.31,0.62,0.54,2026-04-10,716,N21,VIIRS,l,2.0NRT,300.64,4.66,D
19.5889,94.30326,340.22,0.55,0.43,2026-04-10,716,N21,VIIRS,n,2.0NRT,301.72,22.99,D
19.58906,81.04941,332.16,0.62,0.54,2026-04-10,716,N21,VIIRS,l,2.0NRT,302.2,4.66,D
19.58959,94.68904,335.73,0.39,0.44,2026-04-10,716,N21,VIIRS,l,2.0NRT,307.26,6.93,D
19.59116,95.07172,354.44,0.41,0.45,2026-04-10,716,N21,VIIRS,n,2.0NRT,309.73,17.72,D
19.59281,94.30279,345.6,0.55,0.43,2026-04-10,716,N21,VIIRS,n,2.0NRT,299.47,22.99,D
19.59471,80.59232,331.06,0.33,0.55,2026-04-10,716,N21,VIIRS,n,2.0NRT,304.4,1.31,D
19.59659,78.24001,332.91,0.47,0.64,2026-04-10,716,N21,VIIRS,l,2.0NRT,306.62,2.62,D
19.59674,76.6373,330.52,0.6,0.71,2026-04-10,716,N21,VIIRS,l,2.0NRT,304.3,7.06,D
19.59706,80.77943,341.89,0.32,0.55,2026-04-10,716,N21,VIIRS,n,2.0NRT,303.81,7.27,D
19.60324,83.77145,337.35,0.42,0.45,2026-04-10,716,N21,VIIRS,n,2.0NRT,307.16,3.69,D
19.60818,83.81955,345.67,0.41,0.45,2026-04-10,716,N21,VIIRS,n,2.0NRT,307.7,7.16,D
19.60858,83.82008,342.81,0.41,0.45,2026-04-10,716,N21,VIIRS,n,2.0NRT,308.25,7.09,D
19.61081,78.5546,337.55,0.45,0.63,2026-04-10,716,N21,VIIRS,l,2.0NRT,310.41,4.68,D
19.61284,78.55299,337.59,0.45,0.63,2026-04-10,716,N21,VIIRS,l,2.0NRT,310.81,5.15,D
19.61527,82.15679,335.87,0.53,0.5,2026-04-10,716,N21,VIIRS,l,2.0NRT,306.24,7.93,D
19.61607,83.70492,345.67,0.42,0.45,2026-04-10,716,N21,VIIRS,n,2.0NRT,310.69,6.58,D
19.62004,83.3373,340.35,0.44,0.46,2026-04-10,716,N21,VIIRS,n,2.0NRT,304.79,6.25,D
19.6206,83.3373,337.24,0.44,0.46,2026-04-10,716,N21,VIIRS,n,2.0NRT,304.45,6.3,D
19.62072,83.66203,343.62,0.42,0.45,2026-04-10,716,N21,VIIRS,n,2.0NRT,307.99,4.48,D
19.621,80.87032,353.34,0.32,0.54,2026-04-10,716,N21,VIIRS,n,2.0NRT,305.87,17.29,D
19.62241,80.12031,367,0.36,0.57,2026-04-10,716,N21,VIIRS,h,2.0NRT,306.89,6.14,D
19.62311,80.12372,333.52,0.36,0.57,2026-04-10,716,N21,VIIRS,n,2.0NRT,304.49,6.14,D
19.62437,94.10715,340.87,0.54,0.42,2026-04-10,716,N21,VIIRS,n,2.0NRT,311.33,172.58,D
19.62442,94.51683,338.29,0.57,0.43,2026-04-10,716,N21,VIIRS,n,2.0NRT,300.18,9.75,D
19.62826,94.10691,341.57,0.54,0.42,2026-04-10,716,N21,VIIRS,n,2.0NRT,315.04,172.58,D
19.63079,83.89415,335.03,0.41,0.45,2026-04-10,716,N21,VIIRS,n,2.0NRT,305.86,2.72,D
19.63192,80.06224,349.79,0.36,0.57,2026-04-10,716,N21,VIIRS,n,2.0NRT,310.13,5.04,D
19.63324,94.71279,340.86,0.39,0.44,2026-04-10,716,N21,VIIRS,n,2.0NRT,310.45,4.32,D
19.63339,96.63646,343.81,0.51,0.5,2026-04-10,716,N21,VIIRS,n,2.0NRT,292.37,24.99,D
19.63695,79.66803,351.54,0.38,0.59,2026-04-10,716,N21,VIIRS,n,2.0NRT,307.02,12.44,D
19.63769,79.67157,367,0.38,0.59,2026-04-10,716,N21,VIIRS,h,2.0NRT,310.75,26.12,D
19.641,79.66715,341.29,0.38,0.59,2026-04-10,716,N21,VIIRS,n,2.0NRT,306.85,4.63,D
19.64222,79.66682,346.09,0.38,0.59,2026-04-10,716,N21,VIIRS,n,2.0NRT,306.78,7.99,D
19.64254,79.67423,355.21,0.38,0.59,2026-04-10,716,N21,VIIRS,n,2.0NRT,307.95,9.95,D
19.64297,79.67039,334.08,0.38,0.59,2026-04-10,716,N21,VIIRS,n,2.0NRT,308.13,8.13,D
19.6433,79.67773,331.58,0.38,0.59,2026-04-10,716,N21,VIIRS,l,2.0NRT,306.06,4.59,D
19.64372,79.67392,346.13,0.38,0.59,2026-04-10,716,N21,VIIRS,n,2.0NRT,308.3,8.13,D
19.64446,79.67742,335.66,0.38,0.59,2026-04-10,716,N21,VIIRS,l,2.0NRT,306.37,4.53,D
19.6455,83.72586,333.24,0.42,0.45,2026-04-10,716,N21,VIIRS,n,2.0NRT,306.68,1.39,D
19.64627,79.66593,344.92,0.38,0.59,2026-04-10,716,N21,VIIRS,n,2.0NRT,309.98,4.63,D
19.64676,83.70986,333.63,0.42,0.45,2026-04-10,716,N21,VIIRS,l,2.0NRT,305.68,3.15,D
19.64705,79.66951,340.89,0.38,0.59,2026-04-10,716,N21,VIIRS,n,2.0NRT,309.27,9.95,D
19.64859,79.67657,353.51,0.38,0.59,2026-04-10,716,N21,VIIRS,n,2.0NRT,307.39,4.59,D
19.6486,95.03339,339.92,0.41,0.45,2026-04-10,716,N21,VIIRS,n,2.0NRT,309.07,5.02,D
19.64974,79.67624,351.76,0.38,0.59,2026-04-10,716,N21,VIIRS,n,2.0NRT,307.62,4.53,D
19.65067,83.7534,339.69,0.42,0.45,2026-04-10,716,N21,VIIRS,n,2.0NRT,306.64,2.36,D
19.65269,95.03284,349.57,0.41,0.45,2026-04-10,716,N21,VIIRS,n,2.0NRT,309.47,5.02,D
19.6553,80.1152,331.78,0.36,0.57,2026-04-10,716,N21,VIIRS,l,2.0NRT,304.68,1.36,D
19.65936,93.80761,336.64,0.52,0.41,2026-04-10,716,N21,VIIRS,n,2.0NRT,304.47,11.95,D
19.65965,93.80972,341.38,0.52,0.42,2026-04-10,716,N21,VIIRS,n,2.0NRT,303.82,14.86,D
19.66042,80.11398,332.75,0.36,0.57,2026-04-10,716,N21,VIIRS,l,2.0NRT,306.15,2.31,D
19.66119,82.99805,341.68,0.46,0.47,2026-04-10,716,N21,VIIRS,n,2.0NRT,308.53,6.88,D
19.66415,82.99853,346.88,0.46,0.47,2026-04-10,716,N21,VIIRS,n,2.0NRT,311.33,7.04,D
19.66716,83.93124,341.9,0.41,0.45,2026-04-10,716,N21,VIIRS,n,2.0NRT,303.43,8.08,D
19.66876,80.74614,337.43,0.32,0.55,2026-04-10,716,N21,VIIRS,n,2.0NRT,305.15,2.43,D
19.67217,80.66355,334.9,0.33,0.55,2026-04-10,716,N21,VIIRS,n,2.0NRT,303.86,2.68,D
19.67278,80.66647,336.03,0.33,0.55,2026-04-10,716,N21,VIIRS,n,2.0NRT,304.69,5.08,D
19.67423,78.20737,339.85,0.47,0.64,2026-04-10,716,N21,VIIRS,n,2.0NRT,308.03,2.76,D
19.67426,78.20749,340.1,0.47,0.64,2026-04-10,716,N21,VIIRS,n,2.0NRT,307.85,2.42,D
19.67458,95.04179,343.58,0.41,0.45,2026-04-10,716,N21,VIIRS,n,2.0NRT,311.24,7.32,D
19.6765,80.11372,346.27,0.36,0.57,2026-04-10,716,N21,VIIRS,n,2.0NRT,306.63,5,D
19.67777,77.43715,332.69,0.53,0.67,2026-04-10,716,N21,VIIRS,l,2.0NRT,307.59,3.16,D
19.67914,80.0497,367,0.36,0.57,2026-04-10,716,N21,VIIRS,h,2.0NRT,308.25,7.1,D
19.67925,80.93029,330.09,0.63,0.54,2026-04-10,716,N21,VIIRS,l,2.0NRT,303.79,8.98,D
19.67952,80.10255,330.7,0.36,0.57,2026-04-10,716,N21,VIIRS,l,2.0NRT,305.09,1.86,D
19.68129,82.50942,343.87,0.5,0.49,2026-04-10,716,N21,VIIRS,n,2.0NRT,312.52,11.54,D
19.68194,82.5083,349.04,0.5,0.49,2026-04-10,716,N21,VIIRS,n,2.0NRT,311.39,10.84,D
19.68309,80.01715,332.37,0.36,0.57,2026-04-10,716,N21,VIIRS,n,2.0NRT,305.35,1.3,D
19.69227,83.18613,331.61,0.45,0.47,2026-04-10,716,N21,VIIRS,l,2.0NRT,303.37,4.34,D
19.69611,79.66593,335.72,0.38,0.59,2026-04-10,716,N21,VIIRS,n,2.0NRT,305.66,4.1,D
19.69655,79.92609,342.6,0.37,0.58,2026-04-10,716,N21,VIIRS,n,2.0NRT,307.18,3.55,D
19.69712,79.92567,345.12,0.36,0.58,2026-04-10,716,N21,VIIRS,n,2.0NRT,307.16,4.47,D
19.70147,95.60989,338.79,0.44,0.46,2026-04-10,716,N21,VIIRS,n,2.0NRT,306.64,8.92,D
19.70188,80.05517,340.32,0.36,0.57,2026-04-10,716,N21,VIIRS,n,2.0NRT,306.32,5.13,D
19.70634,93.87231,336.64,0.52,0.42,2026-04-10,716,N21,VIIRS,n,2.0NRT,306.24,33.64,D
19.70641,80.23003,341.86,0.35,0.57,2026-04-10,716,N21,VIIRS,n,2.0NRT,307.62,2.81,D
19.71284,83.27232,335.36,0.45,0.47,2026-04-10,716,N21,VIIRS,l,2.0NRT,305.99,2.27,D
19.71348,93.95844,332.74,0.53,0.42,2026-04-10,716,N21,VIIRS,n,2.0NRT,301.69,14.1,D
19.7158,83.83166,331.71,0.41,0.45,2026-04-10,716,N21,VIIRS,n,2.0NRT,301.22,3.93,D
19.71594,83.83205,335.92,0.41,0.45,2026-04-10,716,N21,VIIRS,n,2.0NRT,301.6,3.56,D
19.7164,95.04697,343.9,0.41,0.45,2026-04-10,716,N21,VIIRS,n,2.0NRT,306.08,17.03,D
19.71656,83.83563,351.38,0.41,0.45,2026-04-10,716,N21,VIIRS,n,2.0NRT,305.33,12.68,D
19.71667,83.83602,354.48,0.41,0.45,2026-04-10,716,N21,VIIRS,n,2.0NRT,305.68,11.57,D
19.72121,77.95872,336.03,0.49,0.65,2026-04-10,716,N21,VIIRS,l,2.0NRT,307.96,4.45,D
19.72211,77.95665,345.62,0.49,0.65,2026-04-10,716,N21,VIIRS,n,2.0NRT,307.79,4.04,D
19.7223,78.17812,341.94,0.47,0.64,2026-04-10,716,N21,VIIRS,n,2.0NRT,308.49,4.41,D
19.72304,79.31023,334.52,0.4,0.6,2026-04-10,716,N21,VIIRS,l,2.0NRT,307.59,1.33,D
19.7236,95.00339,336.47,0.41,0.45,2026-04-10,716,N21,VIIRS,l,2.0NRT,309.02,3.68,D
19.72582,83.88589,332.89,0.41,0.45,2026-04-10,716,N21,VIIRS,n,2.0NRT,303.38,5.41,D
19.72605,83.88538,335.97,0.41,0.45,2026-04-10,716,N21,VIIRS,n,2.0NRT,303.97,4.8,D
19.7275,94.86632,341.63,0.4,0.44,2026-04-10,716,N21,VIIRS,n,2.0NRT,310.14,7.83,D
19.7282,95.83594,330.41,0.46,0.47,2026-04-10,716,N21,VIIRS,l,2.0NRT,301.99,4.18,D
19.73105,93.88339,332.28,0.53,0.42,2026-04-10,716,N21,VIIRS,l,2.0NRT,302.46,5.78,D
19.73215,83.94328,340.68,0.4,0.45,2026-04-10,716,N21,VIIRS,n,2.0NRT,302.44,6.96,D
19.73291,79.88937,351.87,0.37,0.58,2026-04-10,716,N21,VIIRS,n,2.0NRT,307.58,6.07,D
19.73367,80.01975,333.31,0.36,0.57,2026-04-10,716,N21,VIIRS,n,2.0NRT,305.02,2.58,D
19.7344,80.02316,336.82,0.36,0.57,2026-04-10,716,N21,VIIRS,n,2.0NRT,305.53,2.9,D
19.73594,80.03743,349.34,0.36,0.57,2026-04-10,716,N21,VIIRS,n,2.0NRT,305.37,3.34,D
19.73664,80.0408,336.59,0.36,0.57,2026-04-10,716,N21,VIIRS,n,2.0NRT,304.7,3.34,D
19.73732,80.03677,347.26,0.36,0.57,2026-04-10,716,N21,VIIRS,n,2.0NRT,305.01,3.58,D
19.73739,80.01188,337.17,0.36,0.57,2026-04-10,716,N21,VIIRS,n,2.0NRT,305.05,6.32,D
19.73805,80.04014,337.22,0.36,0.57,2026-04-10,716,N21,VIIRS,n,2.0NRT,304.93,3.58,D
19.73812,80.01526,367,0.36,0.57,2026-04-10,716,N21,VIIRS,h,2.0NRT,307.18,14.34,D
19.73876,80.0435,332.59,0.36,0.57,2026-04-10,716,N21,VIIRS,l,2.0NRT,304.89,2.32,D
19.7388,83.95245,337.25,0.4,0.45,2026-04-10,716,N21,VIIRS,n,2.0NRT,301.67,6.16,D
19.73913,81.47215,342.04,0.58,0.52,2026-04-10,716,N21,VIIRS,n,2.0NRT,304.72,13.24,D
19.73957,80.02205,333.44,0.36,0.57,2026-04-10,716,N21,VIIRS,l,2.0NRT,306.29,2.16,D
19.74042,80.00075,336.77,0.36,0.57,2026-04-10,716,N21,VIIRS,n,2.0NRT,305.67,6.26,D
19.74112,80.00404,367,0.36,0.57,2026-04-10,716,N21,VIIRS,h,2.0NRT,307.66,6.26,D
19.74177,95.0162,349.14,0.41,0.45,2026-04-10,716,N21,VIIRS,n,2.0NRT,310.9,15.27,D
19.74257,80.01077,344.31,0.36,0.57,2026-04-10,716,N21,VIIRS,n,2.0NRT,306.96,6.32,D
19.74276,93.9437,341.05,0.53,0.42,2026-04-10,716,N21,VIIRS,n,2.0NRT,304.83,16.1,D
19.74433,83.84892,330.69,0.41,0.45,2026-04-10,716,N21,VIIRS,l,2.0NRT,301.67,30.6,D
19.7455,80.18716,337.66,0.35,0.57,2026-04-10,716,N21,VIIRS,n,2.0NRT,307.06,2.92,D
19.7491,83.85194,342.3,0.41,0.45,2026-04-10,716,N21,VIIRS,n,2.0NRT,306.92,31.52,D
19.7493,79.99162,332.12,0.36,0.57,2026-04-10,716,N21,VIIRS,l,2.0NRT,305.93,2.55,D
19.75001,79.99496,343.33,0.36,0.57,2026-04-10,716,N21,VIIRS,n,2.0NRT,306.91,2.55,D
19.75289,79.59393,342.51,0.38,0.59,2026-04-10,716,N21,VIIRS,n,2.0NRT,307.06,4.94,D
19.75355,78.20972,333.59,0.47,0.64,2026-04-10,716,N21,VIIRS,l,2.0NRT,306.14,5.17,D
19.75359,83.27752,334.75,0.44,0.46,2026-04-10,716,N21,VIIRS,n,2.0NRT,308.42,4.77,D
19.75448,79.99055,335.87,0.36,0.57,2026-04-10,716,N21,VIIRS,l,2.0NRT,306.8,4.82,D
19.7561,79.59177,352.86,0.38,0.59,2026-04-10,716,N21,VIIRS,n,2.0NRT,306.83,4.94,D
19.75679,78.54839,346.63,0.45,0.63,2026-04-10,716,N21,VIIRS,n,2.0NRT,312.61,7.69,D
19.75686,79.59529,347.79,0.38,0.59,2026-04-10,716,N21,VIIRS,n,2.0NRT,306.83,4.94,D
19.75694,75.8483,333.38,0.67,0.74,2026-04-10,716,N21,VIIRS,l,2.0NRT,304.45,3.64,D
19.75872,93.94655,333.31,0.53,0.42,2026-04-10,716,N21,VIIRS,l,2.0NRT,303.88,25.39,D
19.75987,76.25496,330.96,0.63,0.72,2026-04-10,716,N21,VIIRS,l,2.0NRT,304.81,5.81,D
19.76138,93.78989,344.38,0.52,0.42,2026-04-10,716,N21,VIIRS,n,2.0NRT,304.23,14.41,D
19.76165,93.79306,334.77,0.52,0.42,2026-04-10,716,N21,VIIRS,n,2.0NRT,304.25,9.2,D
19.76242,94.0958,337.26,0.54,0.42,2026-04-10,716,N21,VIIRS,n,2.0NRT,301.7,8.69,D
19.76508,80.86417,340.36,0.63,0.54,2026-04-10,716,N21,VIIRS,n,2.0NRT,304.39,10.61,D
19.76526,93.85242,333.86,0.52,0.42,2026-04-10,716,N21,VIIRS,n,2.0NRT,301.84,10.26,D
19.76535,93.84911,345.95,0.52,0.42,2026-04-10,716,N21,VIIRS,n,2.0NRT,304.58,24.65,D
19.77019,94.12552,340.72,0.54,0.42,2026-04-10,716,N21,VIIRS,n,2.0NRT,304.95,25,D
19.77058,80.09158,367,0.35,0.57,2026-04-10,716,N21,VIIRS,h,2.0NRT,307.67,7.26,D
19.77085,94.13063,336.34,0.54,0.42,2026-04-10,716,N21,VIIRS,n,2.0NRT,300.82,25,D
19.77179,83.52961,330.96,0.43,0.46,2026-04-10,716,N21,VIIRS,l,2.0NRT,303.43,2.96,D
19.77272,93.9118,337.48,0.53,0.42,2026-04-10,716,N21,VIIRS,n,2.0NRT,305.65,10.82,D
19.77341,94.11995,339.96,0.54,0.42,2026-04-10,716,N21,VIIRS,n,2.0NRT,302.19,103.24,D
19.77379,80.75568,331.07,0.32,0.55,2026-04-10,716,N21,VIIRS,l,2.0NRT,305.33,2.81,D
19.77384,93.91339,336.5,0.53,0.42,2026-04-10,716,N21,VIIRS,n,2.0NRT,305.05,8.99,D
19.77428,83.08719,336.56,0.46,0.47,2026-04-10,716,N21,VIIRS,n,2.0NRT,305.2,2.24,D
19.7747,94.12997,342.34,0.54,0.42,2026-04-10,716,N21,VIIRS,n,2.0NRT,300.61,446.71,D
19.77507,80.75587,331.96,0.32,0.55,2026-04-10,716,N21,VIIRS,l,2.0NRT,304.59,1.28,D
19.77572,80.09046,332.24,0.35,0.57,2026-04-10,716,N21,VIIRS,n,2.0NRT,307.19,1.97,D
19.77622,83.63525,340.11,0.42,0.45,2026-04-10,716,N21,VIIRS,n,2.0NRT,306.6,7.38,D
19.77677,80.82104,341.62,0.32,0.54,2026-04-10,716,N21,VIIRS,n,2.0NRT,298.68,5.54,D
19.77728,94.11945,337.94,0.54,0.42,2026-04-10,716,N21,VIIRS,l,2.0NRT,308.94,103.24,D
19.77736,80.82397,367,0.32,0.54,2026-04-10,716,N21,VIIRS,h,2.0NRT,298.8,5.54,D
19.77792,94.12439,367,0.54,0.42,2026-04-10,716,N21,VIIRS,l,2.0NRT,365.66,446.71,D
19.77846,80.82085,350.88,0.32,0.54,2026-04-10,716,N21,VIIRS,n,2.0NRT,303.5,25.05,D
19.77856,94.1293,367,0.54,0.42,2026-04-10,716,N21,VIIRS,l,2.0NRT,326.41,446.71,D
19.77938,80.82523,340.36,0.64,0.54,2026-04-10,716,N21,VIIRS,n,2.0NRT,302.04,11.84,D
19.78037,83.63462,340.31,0.42,0.45,2026-04-10,716,N21,VIIRS,n,2.0NRT,306.3,3.82,D
19.78061,76.11282,334.59,0.64,0.72,2026-04-10,716,N21,VIIRS,l,2.0NRT,306.01,5.23,D
19.78115,94.11894,333.55,0.54,0.42,2026-04-10,716,N21,VIIRS,l,2.0NRT,305.88,8.7,D
19.78179,94.12387,323.74,0.54,0.42,2026-04-10,716,N21,VIIRS,l,2.0NRT,324.08,142.61,D
19.78219,80.82254,336.01,0.32,0.54,2026-04-10,716,N21,VIIRS,n,2.0NRT,302.79,2.87,D
19.78243,94.12878,337.6,0.54,0.42,2026-04-10,716,N21,VIIRS,l,2.0NRT,310.13,142.61,D
19.78307,94.13375,338.05,0.54,0.42,2026-04-10,716,N21,VIIRS,l,2.0NRT,308.09,52.14,D
19.7839,94.54894,342.26,0.38,0.43,2026-04-10,716,N21,VIIRS,n,2.0NRT,308.5,8.2,D
19.78495,80.77843,333.76,0.32,0.55,2026-04-10,716,N21,VIIRS,l,2.0NRT,306.93,3.48,D
19.78687,83.60065,335.49,0.42,0.45,2026-04-10,716,N21,VIIRS,n,2.0NRT,304.83,4.7,D
19.78973,80.75211,334.81,0.32,0.55,2026-04-10,716,N21,VIIRS,l,2.0NRT,305.83,3.45,D
19.78974,83.60071,340.26,0.42,0.45,2026-04-10,716,N21,VIIRS,n,2.0NRT,304.59,4.72,D
19.78988,80.20765,331.93,0.35,0.57,2026-04-10,716,N21,VIIRS,l,2.0NRT,304.72,3.65,D
19.79056,80.21083,347.31,0.35,0.57,2026-04-10,716,N21,VIIRS,n,2.0NRT,305.74,6.2,D
19.79785,81.12428,337.83,0.61,0.53,2026-04-10,716,N21,VIIRS,n,2.0NRT,303.2,6.52,D
19.80032,80.18131,332.97,0.35,0.57,2026-04-10,716,N21,VIIRS,l,2.0NRT,303.73,3.73,D
19.81345,93.83517,335.05,0.52,0.42,2026-04-10,716,N21,VIIRS,n,2.0NRT,303.66,5.89,D
19.81488,83.05131,340.43,0.46,0.47,2026-04-10,716,N21,VIIRS,n,2.0NRT,309.4,4.2,D
19.82438,80.11759,335.85,0.35,0.57,2026-04-10,716,N21,VIIRS,l,2.0NRT,306.93,4.36,D
19.82617,78.64826,338.17,0.44,0.62,2026-04-10,716,N21,VIIRS,l,2.0NRT,310.65,3.51,D
19.82751,94.00588,331.22,0.54,0.42,2026-04-10,716,N21,VIIRS,n,2.0NRT,303.64,2.42,D
19.83559,80.09418,334.85,0.35,0.57,2026-04-10,716,N21,VIIRS,l,2.0NRT,306.88,2.44,D
19.83634,80.14925,339.71,0.35,0.57,2026-04-10,716,N21,VIIRS,n,2.0NRT,304.47,4.41,D
19.84227,80.06651,335.45,0.35,0.57,2026-04-10,716,N21,VIIRS,l,2.0NRT,306.58,3.34,D
19.84258,83.99485,330.71,0.4,0.44,2026-04-10,716,N21,VIIRS,n,2.0NRT,304.36,3.52,D
19.84547,80.0642,333.06,0.36,0.57,2026-04-10,716,N21,VIIRS,l,2.0NRT,307.11,1.97,D
19.8471,96.58704,352.02,0.51,0.5,2026-04-10,716,N21,VIIRS,n,2.0NRT,302.97,11.66,D
19.85166,80.08522,337.85,0.35,0.57,2026-04-10,716,N21,VIIRS,l,2.0NRT,308.79,3.52,D
19.85233,80.149,367,0.35,0.57,2026-04-10,716,N21,VIIRS,h,2.0NRT,305.39,5.6,D
19.85303,80.15237,342.86,0.35,0.57,2026-04-10,716,N21,VIIRS,n,2.0NRT,303.87,5.6,D
19.85372,80.15567,343.21,0.35,0.57,2026-04-10,716,N21,VIIRS,n,2.0NRT,304.53,3.77,D
19.85398,84.01174,355.23,0.4,0.44,2026-04-10,716,N21,VIIRS,n,2.0NRT,304.43,10.09,D
19.85412,80.14661,336.5,0.35,0.57,2026-04-10,716,N21,VIIRS,n,2.0NRT,303.75,6.28,D
19.85485,80.14997,367,0.35,0.57,2026-04-10,716,N21,VIIRS,h,2.0NRT,306.53,6.28,D
19.85746,80.14795,331.94,0.35,0.57,2026-04-10,716,N21,VIIRS,n,2.0NRT,304.35,5.6,D
19.86084,80.16428,333.84,0.35,0.57,2026-04-10,716,N21,VIIRS,n,2.0NRT,305.82,2.11,D
19.86278,93.43977,334.26,0.5,0.41,2026-04-10,716,N21,VIIRS,n,2.0NRT,299.73,4.74,D
19.86346,83.25745,335.55,0.44,0.46,2026-04-10,716,N21,VIIRS,n,2.0NRT,304.56,4.67,D
19.86353,77.72257,334.75,0.5,0.66,2026-04-10,716,N21,VIIRS,l,2.0NRT,308.46,5.76,D
19.86456,77.72716,350.8,0.5,0.66,2026-04-10,716,N21,VIIRS,n,2.0NRT,309.73,7.85,D
19.86683,77.72189,333.52,0.5,0.66,2026-04-10,716,N21,VIIRS,l,2.0NRT,307.51,6.28,D
19.86789,77.72647,346.51,0.5,0.66,2026-04-10,716,N21,VIIRS,n,2.0NRT,308.11,9.06,D
19.87039,93.97434,340.05,0.53,0.42,2026-04-10,716,N21,VIIRS,n,2.0NRT,304.04,19.57,D
19.87343,80.18682,355.51,0.35,0.57,2026-04-10,716,N21,VIIRS,n,2.0NRT,305.38,4.03,D
19.87375,97.28892,334.42,0.57,0.52,2026-04-10,716,N21,VIIRS,n,2.0NRT,299.49,5.48,D
19.87577,80.18492,339.01,0.35,0.57,2026-04-10,716,N21,VIIRS,n,2.0NRT,303.7,4.55,D
19.87646,80.18826,346.01,0.35,0.57,2026-04-10,716,N21,VIIRS,n,2.0NRT,305.98,4.55,D
19.87856,80.18584,334.51,0.35,0.57,2026-04-10,716,N21,VIIRS,l,2.0NRT,304.51,4.03,D
19.87978,83.53426,345.1,0.43,0.46,2026-04-10,716,N21,VIIRS,n,2.0NRT,311.08,81.41,D
19.88039,77.82559,338.75,0.5,0.65,2026-04-10,716,N21,VIIRS,n,2.0NRT,308.29,2.49,D
19.88044,83.53786,345.26,0.43,0.46,2026-04-10,716,N21,VIIRS,n,2.0NRT,313.98,81.41,D
19.88121,83.54201,330.16,0.43,0.46,2026-04-10,716,N21,VIIRS,l,2.0NRT,301.81,14.9,D
19.88276,83.53746,367,0.43,0.46,2026-04-10,716,N21,VIIRS,h,2.0NRT,333.17,245.98,D
19.88355,83.54156,341.32,0.43,0.46,2026-04-10,716,N21,VIIRS,n,2.0NRT,302.57,28.52,D
19.88396,83.53378,338.64,0.43,0.46,2026-04-10,716,N21,VIIRS,l,2.0NRT,309.86,81.41,D
19.88437,77.82475,336.55,0.5,0.65,2026-04-10,716,N21,VIIRS,l,2.0NRT,309.56,2.68,D
19.88438,93.96184,338.24,0.53,0.42,2026-04-10,716,N21,VIIRS,n,2.0NRT,298.32,20.06,D
19.88475,93.94352,331.2,0.53,0.42,2026-04-10,716,N21,VIIRS,n,2.0NRT,299.76,5.04,D
19.8854,83.54156,332.46,0.43,0.46,2026-04-10,716,N21,VIIRS,n,2.0NRT,302.09,14.9,D
19.886,80.1707,331.62,0.35,0.57,2026-04-10,716,N21,VIIRS,l,2.0NRT,304.48,1.29,D
19.88602,93.95373,337.22,0.53,0.42,2026-04-10,716,N21,VIIRS,n,2.0NRT,299.46,8.39,D
19.88666,93.95888,348.11,0.53,0.42,2026-04-10,716,N21,VIIRS,n,2.0NRT,301.55,18.94,D
19.88686,93.95099,345.71,0.53,0.42,2026-04-10,716,N21,VIIRS,n,2.0NRT,300.66,63.02,D
19.88754,93.95613,346.96,0.53,0.42,2026-04-10,716,N21,VIIRS,n,2.0NRT,302.89,20.06,D
19.88822,93.9613,344.11,0.53,0.42,2026-04-10,716,N21,VIIRS,n,2.0NRT,302.74,20.06,D
19.88985,93.95316,367,0.53,0.42,2026-04-10,716,N21,VIIRS,l,2.0NRT,337.21,189.8,D
19.89053,80.85654,332.56,0.63,0.54,2026-04-10,716,N21,VIIRS,n,2.0NRT,305.42,4.8,D
19.89138,93.95563,320.36,0.53,0.42,2026-04-10,716,N21,VIIRS,l,2.0NRT,323.35,456.87,D
19.8916,94.16846,346.01,0.55,0.43,2026-04-10,716,N21,VIIRS,n,2.0NRT,296.27,16.84,D
19.89248,80.22617,337.2,0.35,0.56,2026-04-10,716,N21,VIIRS,n,2.0NRT,305.94,2.93,D
19.89368,93.95257,342.42,0.53,0.42,2026-04-10,716,N21,VIIRS,n,2.0NRT,305.72,189.8,D
19.89394,82.19745,337.06,0.52,0.5,2026-04-10,716,N21,VIIRS,n,2.0NRT,303.35,7.02,D
19.89451,93.94978,335.56,0.53,0.42,2026-04-10,716,N21,VIIRS,n,2.0NRT,299.69,148.34,D
19.89532,83.8458,331.08,0.41,0.45,2026-04-10,716,N21,VIIRS,n,2.0NRT,306.04,6.56,D
19.89611,83.4505,345.06,0.43,0.46,2026-04-10,716,N21,VIIRS,n,2.0NRT,305.2,3.94,D
19.8962,80.16846,332.26,0.35,0.57,2026-04-10,716,N21,VIIRS,l,2.0NRT,303.85,2.88,D
19.89938,83.84511,346.99,0.41,0.45,2026-04-10,716,N21,VIIRS,n,2.0NRT,305.58,6.56,D
19.9001,83.84899,345.7,0.41,0.45,2026-04-10,716,N21,VIIRS,n,2.0NRT,306.86,6.56,D
19.9027,83.88545,334.03,0.41,0.45,2026-04-10,716,N21,VIIRS,l,2.0NRT,305.19,1.74,D
19.90742,80.19622,330.65,0.35,0.57,2026-04-10,716,N21,VIIRS,l,2.0NRT,303.72,2.45,D
19.90808,80.19937,332.98,0.35,0.56,2026-04-10,716,N21,VIIRS,l,2.0NRT,303.67,2.45,D
19.9146,80.75143,341.65,0.32,0.55,2026-04-10,716,N21,VIIRS,n,2.0NRT,306.61,3.04,D
19.91675,79.51949,330.14,0.38,0.59,2026-04-10,716,N21,VIIRS,l,2.0NRT,304.88,2.51,D
19.91925,77.11785,344.4,0.55,0.68,2026-04-10,716,N21,VIIRS,n,2.0NRT,309.48,8.15,D
19.92835,83.8203,336.5,0.41,0.45,2026-04-10,716,N21,VIIRS,n,2.0NRT,305.65,4.23,D
19.92934,84.02897,340.56,0.4,0.44,2026-04-10,716,N21,VIIRS,n,2.0NRT,307.79,5.19,D
19.93245,83.81977,341.24,0.41,0.45,2026-04-10,716,N21,VIIRS,n,2.0NRT,305.45,5.93,D
19.93254,83.81923,342.29,0.41,0.45,2026-04-10,716,N21,VIIRS,n,2.0NRT,305.81,5.64,D
19.93339,83.9385,334.89,0.4,0.44,2026-04-10,716,N21,VIIRS,l,2.0NRT,307.15,5.58,D
19.93903,83.90118,337.41,0.4,0.45,2026-04-10,716,N21,VIIRS,n,2.0NRT,307.32,3.49,D
19.94003,76.18224,333.24,0.63,0.72,2026-04-10,716,N21,VIIRS,l,2.0NRT,306.92,2.58,D
19.94307,83.90045,333,0.4,0.45,2026-04-10,716,N21,VIIRS,l,2.0NRT,307.4,3.49,D
19.95147,84.08168,335.19,0.39,0.44,2026-04-10,716,N21,VIIRS,n,2.0NRT,307.31,1.82,D
19.95216,84.08545,341.78,0.39,0.44,2026-04-10,716,N21,VIIRS,n,2.0NRT,305.84,2.92,D
19.9522,94.07471,335.99,0.54,0.42,2026-04-10,716,N21,VIIRS,n,2.0NRT,299.07,5.32,D
19.9552,78.71085,335.53,0.43,0.62,2026-04-10,716,N21,VIIRS,l,2.0NRT,307.64,3.88,D
19.95608,78.71487,343.46,0.43,0.62,2026-04-10,716,N21,VIIRS,n,2.0NRT,307.38,7.31,D
19.95767,83.93466,336.01,0.4,0.44,2026-04-10,716,N21,VIIRS,n,2.0NRT,307.1,7.04,D
19.95796,94.05815,344.91,0.54,0.42,2026-04-10,716,N21,VIIRS,n,2.0NRT,296.65,27.87,D
19.9584,83.93868,340.57,0.4,0.44,2026-04-10,716,N21,VIIRS,n,2.0NRT,307.49,7.56,D
19.95934,83.93789,340.41,0.4,0.44,2026-04-10,716,N21,VIIRS,n,2.0NRT,308.52,8.84,D
19.95978,78.5836,335.13,0.44,0.62,2026-04-10,716,N21,VIIRS,l,2.0NRT,309.36,3.49,D
19.96031,93.95433,333.02,0.53,0.42,2026-04-10,716,N21,VIIRS,n,2.0NRT,301.72,2.79,D
19.9604,84.01773,345.39,0.4,0.44,2026-04-10,716,N21,VIIRS,n,2.0NRT,308.93,5.3,D
19.96263,78.5834,336.89,0.44,0.62,2026-04-10,716,N21,VIIRS,l,2.0NRT,309.77,3.93,D
19.9644,84.01691,334.03,0.4,0.44,2026-04-10,716,N21,VIIRS,l,2.0NRT,306.92,5.3,D
19.96541,78.70405,340.43,0.43,0.62,2026-04-10,716,N21,VIIRS,n,2.0NRT,306.39,6.76,D
19.96738,94.00919,342.65,0.54,0.42,2026-04-10,716,N21,VIIRS,n,2.0NRT,300.67,14.74,D
19.97195,94.01423,335.34,0.54,0.42,2026-04-10,716,N21,VIIRS,n,2.0NRT,296.29,14.74,D
19.9736,80.20747,336.34,0.35,0.56,2026-04-10,716,N21,VIIRS,n,2.0NRT,305.49,4.75,D
19.97407,83.94978,342.03,0.4,0.44,2026-04-10,716,N21,VIIRS,n,2.0NRT,308.9,4.25,D
19.97685,80.20748,346.72,0.35,0.56,2026-04-10,716,N21,VIIRS,n,2.0NRT,306.97,3.78,D
19.97889,84.06308,343,0.39,0.44,2026-04-10,716,N21,VIIRS,n,2.0NRT,308.08,5.67,D
19.98112,84.0633,336.54,0.39,0.44,2026-04-10,716,N21,VIIRS,l,2.0NRT,307.54,4.11,D
19.98535,95.96928,339.19,0.47,0.48,2026-04-10,716,N21,VIIRS,n,2.0NRT,300.77,6.89,D
19.9965,84.02485,346.81,0.4,0.44,2026-04-10,716,N21,VIIRS,n,2.0NRT,308.03,7.45,D
20.00709,93.96535,330.4,0.54,0.42,2026-04-10,716,N21,VIIRS,n,2.0NRT,296.68,21.84,D
20.00739,83.39194,330.06,0.43,0.46,2026-04-10,716,N21,VIIRS,l,2.0NRT,303.45,1.21,D
20.01032,93.95992,342.06,0.54,0.42,2026-04-10,716,N21,VIIRS,n,2.0NRT,298.45,60.3,D
20.01095,93.96487,340.08,0.54,0.42,2026-04-10,716,N21,VIIRS,n,2.0NRT,301.07,21.84,D
20.01314,95.97942,333.42,0.47,0.48,2026-04-10,716,N21,VIIRS,n,2.0NRT,302.06,2.13,D
20.01383,83.91761,332.2,0.4,0.44,2026-04-10,716,N21,VIIRS,l,2.0NRT,306.92,5.45,D
20.01467,80.8052,332.35,0.63,0.54,2026-04-10,716,N21,VIIRS,l,2.0NRT,305.98,4.38,D
20.0178,84.02807,331.76,0.4,0.44,2026-04-10,716,N21,VIIRS,n,2.0NRT,303.02,3.48,D
20.02197,78.9645,338.42,0.42,0.61,2026-04-10,716,N21,VIIRS,l,2.0NRT,309.17,3.27,D
20.02698,80.79067,333.36,0.63,0.54,2026-04-10,716,N21,VIIRS,l,2.0NRT,305.96,4.01,D
20.02927,76.4493,332.72,0.6,0.71,2026-04-10,716,N21,VIIRS,l,2.0NRT,304.53,2.39,D
20.03108,76.44762,333.6,0.6,0.71,2026-04-10,716,N21,VIIRS,n,2.0NRT,303.36,3.98,D
20.03351,79.8112,338.8,0.37,0.58,2026-04-10,716,N21,VIIRS,n,2.0NRT,309.12,4.01,D
20.04279,93.58092,333.57,0.51,0.41,2026-04-10,716,N21,VIIRS,n,2.0NRT,300.72,7.04,D
20.04422,93.65002,331.8,0.52,0.41,2026-04-10,716,N21,VIIRS,n,2.0NRT,300.41,3.91,D
20.05585,94.60886,339.35,0.39,0.44,2026-04-10,716,N21,VIIRS,n,2.0NRT,309.21,6.84,D
20.05709,94.52265,344.61,0.38,0.44,2026-04-10,716,N21,VIIRS,n,2.0NRT,308.95,16.12,D
20.07561,83.1993,340.56,0.44,0.46,2026-04-10,716,N21,VIIRS,n,2.0NRT,308.87,6.05,D
20.07926,93.01535,338.4,0.48,0.4,2026-04-10,716,N21,VIIRS,n,2.0NRT,306.95,7.75,D
20.07981,77.61547,332.28,0.51,0.66,2026-04-10,716,N21,VIIRS,l,2.0NRT,306.35,1.68,D
20.08656,80.85715,344.62,0.62,0.54,2026-04-10,716,N21,VIIRS,n,2.0NRT,305.16,10.37,D
20.09195,80.08412,338.01,0.35,0.57,2026-04-10,716,N21,VIIRS,n,2.0NRT,307.68,6.63,D
20.09265,80.08742,354.79,0.35,0.57,2026-04-10,716,N21,VIIRS,n,2.0NRT,309.36,8.68,D
20.0955,77.32666,345.06,0.53,0.67,2026-04-10,716,N21,VIIRS,n,2.0NRT,309.74,5.13,D
20.09683,77.32704,338.23,0.53,0.67,2026-04-10,716,N21,VIIRS,l,2.0NRT,310.41,7.55,D
20.10177,79.79937,335.65,0.37,0.58,2026-04-10,716,N21,VIIRS,l,2.0NRT,309.05,2.18,D
20.10288,93.77502,334.92,0.52,0.42,2026-04-10,716,N21,VIIRS,n,2.0NRT,300.8,12.53,D
20.10446,83.68108,343.73,0.41,0.45,2026-04-10,716,N21,VIIRS,n,2.0NRT,305.64,3.29,D
20.10519,83.68501,332.13,0.41,0.45,2026-04-10,716,N21,VIIRS,n,2.0NRT,304.94,3.29,D
20.10799,79.8548,337.37,0.36,0.58,2026-04-10,716,N21,VIIRS,l,2.0NRT,310.52,3.15,D
20.10827,82.96081,331.66,0.46,0.47,2026-04-10,716,N21,VIIRS,l,2.0NRT,305.53,5.04,D
20.10861,93.8822,333.8,0.53,0.42,2026-04-10,716,N21,VIIRS,n,2.0NRT,300.21,6.66,D
20.11173,82.95586,336.43,0.46,0.47,2026-04-10,716,N21,VIIRS,n,2.0NRT,305.81,6.52,D
20.11674,82.95885,341.42,0.46,0.47,2026-04-10,716,N21,VIIRS,n,2.0NRT,307.09,7.41,D
20.12422,93.46472,343.72,0.5,0.41,2026-04-10,716,N21,VIIRS,n,2.0NRT,302.82,12.21,D
20.12796,93.46418,347.51,0.5,0.41,2026-04-10,716,N21,VIIRS,n,2.0NRT,303.98,12.92,D
20.14366,78.94314,340.53,0.41,0.61,2026-04-10,716,N21,VIIRS,l,2.0NRT,311.58,4.54,D
20.14452,81.80531,333.13,0.54,0.51,2026-04-10,716,N21,VIIRS,n,2.0NRT,302.99,2.73,D
20.14544,83.58749,335.25,0.42,0.45,2026-04-10,716,N21,VIIRS,l,2.0NRT,308.85,6.48,D
20.14581,83.6118,343.24,0.42,0.45,2026-04-10,716,N21,VIIRS,n,2.0NRT,308.88,5.67,D
20.1538,82.87543,334.64,0.46,0.47,2026-04-10,716,N21,VIIRS,n,2.0NRT,304.72,3.69,D
20.15671,77.59697,342.66,0.51,0.66,2026-04-10,716,N21,VIIRS,n,2.0NRT,311.8,6.98,D
20.15843,83.58881,338.07,0.42,0.45,2026-04-10,716,N21,VIIRS,n,2.0NRT,306.56,4.93,D
20.15972,77.59644,339.22,0.51,0.66,2026-04-10,716,N21,VIIRS,l,2.0NRT,311.81,7.04,D
20.16621,80.90884,337.45,0.62,0.54,2026-04-10,716,N21,VIIRS,n,2.0NRT,306.3,4.99,D
20.16843,83.75323,330.74,0.41,0.45,2026-04-10,716,N21,VIIRS,l,2.0NRT,302.93,2.4,D
20.16915,83.18365,334.59,0.44,0.46,2026-04-10,716,N21,VIIRS,l,2.0NRT,308.1,2.92,D
20.17586,83.74806,340.17,0.41,0.45,2026-04-10,716,N21,VIIRS,n,2.0NRT,304.9,6.9,D
20.17607,96.56799,352.29,0.52,0.5,2026-04-10,716,N21,VIIRS,n,2.0NRT,297.83,13.53,D
20.17999,83.74767,335.19,0.41,0.45,2026-04-10,716,N21,VIIRS,n,2.0NRT,304.14,3.12,D
20.18575,96.57188,344.07,0.52,0.5,2026-04-10,716,N21,VIIRS,n,2.0NRT,300.81,26.44,D
20.18703,93.85523,334.88,0.53,0.42,2026-04-10,716,N21,VIIRS,n,2.0NRT,300.47,6.46,D
20.18864,83.45457,336.26,0.43,0.46,2026-04-10,716,N21,VIIRS,n,2.0NRT,304.1,1.98,D
20.18906,96.56061,346.37,0.52,0.5,2026-04-10,716,N21,VIIRS,n,2.0NRT,301.73,36.1,D
20.18914,80.12554,333.17,0.35,0.56,2026-04-10,716,N21,VIIRS,l,2.0NRT,307.77,1.44,D
20.19,76.31131,331.36,0.61,0.71,2026-04-10,716,N21,VIIRS,l,2.0NRT,305.93,3.01,D
20.19085,93.85458,337.18,0.53,0.42,2026-04-10,716,N21,VIIRS,n,2.0NRT,301.42,6.46,D
20.19397,80.14807,337.18,0.34,0.56,2026-04-10,716,N21,VIIRS,n,2.0NRT,308.46,2.64,D
20.19442,76.30888,336.82,0.61,0.71,2026-04-10,716,N21,VIIRS,n,2.0NRT,306.23,4.32,D
20.19517,93.83605,337.89,0.53,0.42,2026-04-10,716,N21,VIIRS,n,2.0NRT,306.28,31.07,D
20.19605,80.14859,341.63,0.35,0.56,2026-04-10,716,N21,VIIRS,n,2.0NRT,308.68,3.28,D
20.19629,83.74506,337.29,0.41,0.45,2026-04-10,716,N21,VIIRS,n,2.0NRT,304.34,6.45,D
20.19651,93.83837,335.26,0.53,0.42,2026-04-10,716,N21,VIIRS,l,2.0NRT,305.68,24.13,D
20.197,83.74885,339.3,0.41,0.45,2026-04-10,716,N21,VIIRS,n,2.0NRT,303.95,6.45,D
20.19859,83.57668,339.87,0.42,0.45,2026-04-10,716,N21,VIIRS,n,2.0NRT,304.36,7.21,D
20.20167,80.65182,332.36,0.32,0.55,2026-04-10,716,N21,VIIRS,l,2.0NRT,307.01,4.11,D
20.20443,83.09423,336.55,0.45,0.47,2026-04-10,716,N21,VIIRS,l,2.0NRT,308.64,6.89,D
20.205,84.07842,330.14,0.39,0.44,2026-04-10,716,N21,VIIRS,l,2.0NRT,302.71,0.84,D
20.20504,76.28987,333.5,0.61,0.71,2026-04-10,716,N21,VIIRS,l,2.0NRT,306.63,7.15,D
20.20838,83.11504,340.57,0.45,0.47,2026-04-10,716,N21,VIIRS,n,2.0NRT,306.3,5.59,D
20.21089,76.293,342.51,0.61,0.71,2026-04-10,716,N21,VIIRS,n,2.0NRT,305.99,8.61,D
20.21283,83.94456,341.7,0.4,0.44,2026-04-10,716,N21,VIIRS,n,2.0NRT,306.1,3.17,D
20.21294,97.05933,341.19,0.56,0.51,2026-04-10,716,N21,VIIRS,n,2.0NRT,294.92,8.59,D
20.22344,83.59945,333.23,0.42,0.45,2026-04-10,716,N21,VIIRS,n,2.0NRT,301.31,2.34,D
20.22346,96.52657,333.51,0.52,0.5,2026-04-10,716,N21,VIIRS,n,2.0NRT,296.78,3.2,D
20.22356,80.31104,337.97,0.34,0.56,2026-04-10,716,N21,VIIRS,n,2.0NRT,307.08,1.65,D
20.22408,83.59984,334.21,0.42,0.45,2026-04-10,716,N21,VIIRS,n,2.0NRT,301.62,2.04,D
20.22443,93.85195,342.47,0.53,0.42,2026-04-10,716,N21,VIIRS,n,2.0NRT,305.1,17.42,D
20.22448,80.31199,335.9,0.34,0.56,2026-04-10,716,N21,VIIRS,l,2.0NRT,306.97,3.1,D
20.22781,79.72218,335.12,0.37,0.58,2026-04-10,716,N21,VIIRS,l,2.0NRT,306.91,4.17,D
20.22868,78.85722,339.65,0.42,0.61,2026-04-10,716,N21,VIIRS,l,2.0NRT,313.17,4.87,D
20.22887,93.85621,337.25,0.53,0.42,2026-04-10,716,N21,VIIRS,n,2.0NRT,304.03,12.09,D
20.23046,81.80733,336.19,0.54,0.51,2026-04-10,716,N21,VIIRS,l,2.0NRT,306.5,5.62,D
20.2318,80.67307,336.92,0.32,0.54,2026-04-10,716,N21,VIIRS,n,2.0NRT,307.57,0.91,D
20.24195,75.7905,340.47,0.66,0.73,2026-04-10,716,N21,VIIRS,n,2.0NRT,306.21,4.11,D
20.25074,79.75272,335.4,0.37,0.58,2026-04-10,716,N21,VIIRS,l,2.0NRT,305.88,3.27,D
20.25221,80.49755,347.58,0.33,0.55,2026-04-10,716,N21,VIIRS,n,2.0NRT,305.87,4.45,D
20.26395,93.82576,333.06,0.53,0.42,2026-04-10,716,N21,VIIRS,l,2.0NRT,305.28,7.55,D
20.2646,93.83073,334.16,0.53,0.42,2026-04-10,716,N21,VIIRS,n,2.0NRT,303.86,6.69,D
20.26835,80.04636,341.37,0.35,0.57,2026-04-10,716,N21,VIIRS,n,2.0NRT,308.69,4.16,D
20.27095,75.62107,334.73,0.68,0.74,2026-04-10,716,N21,VIIRS,n,2.0NRT,304.54,5.18,D
20.27099,80.04717,345.05,0.35,0.57,2026-04-10,716,N21,VIIRS,n,2.0NRT,308.14,9.56,D
20.27169,80.05043,333.73,0.35,0.57,2026-04-10,716,N21,VIIRS,l,2.0NRT,307.94,2.31,D
20.27252,95.5972,340.61,0.45,0.47,2026-04-10,716,N21,VIIRS,n,2.0NRT,308.66,8.4,D
20.27411,80.04841,337.82,0.35,0.57,2026-04-10,716,N21,VIIRS,n,2.0NRT,307.78,4.16,D
20.27678,80.04922,334.85,0.35,0.57,2026-04-10,716,N21,VIIRS,l,2.0NRT,307.92,2.31,D
20.28226,83.29225,330.42,0.43,0.46,2026-04-10,716,N21,VIIRS,l,2.0NRT,303.92,3.74,D
20.28367,80.00668,347.58,0.35,0.57,2026-04-10,716,N21,VIIRS,n,2.0NRT,307.01,12.46,D
20.28372,78.7676,338.92,0.42,0.61,2026-04-10,716,N21,VIIRS,l,2.0NRT,312.21,5.02,D
20.28392,75.26987,330.39,0.71,0.75,2026-04-10,716,N21,VIIRS,l,2.0NRT,303.24,3.7,D
20.28414,79.85801,344.94,0.36,0.57,2026-04-10,716,N21,VIIRS,n,2.0NRT,308.38,4.13,D
20.28437,80.00994,335.75,0.35,0.57,2026-04-10,716,N21,VIIRS,n,2.0NRT,309.5,12.46,D
20.28492,96.66161,331.36,0.53,0.5,2026-04-10,716,N21,VIIRS,n,2.0NRT,293.53,2.53,D
20.28808,80.00229,335.2,0.35,0.57,2026-04-10,716,N21,VIIRS,l,2.0NRT,307.54,13.95,D
20.28878,80.00555,351.61,0.35,0.57,2026-04-10,716,N21,VIIRS,n,2.0NRT,318.5,12.46,D
20.28948,80.00881,367,0.35,0.57,2026-04-10,716,N21,VIIRS,h,2.0NRT,313.51,12.46,D
20.2939,80.00442,336.3,0.35,0.57,2026-04-10,716,N21,VIIRS,n,2.0NRT,309.38,2.54,D
20.29468,83.22199,343.85,0.44,0.46,2026-04-10,716,N21,VIIRS,n,2.0NRT,302.82,17.32,D
20.30938,79.59293,337.87,0.37,0.58,2026-04-10,716,N21,VIIRS,n,2.0NRT,309.17,2.75,D
20.31434,82.64262,335.35,0.47,0.48,2026-04-10,716,N21,VIIRS,l,2.0NRT,308.11,4.8,D
20.31608,83.59684,333.04,0.42,0.45,2026-04-10,716,N21,VIIRS,l,2.0NRT,303.37,5.56,D
20.31689,83.60115,345.23,0.41,0.45,2026-04-10,716,N21,VIIRS,n,2.0NRT,303.57,5.56,D
20.32989,79.08275,335.06,0.4,0.6,2026-04-10,716,N21,VIIRS,l,2.0NRT,309.78,4.28,D
20.33402,82.99457,336.06,0.45,0.47,2026-04-10,716,N21,VIIRS,l,2.0NRT,308.5,3.54,D
20.33873,78.05692,336.55,0.47,0.64,2026-04-10,716,N21,VIIRS,l,2.0NRT,309.58,2.32,D
20.34249,80.28188,335.89,0.34,0.56,2026-04-10,716,N21,VIIRS,l,2.0NRT,308.62,2.46,D
20.35321,82.63428,342.37,0.47,0.48,2026-04-10,716,N21,VIIRS,n,2.0NRT,307.78,4.97,D
20.35506,93.09666,339.48,0.49,0.4,2026-04-10,716,N21,VIIRS,n,2.0NRT,307.16,6.58,D
20.35612,83.90306,335.31,0.4,0.44,2026-04-10,716,N21,VIIRS,n,2.0NRT,304.16,7.96,D
20.3627,80.45178,331.18,0.33,0.55,2026-04-10,716,N21,VIIRS,n,2.0NRT,305.89,0.87,D
20.37118,77.68883,334.07,0.49,0.65,2026-04-10,716,N21,VIIRS,l,2.0NRT,307.4,2.63,D
20.37622,79.9523,334.83,0.35,0.57,2026-04-10,716,N21,VIIRS,l,2.0NRT,306.68,2.81,D
20.38052,76.83534,334.52,0.56,0.69,2026-04-10,716,N21,VIIRS,l,2.0NRT,308.1,3.24,D
20.38187,80.46751,353.22,0.33,0.55,2026-04-10,716,N21,VIIRS,n,2.0NRT,307.16,5.5,D
20.38305,96.38239,341.34,0.51,0.49,2026-04-10,716,N21,VIIRS,n,2.0NRT,298.57,11.6,D
20.38751,79.57525,336.86,0.37,0.58,2026-04-10,716,N21,VIIRS,n,2.0NRT,308.15,2.01,D
20.38754,96.38169,340.02,0.51,0.49,2026-04-10,716,N21,VIIRS,n,2.0NRT,299.13,11.6,D
20.38792,79.57497,334.66,0.37,0.58,2026-04-10,716,N21,VIIRS,l,2.0NRT,307.76,3.75,D
20.39097,83.90327,336.09,0.4,0.44,2026-04-10,716,N21,VIIRS,n,2.0NRT,303.39,3.63,D
20.39633,83.86594,338.15,0.4,0.44,2026-04-10,716,N21,VIIRS,n,2.0NRT,302.55,3.73,D
20.40665,79.89372,350.13,0.35,0.57,2026-04-10,716,N21,VIIRS,n,2.0NRT,308.64,6.52,D
20.40876,83.88775,338.01,0.4,0.44,2026-04-10,716,N21,VIIRS,n,2.0NRT,306.3,7.49,D
20.41108,79.88925,334.46,0.36,0.57,2026-04-10,716,N21,VIIRS,l,2.0NRT,307.89,4.74,D
20.41178,79.89254,350.98,0.35,0.57,2026-04-10,716,N21,VIIRS,n,2.0NRT,309.49,5.71,D
20.41241,83.48135,333.68,0.42,0.45,2026-04-10,716,N21,VIIRS,l,2.0NRT,306.93,1.98,D
20.41248,79.89582,338.23,0.35,0.57,2026-04-10,716,N21,VIIRS,n,2.0NRT,309.6,5.71,D
20.41697,80.33708,332.62,0.33,0.55,2026-04-10,716,N21,VIIRS,l,2.0NRT,307.54,2.33,D
20.41925,80.49747,331.24,0.32,0.55,2026-04-10,716,N21,VIIRS,l,2.0NRT,306.16,1.56,D
20.4241,79.51579,333.46,0.38,0.58,2026-04-10,716,N21,VIIRS,l,2.0NRT,308.13,2.14,D
20.42597,80.48013,336.52,0.32,0.55,2026-04-10,716,N21,VIIRS,n,2.0NRT,305.71,3.99,D
20.42637,79.5263,333.83,0.37,0.58,2026-04-10,716,N21,VIIRS,l,2.0NRT,306.69,1.77,D
20.4266,80.48313,331.15,0.32,0.55,2026-04-10,716,N21,VIIRS,l,2.0NRT,304.82,2.83,D
20.4271,80.46067,332.67,0.33,0.55,2026-04-10,716,N21,VIIRS,l,2.0NRT,306.11,2.67,D
20.43359,83.73129,338.83,0.41,0.45,2026-04-10,716,N21,VIIRS,n,2.0NRT,306.53,5.02,D
20.43478,82.83697,334.42,0.46,0.47,2026-04-10,716,N21,VIIRS,l,2.0NRT,306.42,4.02,D
20.43657,80.5062,332.85,0.32,0.55,2026-04-10,716,N21,VIIRS,l,2.0NRT,305.15,1.75,D
20.43822,79.8136,339.68,0.36,0.57,2026-04-10,716,N21,VIIRS,n,2.0NRT,306.95,3.22,D
20.44696,80.48154,336.99,0.32,0.55,2026-04-10,716,N21,VIIRS,n,2.0NRT,305.33,6.68,D
20.45249,80.48329,342.99,0.32,0.55,2026-04-10,716,N21,VIIRS,n,2.0NRT,305.73,3.94,D
20.45311,80.48628,331.79,0.32,0.55,2026-04-10,716,N21,VIIRS,l,2.0NRT,306.17,3.94,D
20.4535,96.75288,330.35,0.54,0.51,2026-04-10,716,N21,VIIRS,n,2.0NRT,299.57,5.12,D
20.45576,77.49891,340.79,0.51,0.66,2026-04-10,716,N21,VIIRS,l,2.0NRT,312.21,10.14,D
20.46424,80.49014,336.93,0.32,0.55,2026-04-10,716,N21,VIIRS,n,2.0NRT,304.96,2.55,D
20.46498,80.51876,331.47,0.32,0.55,2026-04-10,716,N21,VIIRS,l,2.0NRT,306.43,2.24,D
20.46536,83.81268,337.66,0.4,0.44,2026-04-10,716,N21,VIIRS,n,2.0NRT,305.32,4.35,D
20.46657,77.23315,339.43,0.53,0.67,2026-04-10,716,N21,VIIRS,l,2.0NRT,312.61,7.07,D
20.46685,79.48386,350.77,0.38,0.58,2026-04-10,716,N21,VIIRS,n,2.0NRT,309.6,7.14,D
20.4683,80.18467,333.47,0.34,0.56,2026-04-10,716,N21,VIIRS,l,2.0NRT,307.95,3.25,D
20.46919,80.48907,340.92,0.32,0.55,2026-04-10,716,N21,VIIRS,n,2.0NRT,304.53,2.91,D
20.47381,92.75587,338.41,0.47,0.4,2026-04-10,716,N21,VIIRS,l,2.0NRT,308.45,3.05,D
20.47607,82.34966,332.79,0.49,0.49,2026-04-10,716,N21,VIIRS,l,2.0NRT,306.26,3,D
20.47666,77.83476,367,0.48,0.65,2026-04-10,716,N21,VIIRS,h,2.0NRT,310.06,13.58,D
20.48499,78.92549,367,0.41,0.61,2026-04-10,716,N21,VIIRS,h,2.0NRT,313.14,8.55,D
20.48548,78.92423,354.12,0.41,0.61,2026-04-10,716,N21,VIIRS,n,2.0NRT,312.31,8.88,D
20.48822,82.50405,346.24,0.48,0.48,2026-04-10,716,N21,VIIRS,n,2.0NRT,305.33,5.07,D
20.48915,82.50878,333.58,0.48,0.48,2026-04-10,716,N21,VIIRS,l,2.0NRT,304.58,5.07,D
20.49128,82.13016,340.81,0.51,0.49,2026-04-10,716,N21,VIIRS,n,2.0NRT,306.04,6.27,D
20.49256,82.50314,337.21,0.48,0.48,2026-04-10,716,N21,VIIRS,n,2.0NRT,306.91,5.07,D
20.49371,82.13326,342.97,0.51,0.49,2026-04-10,716,N21,VIIRS,n,2.0NRT,308.71,8.45,D
20.50804,97.35383,344.63,0.59,0.53,2026-04-10,716,N21,VIIRS,n,2.0NRT,307.37,87.27,D
20.51096,83.78255,335.9,0.4,0.44,2026-04-10,716,N21,VIIRS,n,2.0NRT,305.54,3.76,D
20.51175,83.7867,353.03,0.4,0.44,2026-04-10,716,N21,VIIRS,n,2.0NRT,306.1,7.73,D
20.51254,83.79089,341.03,0.4,0.44,2026-04-10,716,N21,VIIRS,n,2.0NRT,303.42,7.73,D
20.51328,80.4972,335.72,0.32,0.55,2026-04-10,716,N21,VIIRS,n,2.0NRT,304.82,2.28,D
20.52625,97.74206,342.71,0.63,0.54,2026-04-10,716,N21,VIIRS,n,2.0NRT,302.3,11.79,D
20.52647,81.62133,332.31,0.55,0.51,2026-04-10,716,N21,VIIRS,l,2.0NRT,306.11,3.59,D
20.53062,80.13671,332.49,0.34,0.56,2026-04-10,716,N21,VIIRS,l,2.0NRT,307.14,2.01,D
20.53155,83.15707,331.28,0.44,0.46,2026-04-10,716,N21,VIIRS,l,2.0NRT,305.38,2.99,D
20.54585,83.79089,337.44,0.4,0.44,2026-04-10,716,N21,VIIRS,n,2.0NRT,302.61,4.06,D
20.54914,83.78619,334,0.4,0.44,2026-04-10,716,N21,VIIRS,l,2.0NRT,306.36,4.34,D
20.55593,95.94872,337.14,0.48,0.48,2026-04-10,716,N21,VIIRS,l,2.0NRT,312.02,6.88,D
20.55731,93.07446,337.42,0.49,0.4,2026-04-10,716,N21,VIIRS,n,2.0NRT,302.7,6.43,D
20.55886,97.2388,335.48,0.58,0.52,2026-04-10,716,N21,VIIRS,n,2.0NRT,301.33,8.55,D
20.566,79.63999,367,0.37,0.58,2026-04-10,716,N21,VIIRS,h,2.0NRT,307.83,8.56,D
20.56673,79.64339,332.69,0.37,0.58,2026-04-10,716,N21,VIIRS,n,2.0NRT,306.87,5.59,D
20.56682,79.61842,334.3,0.37,0.58,2026-04-10,716,N21,VIIRS,l,2.0NRT,306.51,3.18,D
20.56755,79.6218,343.57,0.37,0.58,2026-04-10,716,N21,VIIRS,n,2.0NRT,307.17,4.09,D
20.56829,79.62523,332.6,0.37,0.58,2026-04-10,716,N21,VIIRS,l,2.0NRT,306.12,4.09,D
20.57121,79.63882,340.91,0.37,0.58,2026-04-10,716,N21,VIIRS,n,2.0NRT,306.55,8.56,D
20.57156,82.81707,330.59,0.46,0.47,2026-04-10,716,N21,VIIRS,l,2.0NRT,305.57,3.29,D
20.57194,79.64223,350.24,0.37,0.58,2026-04-10,716,N21,VIIRS,n,2.0NRT,309.85,5.59,D
20.57267,79.64565,334.3,0.37,0.58,2026-04-10,716,N21,VIIRS,l,2.0NRT,307.47,5.59,D
20.58763,83.90462,332.2,0.39,0.44,2026-04-10,716,N21,VIIRS,l,2.0NRT,305.3,1.33,D
20.59595,80.27118,339.72,0.33,0.55,2026-04-10,716,N21,VIIRS,n,2.0NRT,305.83,2.01,D
20.59622,80.77245,351.24,0.62,0.54,2026-04-10,716,N21,VIIRS,n,2.0NRT,310.22,14.43,D
20.60692,94.38888,343.53,0.38,0.43,2026-04-10,716,N21,VIIRS,n,2.0NRT,311.61,6.27,D
20.60756,84.57159,336.2,0.54,0.42,2026-04-10,716,N21,VIIRS,l,2.0NRT,310.2,5.55,D
20.61328,93.57031,337.68,0.52,0.41,2026-04-10,716,N21,VIIRS,n,2.0NRT,295.36,62.36,D
20.62176,80.24452,334.6,0.33,0.56,2026-04-10,716,N21,VIIRS,l,2.0NRT,307.58,3.99,D
20.62863,94.3355,344.54,0.57,0.43,2026-04-10,716,N21,VIIRS,n,2.0NRT,308.67,47.35,D
20.6348,80.20896,339.87,0.33,0.56,2026-04-10,716,N21,VIIRS,n,2.0NRT,308.16,10.96,D
20.63483,83.16936,339.03,0.43,0.46,2026-04-10,716,N21,VIIRS,n,2.0NRT,308.45,2.86,D
20.63516,80.45805,331.68,0.32,0.55,2026-04-10,716,N21,VIIRS,l,2.0NRT,306.43,3.9,D
20.63548,80.2121,367,0.33,0.56,2026-04-10,716,N21,VIIRS,h,2.0NRT,313.89,10.96,D
20.6356,83.17342,334.2,0.43,0.46,2026-04-10,716,N21,VIIRS,l,2.0NRT,308.15,3.04,D
20.63592,80.21181,367,0.34,0.56,2026-04-10,716,N21,VIIRS,h,2.0NRT,314.63,11.83,D
20.63615,80.21523,344.66,0.33,0.56,2026-04-10,716,N21,VIIRS,n,2.0NRT,309.91,9.93,D
20.63657,80.21497,349.71,0.34,0.56,2026-04-10,716,N21,VIIRS,n,2.0NRT,310.58,11.83,D
20.63705,94.60416,344.34,0.4,0.44,2026-04-10,716,N21,VIIRS,n,2.0NRT,311.57,9.77,D
20.64037,94.30044,346.14,0.57,0.43,2026-04-10,716,N21,VIIRS,n,2.0NRT,307.66,13.03,D
20.64501,94.30535,343.33,0.57,0.43,2026-04-10,716,N21,VIIRS,n,2.0NRT,306.23,25.61,D
20.64626,94.25135,339.68,0.57,0.43,2026-04-10,716,N21,VIIRS,l,2.0NRT,311.14,5.62,D
20.6506,79.55029,338.43,0.37,0.58,2026-04-10,716,N21,VIIRS,l,2.0NRT,313.28,2.91,D
20.65813,93.50001,334.12,0.51,0.41,2026-04-10,716,N21,VIIRS,n,2.0NRT,297.58,66.81,D
20.65826,82.74522,339.95,0.46,0.47,2026-04-10,716,N21,VIIRS,n,2.0NRT,309.32,2.92,D
20.66079,80.28156,335.81,0.33,0.55,2026-04-10,716,N21,VIIRS,n,2.0NRT,307.67,1.09,D
20.66085,80.28165,338.38,0.33,0.55,2026-04-10,716,N21,VIIRS,n,2.0NRT,308.08,3.25,D
20.66109,83.93349,343.52,0.39,0.44,2026-04-10,716,N21,VIIRS,n,2.0NRT,307.11,5.03,D
20.66215,80.0903,336.59,0.34,0.56,2026-04-10,716,N21,VIIRS,l,2.0NRT,308.4,3.58,D
20.66997,93.50241,339.45,0.51,0.41,2026-04-10,716,N21,VIIRS,n,2.0NRT,305.78,19.97,D
20.67729,94.30603,339.69,0.57,0.43,2026-04-10,716,N21,VIIRS,n,2.0NRT,308.5,21.63,D
20.67938,94.03586,333.22,0.55,0.43,2026-04-10,716,N21,VIIRS,l,2.0NRT,304.12,6.51,D
20.68001,81.48895,344.05,0.55,0.51,2026-04-10,716,N21,VIIRS,n,2.0NRT,312.47,9.04,D
20.68015,94.30355,338.9,0.57,0.43,2026-04-10,716,N21,VIIRS,n,2.0NRT,312.37,44.13,D
20.68122,94.30531,344.51,0.57,0.43,2026-04-10,716,N21,VIIRS,n,2.0NRT,306.77,21.63,D
20.68189,81.49191,336.84,0.55,0.51,2026-04-10,716,N21,VIIRS,l,2.0NRT,311.78,9.28,D
20.69074,83.59718,330.02,0.41,0.45,2026-04-10,716,N21,VIIRS,l,2.0NRT,304.17,3.82,D
20.69249,78.97933,349.91,0.4,0.6,2026-04-10,716,N21,VIIRS,n,2.0NRT,308.93,4.9,D
20.69313,80.33541,337.05,0.33,0.55,2026-04-10,716,N21,VIIRS,n,2.0NRT,307.23,1.82,D
20.69451,84.06917,344.63,0.38,0.43,2026-04-10,716,N21,VIIRS,n,2.0NRT,310.22,5.04,D
20.69676,77.99833,335.21,0.46,0.64,2026-04-10,716,N21,VIIRS,l,2.0NRT,309.48,2.66,D
20.70189,77.80884,347.42,0.48,0.64,2026-04-10,716,N21,VIIRS,n,2.0NRT,312.74,8.22,D
20.70622,80.39722,337.27,0.32,0.55,2026-04-10,716,N21,VIIRS,n,2.0NRT,305.1,3.45,D
20.70754,84.09555,336.96,0.57,0.43,2026-04-10,716,N21,VIIRS,l,2.0NRT,310.71,6.29,D
20.72083,83.39771,332.74,0.42,0.45,2026-04-10,716,N21,VIIRS,l,2.0NRT,306.33,2.15,D
20.72443,74.75957,330.45,0.75,0.77,2026-04-10,716,N21,VIIRS,l,2.0NRT,302.41,2.41,D
20.72459,82.63737,341.1,0.47,0.48,2026-04-10,716,N21,VIIRS,n,2.0NRT,312.21,4.67,D
20.72639,93.36904,331.43,0.51,0.41,2026-04-10,716,N21,VIIRS,n,2.0NRT,300.56,13.65,D
20.73108,83.83234,334.56,0.4,0.44,2026-04-10,716,N21,VIIRS,l,2.0NRT,307.49,2.91,D
20.74127,83.42125,335.34,0.42,0.45,2026-04-10,716,N21,VIIRS,l,2.0NRT,308.38,2.2,D
20.74333,79.98237,332.57,0.34,0.56,2026-04-10,716,N21,VIIRS,l,2.0NRT,305.49,4.99,D
20.74376,83.30117,339.82,0.42,0.46,2026-04-10,716,N21,VIIRS,n,2.0NRT,312.52,3.22,D
20.74586,82.7459,340.77,0.46,0.47,2026-04-10,716,N21,VIIRS,n,2.0NRT,311.07,3.65,D
20.75118,77.18971,367,0.52,0.67,2026-04-10,716,N21,VIIRS,h,2.0NRT,312.55,10.85,D
20.75174,81.86156,333.42,0.52,0.5,2026-04-10,716,N21,VIIRS,l,2.0NRT,306.17,5.04,D
20.75288,77.19022,367,0.52,0.67,2026-04-10,716,N21,VIIRS,h,2.0NRT,311.41,10.75,D
20.75984,82.95377,332.81,0.45,0.47,2026-04-10,716,N21,VIIRS,l,2.0NRT,307.81,1.89,D
20.76032,82.95475,338.16,0.45,0.47,2026-04-10,716,N21,VIIRS,n,2.0NRT,307.75,2.31,D
20.77358,92.65127,338.43,0.47,0.4,2026-04-10,716,N21,VIIRS,n,2.0NRT,302.51,3.77,D
20.77839,94.28439,338.25,0.57,0.43,2026-04-10,716,N21,VIIRS,n,2.0NRT,307.16,6.55,D
20.79252,85.25436,336.74,0.49,0.41,2026-04-10,716,N21,VIIRS,n,2.0NRT,303.95,7.12,D
20.79678,93.25375,335.71,0.5,0.41,2026-04-10,716,N21,VIIRS,n,2.0NRT,303.55,61.17,D
20.80219,79.34156,336.6,0.38,0.59,2026-04-10,716,N21,VIIRS,l,2.0NRT,310.42,5.26,D
20.80605,80.32711,332.47,0.33,0.55,2026-04-10,716,N21,VIIRS,l,2.0NRT,303.98,1.59,D
20.81397,93.41822,340.53,0.51,0.41,2026-04-10,716,N21,VIIRS,n,2.0NRT,308.91,12.28,D
20.81457,93.42288,333.82,0.51,0.41,2026-04-10,716,N21,VIIRS,l,2.0NRT,304.73,6.46,D
20.81662,93.31934,334.58,0.51,0.41,2026-04-10,716,N21,VIIRS,n,2.0NRT,304.26,3.85,D
20.81831,93.42215,340.82,0.51,0.41,2026-04-10,716,N21,VIIRS,n,2.0NRT,305.33,7.28,D
20.8225,81.39037,336.13,0.56,0.51,2026-04-10,716,N21,VIIRS,l,2.0NRT,310.63,3.6,D
20.82462,79.13763,341.12,0.39,0.59,2026-04-10,716,N21,VIIRS,n,2.0NRT,311.3,4.47,D
20.82659,93.04788,346.73,0.49,0.4,2026-04-10,716,N21,VIIRS,n,2.0NRT,315.44,29.29,D
20.83028,93.04733,345.36,0.49,0.4,2026-04-10,716,N21,VIIRS,n,2.0NRT,313.58,19.58,D
20.83162,94.13572,350.86,0.56,0.43,2026-04-10,716,N21,VIIRS,n,2.0NRT,309.51,43.66,D
20.83546,81.13348,332.91,0.58,0.52,2026-04-10,716,N21,VIIRS,l,2.0NRT,307.55,3.98,D
20.8368,86.96246,332.8,0.42,0.38,2026-04-10,716,N21,VIIRS,l,2.0NRT,303.41,5.08,D
20.83882,93.80184,333.76,0.54,0.42,2026-04-10,716,N21,VIIRS,l,2.0NRT,305.31,6.9,D
20.84375,81.42365,338.96,0.55,0.51,2026-04-10,716,N21,VIIRS,l,2.0NRT,311.9,9.29,D
20.84484,94.506,340.14,0.39,0.44,2026-04-10,716,N21,VIIRS,l,2.0NRT,313.52,3.36,D
20.84606,92.71398,345.23,0.47,0.4,2026-04-10,716,N21,VIIRS,n,2.0NRT,310.29,26.34,D
20.84667,92.71867,333.59,0.47,0.4,2026-04-10,716,N21,VIIRS,n,2.0NRT,303.5,26.34,D
20.84669,83.77679,334.26,0.4,0.44,2026-04-10,716,N21,VIIRS,l,2.0NRT,305.78,2.28,D
20.84711,81.36847,339.23,0.56,0.51,2026-04-10,716,N21,VIIRS,l,2.0NRT,310.83,7.09,D
20.84832,93.95425,341.51,0.55,0.42,2026-04-10,716,N21,VIIRS,n,2.0NRT,306.11,10.23,D
20.84865,84.35456,338.44,0.55,0.43,2026-04-10,716,N21,VIIRS,n,2.0NRT,306,13.91,D
20.84967,92.71339,344.94,0.47,0.4,2026-04-10,716,N21,VIIRS,n,2.0NRT,303.26,7.87,D
20.8503,92.71817,330.86,0.47,0.4,2026-04-10,716,N21,VIIRS,l,2.0NRT,304.62,7.87,D
20.85092,92.72282,343.4,0.47,0.4,2026-04-10,716,N21,VIIRS,n,2.0NRT,307.5,24.76,D
20.85175,81.36745,340.6,0.56,0.51,2026-04-10,716,N21,VIIRS,l,2.0NRT,312.26,7.09,D
20.85377,81.25645,335.86,0.57,0.52,2026-04-10,716,N21,VIIRS,l,2.0NRT,310.11,7.24,D
20.85517,81.15733,342.52,0.58,0.52,2026-04-10,716,N21,VIIRS,n,2.0NRT,309.8,14.04,D
20.85619,94.3989,367,0.39,0.44,2026-04-10,716,N21,VIIRS,h,2.0NRT,342.43,153.63,D
20.85652,79.94912,333.13,0.34,0.56,2026-04-10,716,N21,VIIRS,l,2.0NRT,307.38,4.55,D
20.85665,94.40261,367,0.39,0.44,2026-04-10,716,N21,VIIRS,l,2.0NRT,327.32,153.63,D
20.85694,92.68458,331.19,0.47,0.4,2026-04-10,716,N21,VIIRS,l,2.0NRT,302.46,3.84,D
20.85739,81.16808,338.04,0.58,0.52,2026-04-10,716,N21,VIIRS,l,2.0NRT,310.86,5.47,D
20.85754,92.68914,330.73,0.47,0.4,2026-04-10,716,N21,VIIRS,l,2.0NRT,301.74,3.84,D
20.85816,94.06203,339.6,0.56,0.43,2026-04-10,716,N21,VIIRS,n,2.0NRT,311.85,7.76,D
20.85986,93.81364,333.09,0.54,0.42,2026-04-10,716,N21,VIIRS,l,2.0NRT,303.31,11.7,D
20.86249,81.34856,344.02,0.56,0.52,2026-04-10,716,N21,VIIRS,n,2.0NRT,311.19,5.64,D
20.86257,94.15945,336.02,0.56,0.43,2026-04-10,716,N21,VIIRS,l,2.0NRT,310.55,10.51,D
20.8632,82.8988,334.54,0.45,0.47,2026-04-10,716,N21,VIIRS,l,2.0NRT,308.41,3.37,D
20.86372,93.81319,352.96,0.54,0.42,2026-04-10,716,N21,VIIRS,n,2.0NRT,308.75,11.7,D
20.86408,93.98459,331.11,0.55,0.43,2026-04-10,716,N21,VIIRS,l,2.0NRT,302.69,6.43,D
20.86483,84.11302,347.75,0.57,0.43,2026-04-10,716,N21,VIIRS,n,2.0NRT,311.4,13.11,D
20.86544,84.11561,342.74,0.57,0.43,2026-04-10,716,N21,VIIRS,n,2.0NRT,311.8,15.35,D
20.86561,93.98804,337.62,0.55,0.43,2026-04-10,716,N21,VIIRS,n,2.0NRT,304.78,9.18,D
20.86663,92.67429,347.24,0.47,0.4,2026-04-10,716,N21,VIIRS,n,2.0NRT,304.18,18.04,D
20.86838,84.10944,338.9,0.57,0.43,2026-04-10,716,N21,VIIRS,l,2.0NRT,310.37,6.42,D
20.86838,93.81931,336.73,0.54,0.42,2026-04-10,716,N21,VIIRS,n,2.0NRT,304.69,5.36,D
20.86874,84.11223,352.04,0.57,0.43,2026-04-10,716,N21,VIIRS,n,2.0NRT,312.33,13.11,D
20.86881,93.99047,331.4,0.55,0.43,2026-04-10,716,N21,VIIRS,l,2.0NRT,305.67,7.95,D
20.86921,82.54269,342.77,0.47,0.48,2026-04-10,716,N21,VIIRS,n,2.0NRT,313.84,4.96,D
20.86935,84.11481,347.17,0.57,0.43,2026-04-10,716,N21,VIIRS,n,2.0NRT,311.88,12.23,D
20.87087,92.67838,341.75,0.47,0.4,2026-04-10,716,N21,VIIRS,n,2.0NRT,306.3,18.04,D
20.87147,92.68288,334.63,0.47,0.4,2026-04-10,716,N21,VIIRS,l,2.0NRT,309.5,5.28,D
20.87207,92.68738,344.28,0.47,0.4,2026-04-10,716,N21,VIIRS,n,2.0NRT,306.57,5.28,D
20.87264,92.69158,332.17,0.47,0.4,2026-04-10,716,N21,VIIRS,l,2.0NRT,303.16,3.88,D
20.8732,92.69584,333.54,0.47,0.4,2026-04-10,716,N21,VIIRS,n,2.0NRT,301.32,3.88,D
20.8739,92.67342,333.91,0.47,0.4,2026-04-10,716,N21,VIIRS,l,2.0NRT,304.46,4.43,D
20.87449,92.67787,346.12,0.47,0.4,2026-04-10,716,N21,VIIRS,n,2.0NRT,305.67,4.43,D
20.87681,92.69521,354.55,0.47,0.4,2026-04-10,716,N21,VIIRS,n,2.0NRT,309.29,105.41,D
20.87812,92.67736,332.06,0.47,0.4,2026-04-10,716,N21,VIIRS,l,2.0NRT,303.32,4.43,D
20.87988,92.69049,340.42,0.47,0.4,2026-04-10,716,N21,VIIRS,n,2.0NRT,305.81,105.41,D
20.88043,92.69462,367,0.47,0.4,2026-04-10,716,N21,VIIRS,h,2.0NRT,333.99,105.41,D
20.88057,93.98102,336.85,0.55,0.43,2026-04-10,716,N21,VIIRS,l,2.0NRT,307.73,5.96,D
20.88174,92.67689,335.19,0.47,0.4,2026-04-10,716,N21,VIIRS,n,2.0NRT,303.28,4.02,D
20.88235,81.73302,338.03,0.53,0.5,2026-04-10,716,N21,VIIRS,l,2.0NRT,312.01,5.51,D
20.88376,93.97475,338.46,0.55,0.43,2026-04-10,716,N21,VIIRS,n,2.0NRT,307.34,5.96,D
20.8839,94.23289,334.61,0.57,0.43,2026-04-10,716,N21,VIIRS,l,2.0NRT,308.65,11.48,D
20.88599,92.51804,331.36,0.46,0.39,2026-04-10,716,N21,VIIRS,l,2.0NRT,304.86,3.28,D
20.88747,81.61697,349.53,0.54,0.51,2026-04-10,716,N21,VIIRS,n,2.0NRT,311.03,12.22,D
20.88758,93.97369,339.91,0.55,0.43,2026-04-10,716,N21,VIIRS,n,2.0NRT,306.41,11.74,D
20.88765,92.51537,332.05,0.46,0.39,2026-04-10,716,N21,VIIRS,l,2.0NRT,304.07,2.07,D
20.88785,94.23233,340.14,0.57,0.43,2026-04-10,716,N21,VIIRS,n,2.0NRT,312.39,11.48,D
20.89014,82.52496,341.49,0.47,0.48,2026-04-10,716,N21,VIIRS,n,2.0NRT,312.82,2.82,D
20.89102,81.61095,343.53,0.54,0.51,2026-04-10,716,N21,VIIRS,n,2.0NRT,311.85,7.7,D
20.89152,81.63717,352.62,0.54,0.51,2026-04-10,716,N21,VIIRS,n,2.0NRT,313.31,8.96,D
20.89203,81.61597,353.26,0.54,0.51,2026-04-10,716,N21,VIIRS,n,2.0NRT,315.26,12.22,D
20.89252,92.49664,332.91,0.46,0.39,2026-04-10,716,N21,VIIRS,l,2.0NRT,307.08,1.13,D
20.89253,81.6422,337.21,0.54,0.51,2026-04-10,716,N21,VIIRS,l,2.0NRT,311.8,8.96,D
20.89294,84.04596,341.48,0.57,0.43,2026-04-10,716,N21,VIIRS,n,2.0NRT,309.93,6.42,D
20.89354,81.64725,348.35,0.54,0.5,2026-04-10,716,N21,VIIRS,n,2.0NRT,313.24,10.53,D
20.89558,81.60993,345.72,0.54,0.51,2026-04-10,716,N21,VIIRS,n,2.0NRT,313.76,5.71,D
20.89586,80.28232,340.65,0.33,0.55,2026-04-10,716,N21,VIIRS,n,2.0NRT,307.32,1.5,D
20.89659,81.61496,338.59,0.54,0.51,2026-04-10,716,N21,VIIRS,n,2.0NRT,313.28,5.09,D
20.89716,93.95529,335.29,0.55,0.43,2026-04-10,716,N21,VIIRS,n,2.0NRT,305.22,5.06,D
20.89779,93.96027,330.94,0.55,0.43,2026-04-10,716,N21,VIIRS,l,2.0NRT,305.58,5.32,D
20.89806,93.99445,335.89,0.55,0.43,2026-04-10,716,N21,VIIRS,l,2.0NRT,310.45,13.09,D
20.90096,93.95403,338.61,0.55,0.43,2026-04-10,716,N21,VIIRS,n,2.0NRT,305.13,7.51,D
20.90158,93.95898,345.59,0.55,0.43,2026-04-10,716,N21,VIIRS,n,2.0NRT,305.79,11.57,D
20.9022,93.96397,341.91,0.55,0.43,2026-04-10,716,N21,VIIRS,n,2.0NRT,307.19,11.57,D
20.9037,80.31918,340.08,0.33,0.55,2026-04-10,716,N21,VIIRS,n,2.0NRT,309.09,3.07,D
20.90538,93.95772,341.24,0.55,0.43,2026-04-10,716,N21,VIIRS,n,2.0NRT,306.02,11.57,D
20.90558,93.62141,333.99,0.53,0.42,2026-04-10,716,N21,VIIRS,n,2.0NRT,301.42,45.37,D
20.90571,81.94193,341.56,0.51,0.5,2026-04-10,716,N21,VIIRS,l,2.0NRT,314.29,14.14,D
20.90945,81.20691,344.21,0.57,0.52,2026-04-10,716,N21,VIIRS,n,2.0NRT,313.27,9.39,D
20.90993,81.75278,344.19,0.53,0.5,2026-04-10,716,N21,VIIRS,n,2.0NRT,313.32,6.62,D
20.91212,93.82415,338.52,0.54,0.42,2026-04-10,716,N21,VIIRS,n,2.0NRT,303.34,9.93,D
20.91587,78.49902,336.05,0.43,0.62,2026-04-10,716,N21,VIIRS,l,2.0NRT,309.71,2.34,D
20.91737,81.59982,339.39,0.54,0.51,2026-04-10,716,N21,VIIRS,l,2.0NRT,312.44,8.43,D
20.91775,81.60101,338.03,0.54,0.51,2026-04-10,716,N21,VIIRS,l,2.0NRT,312.2,8.38,D
20.9259,80.30155,343.64,0.33,0.55,2026-04-10,716,N21,VIIRS,n,2.0NRT,309.79,4.24,D
20.92679,81.67128,342.66,0.53,0.5,2026-04-10,716,N21,VIIRS,l,2.0NRT,315,15.16,D
20.92971,81.01528,336.64,0.59,0.53,2026-04-10,716,N21,VIIRS,n,2.0NRT,306.13,6.34,D
20.93079,81.0178,339,0.59,0.53,2026-04-10,716,N21,VIIRS,n,2.0NRT,307.01,7.38,D
20.93211,81.00033,332.68,0.59,0.53,2026-04-10,716,N21,VIIRS,l,2.0NRT,307.67,3.76,D
20.93285,93.59485,331.68,0.52,0.42,2026-04-10,716,N21,VIIRS,n,2.0NRT,302.04,4.3,D
20.93417,81.51798,341.33,0.54,0.51,2026-04-10,716,N21,VIIRS,l,2.0NRT,313.39,10,D
20.93553,81.01676,347.76,0.59,0.53,2026-04-10,716,N21,VIIRS,n,2.0NRT,310.31,10.39,D
20.93555,94.00894,341.86,0.55,0.43,2026-04-10,716,N21,VIIRS,n,2.0NRT,305.9,5.51,D
20.93607,81.74191,343.43,0.53,0.5,2026-04-10,716,N21,VIIRS,n,2.0NRT,313.47,4.53,D
20.9382,81.65427,344.95,0.53,0.5,2026-04-10,716,N21,VIIRS,n,2.0NRT,313.88,9.98,D
20.94163,82.85086,335.7,0.45,0.47,2026-04-10,716,N21,VIIRS,l,2.0NRT,308.21,3.3,D
20.94219,94.0301,338.12,0.55,0.43,2026-04-10,716,N21,VIIRS,l,2.0NRT,309.57,4.88,D
20.95087,81.48225,338.07,0.55,0.51,2026-04-10,716,N21,VIIRS,l,2.0NRT,312.27,4.59,D
20.95238,81.67722,339.49,0.53,0.5,2026-04-10,716,N21,VIIRS,l,2.0NRT,313.76,5.26,D
20.95368,92.68171,345.22,0.47,0.4,2026-04-10,716,N21,VIIRS,n,2.0NRT,296.38,11.44,D
20.955,80.39086,332.28,0.32,0.55,2026-04-10,716,N21,VIIRS,l,2.0NRT,306.95,0.95,D
20.95604,81.50779,336.08,0.54,0.51,2026-04-10,716,N21,VIIRS,l,2.0NRT,310.97,4.77,D
20.95946,92.50439,337.72,0.46,0.39,2026-04-10,716,N21,VIIRS,n,2.0NRT,303.32,2.12,D
20.961,81.78876,338.75,0.52,0.5,2026-04-10,716,N21,VIIRS,n,2.0NRT,309.43,3.35,D
20.96124,81.79791,340.64,0.52,0.5,2026-04-10,716,N21,VIIRS,l,2.0NRT,311.95,5.34,D
20.962,81.79366,340.99,0.52,0.5,2026-04-10,716,N21,VIIRS,l,2.0NRT,311.8,3.35,D
20.97087,81.23438,339.13,0.57,0.52,2026-04-10,716,N21,VIIRS,n,2.0NRT,309.4,4.89,D
20.97186,92.65184,345.33,0.47,0.4,2026-04-10,716,N21,VIIRS,n,2.0NRT,306.21,60.61,D
20.97297,81.23149,339.84,0.57,0.52,2026-04-10,716,N21,VIIRS,n,2.0NRT,309.98,6.84,D
20.97685,95.15136,337.6,0.43,0.46,2026-04-10,716,N21,VIIRS,l,2.0NRT,309.37,6.74,D
20.9819,79.46141,338.25,0.37,0.58,2026-04-10,716,N21,VIIRS,l,2.0NRT,310.86,2.35,D
20.98266,79.43949,337.68,0.37,0.58,2026-04-10,716,N21,VIIRS,l,2.0NRT,310.79,3.77,D
20.98319,92.68139,334.67,0.47,0.4,2026-04-10,716,N21,VIIRS,n,2.0NRT,303.09,6.66,D
20.98459,81.74264,354.21,0.53,0.5,2026-04-10,716,N21,VIIRS,n,2.0NRT,314.77,14.29,D
20.98462,81.69611,340.61,0.53,0.5,2026-04-10,716,N21,VIIRS,l,2.0NRT,313.8,8.25,D
20.98663,81.70605,343.71,0.53,0.5,2026-04-10,716,N21,VIIRS,n,2.0NRT,311.43,7.96,D
20.99332,79.13744,332.88,0.39,0.59,2026-04-10,716,N21,VIIRS,l,2.0NRT,307.84,0.99,D
21.00274,94.71703,338,0.41,0.45,2026-04-10,716,N21,VIIRS,l,2.0NRT,310.1,4.98,D
21.00296,79.33261,345.23,0.38,0.58,2026-04-10,716,N21,VIIRS,n,2.0NRT,307.84,2.03,D
21.00321,94.72087,338.18,0.41,0.45,2026-04-10,716,N21,VIIRS,l,2.0NRT,310.37,4.98,D
21.00367,79.33236,344.04,0.38,0.58,2026-04-10,716,N21,VIIRS,n,2.0NRT,308.37,2.55,D
21.00531,81.84524,338.41,0.52,0.5,2026-04-10,716,N21,VIIRS,l,2.0NRT,311.62,7.28,D
21.00554,93.95802,338.21,0.55,0.43,2026-04-10,716,N21,VIIRS,n,2.0NRT,302.53,11.11,D
21.01457,93.84145,367,0.54,0.42,2026-04-10,716,N21,VIIRS,h,2.0NRT,332.41,233.99,D
21.0184,93.84065,348.12,0.54,0.42,2026-04-10,716,N21,VIIRS,n,2.0NRT,306.64,22.87,D
21.01929,81.70403,345.13,0.53,0.5,2026-04-10,716,N21,VIIRS,n,2.0NRT,311.97,4.13,D
21.0216,92.99924,335.07,0.49,0.4,2026-04-10,716,N21,VIIRS,n,2.0NRT,304.91,7.55,D
21.04137,84.46267,332.02,0.54,0.42,2026-04-10,716,N21,VIIRS,l,2.0NRT,306.19,3.68,D
21.0462,81.17301,336.06,0.57,0.52,2026-04-10,716,N21,VIIRS,l,2.0NRT,310.55,9.09,D
21.04978,83.18315,338.5,0.43,0.46,2026-04-10,716,N21,VIIRS,l,2.0NRT,310.06,3.18,D
21.05468,81.2875,336.43,0.56,0.52,2026-04-10,716,N21,VIIRS,l,2.0NRT,311.08,3.39,D
21.05545,81.69597,348.33,0.53,0.5,2026-04-10,716,N21,VIIRS,n,2.0NRT,315.26,9.13,D
21.05582,83.9592,338.46,0.38,0.43,2026-04-10,716,N21,VIIRS,n,2.0NRT,306.36,3.12,D
21.05943,83.96157,335.48,0.38,0.43,2026-04-10,716,N21,VIIRS,l,2.0NRT,305.92,2.34,D
21.06049,94.01682,335.5,0.56,0.43,2026-04-10,716,N21,VIIRS,n,2.0NRT,306.78,4.88,D
21.06225,92.4355,341.15,0.46,0.39,2026-04-10,716,N21,VIIRS,n,2.0NRT,303.89,5.39,D
21.06289,81.28011,337.69,0.56,0.52,2026-04-10,716,N21,VIIRS,l,2.0NRT,311.83,4.26,D
21.06355,78.49272,367,0.42,0.61,2026-04-10,716,N21,VIIRS,h,2.0NRT,308.63,9.75,D
21.06437,94.01601,334.83,0.56,0.43,2026-04-10,716,N21,VIIRS,n,2.0NRT,304.77,4.4,D
21.06465,92.42618,331.72,0.46,0.39,2026-04-10,716,N21,VIIRS,l,2.0NRT,306.52,4.05,D
21.06584,92.43498,343.91,0.46,0.39,2026-04-10,716,N21,VIIRS,n,2.0NRT,307.68,15.41,D
21.07798,85.0362,339.97,0.5,0.41,2026-04-10,716,N21,VIIRS,l,2.0NRT,312.73,10.74,D
21.08132,76.22588,330.55,0.59,0.7,2026-04-10,716,N21,VIIRS,l,2.0NRT,305.22,3.15,D
21.08332,80.20866,332.64,0.33,0.55,2026-04-10,716,N21,VIIRS,n,2.0NRT,305.46,3.36,D
21.08337,76.22186,340.51,0.59,0.7,2026-04-10,716,N21,VIIRS,n,2.0NRT,306.7,4.8,D
21.08338,83.91499,331.65,0.39,0.44,2026-04-10,716,N21,VIIRS,l,2.0NRT,306.23,1.22,D
21.08383,80.20892,335.29,0.33,0.55,2026-04-10,716,N21,VIIRS,n,2.0NRT,305.64,1.72,D
21.09955,79.67496,335.74,0.35,0.57,2026-04-10,716,N21,VIIRS,n,2.0NRT,305.14,4.97,D
21.10034,80.97215,340.35,0.59,0.53,2026-04-10,716,N21,VIIRS,n,2.0NRT,309.66,1.9,D
21.1036,84.20014,336.78,0.56,0.43,2026-04-10,716,N21,VIIRS,l,2.0NRT,310.79,5.86,D
21.10463,93.00744,332.26,0.49,0.4,2026-04-10,716,N21,VIIRS,l,2.0NRT,306.1,6.43,D
21.10954,80.99306,339.88,0.58,0.52,2026-04-10,716,N21,VIIRS,n,2.0NRT,310.49,5.34,D
21.11142,92.91575,338.62,0.49,0.4,2026-04-10,716,N21,VIIRS,n,2.0NRT,304.79,10.48,D
21.11366,79.38688,338.36,0.37,0.58,2026-04-10,716,N21,VIIRS,l,2.0NRT,311.58,2.8,D
21.11447,92.88208,337.82,0.48,0.4,2026-04-10,716,N21,VIIRS,n,2.0NRT,305.27,11.9,D
21.13237,80.69289,343.2,0.61,0.53,2026-04-10,716,N21,VIIRS,n,2.0NRT,307.92,8.55,D
21.14273,92.09753,335.98,0.45,0.39,2026-04-10,716,N21,VIIRS,n,2.0NRT,309.71,30.02,D
21.14331,92.10178,333.29,0.45,0.39,2026-04-10,716,N21,VIIRS,n,2.0NRT,302.04,13.64,D
21.14498,78.49593,336.18,0.42,0.61,2026-04-10,716,N21,VIIRS,l,2.0NRT,309.82,4.38,D
21.14522,78.49494,348.17,0.42,0.61,2026-04-10,716,N21,VIIRS,n,2.0NRT,310.49,5.91,D
21.17113,80.2784,332.07,0.32,0.55,2026-04-10,716,N21,VIIRS,l,2.0NRT,306.33,3.47,D
21.17327,81.68488,339.91,0.53,0.5,2026-04-10,716,N21,VIIRS,l,2.0NRT,313.2,6.76,D
21.17788,81.90435,341.34,0.51,0.49,2026-04-10,716,N21,VIIRS,l,2.0NRT,313.39,9.13,D
21.18098,92.56786,333.48,0.47,0.4,2026-04-10,716,N21,VIIRS,n,2.0NRT,301.37,6.65,D
21.18784,80.28423,333.13,0.32,0.55,2026-04-10,716,N21,VIIRS,l,2.0NRT,307.55,4.41,D
21.20559,84.74816,333.54,0.52,0.41,2026-04-10,716,N21,VIIRS,l,2.0NRT,308.12,3.42,D
21.20845,79.47058,367,0.36,0.58,2026-04-10,716,N21,VIIRS,h,2.0NRT,311.13,6.47,D
21.20878,83.03691,343.13,0.43,0.46,2026-04-10,716,N21,VIIRS,n,2.0NRT,311.7,5.38,D
21.20919,79.47402,336.98,0.36,0.58,2026-04-10,716,N21,VIIRS,n,2.0NRT,308.34,6.47,D
21.20955,83.04099,336.28,0.43,0.46,2026-04-10,716,N21,VIIRS,l,2.0NRT,310.63,5.38,D
21.21042,83.03616,341.88,0.43,0.46,2026-04-10,716,N21,VIIRS,n,2.0NRT,310.45,4.98,D
21.21112,78.12345,335.56,0.44,0.63,2026-04-10,716,N21,VIIRS,l,2.0NRT,307.1,2.43,D
21.21122,83.04024,342.69,0.43,0.46,2026-04-10,716,N21,VIIRS,n,2.0NRT,311.15,4.98,D
21.21363,79.46938,347.84,0.36,0.58,2026-04-10,716,N21,VIIRS,n,2.0NRT,311.15,6.47,D
21.21437,79.47281,367,0.36,0.58,2026-04-10,716,N21,VIIRS,h,2.0NRT,311.2,6.47,D
21.21898,79.39253,337.23,0.37,0.58,2026-04-10,716,N21,VIIRS,l,2.0NRT,307.95,6.03,D
21.22825,79.38512,346.67,0.37,0.58,2026-04-10,716,N21,VIIRS,n,2.0NRT,308.87,8.1,D
21.22866,79.38665,345.12,0.37,0.58,2026-04-10,716,N21,VIIRS,n,2.0NRT,309.34,7.65,D
21.23011,84.60201,348.61,0.53,0.42,2026-04-10,716,N21,VIIRS,n,2.0NRT,310.4,8.2,D
21.23013,79.39359,340.84,0.37,0.58,2026-04-10,716,N21,VIIRS,l,2.0NRT,312.21,4.77,D
21.23054,79.39548,367,0.37,0.58,2026-04-10,716,N21,VIIRS,h,2.0NRT,312.2,9.67,D
21.23087,79.39704,343.19,0.37,0.58,2026-04-10,716,N21,VIIRS,n,2.0NRT,309.81,4.77,D
21.23388,84.6012,336.63,0.53,0.42,2026-04-10,716,N21,VIIRS,l,2.0NRT,308.07,8.2,D
21.23771,79.32844,340.88,0.37,0.58,2026-04-10,716,N21,VIIRS,n,2.0NRT,307.31,2.57,D
21.23799,80.47717,337.94,0.63,0.54,2026-04-10,716,N21,VIIRS,l,2.0NRT,308.33,6.72,D
21.24139,80.48129,335.82,0.63,0.54,2026-04-10,716,N21,VIIRS,l,2.0NRT,307.27,10.29,D
21.2422,79.52682,339.11,0.36,0.57,2026-04-10,716,N21,VIIRS,n,2.0NRT,308.39,2.13,D
21.24794,79.55373,367,0.36,0.57,2026-04-10,716,N21,VIIRS,h,2.0NRT,310.23,5.07,D
21.24865,79.55707,344.34,0.36,0.57,2026-04-10,716,N21,VIIRS,n,2.0NRT,309.25,5.07,D
21.24904,80.20186,345.96,0.33,0.55,2026-04-10,716,N21,VIIRS,n,2.0NRT,309.01,5.47,D
21.24968,80.2049,351.07,0.33,0.55,2026-04-10,716,N21,VIIRS,n,2.0NRT,311.01,5.47,D
21.25033,80.20795,338.66,0.33,0.55,2026-04-10,716,N21,VIIRS,l,2.0NRT,310.26,6.49,D
21.2507,79.21141,334.87,0.38,0.59,2026-04-10,716,N21,VIIRS,l,2.0NRT,309.11,3.1,D
21.25149,78.79214,344.7,0.4,0.6,2026-04-10,716,N21,VIIRS,n,2.0NRT,311.19,3.76,D
21.25378,79.55579,341.09,0.36,0.57,2026-04-10,716,N21,VIIRS,n,2.0NRT,309.62,5.07,D
21.25598,79.48637,348.08,0.36,0.58,2026-04-10,716,N21,VIIRS,n,2.0NRT,309.26,6.68,D
21.25644,85.23133,338.68,0.49,0.4,2026-04-10,716,N21,VIIRS,l,2.0NRT,312.01,5.86,D
21.25672,79.48974,341.55,0.36,0.58,2026-04-10,716,N21,VIIRS,n,2.0NRT,308.5,6.68,D
21.2575,82.10062,345.06,0.49,0.49,2026-04-10,716,N21,VIIRS,n,2.0NRT,317.24,12.4,D
21.26084,79.48692,367,0.36,0.58,2026-04-10,716,N21,VIIRS,h,2.0NRT,310.7,13.44,D
21.27285,84.06099,335.45,0.56,0.43,2026-04-10,716,N21,VIIRS,n,2.0NRT,305.8,4.78,D
21.27307,79.16139,336.14,0.38,0.59,2026-04-10,716,N21,VIIRS,l,2.0NRT,309.78,1.31,D
21.27733,79.38448,340.27,0.37,0.58,2026-04-10,716,N21,VIIRS,n,2.0NRT,310.51,4.54,D
21.27808,79.38792,354.23,0.37,0.58,2026-04-10,716,N21,VIIRS,n,2.0NRT,311.31,13.8,D
21.27862,79.94743,340.16,0.34,0.56,2026-04-10,716,N21,VIIRS,n,2.0NRT,307.79,2.12,D
21.27884,79.3914,367,0.37,0.58,2026-04-10,716,N21,VIIRS,h,2.0NRT,312.34,13.8,D
21.27959,79.39486,336.22,0.37,0.58,2026-04-10,716,N21,VIIRS,n,2.0NRT,309.4,13.48,D
21.28034,79.39831,353.63,0.37,0.58,2026-04-10,716,N21,VIIRS,n,2.0NRT,307.25,13.48,D
21.28478,79.39363,349.71,0.37,0.58,2026-04-10,716,N21,VIIRS,n,2.0NRT,310.8,13.48,D
21.28553,79.39708,367,0.37,0.58,2026-04-10,716,N21,VIIRS,h,2.0NRT,314.16,13.48,D
21.29966,94.01154,340.41,0.56,0.43,2026-04-10,716,N21,VIIRS,n,2.0NRT,301.62,10.45,D
21.29979,94.00924,344.18,0.56,0.43,2026-04-10,716,N21,VIIRS,n,2.0NRT,302.25,6.87,D
21.30777,81.91319,343.23,0.51,0.49,2026-04-10,716,N21,VIIRS,n,2.0NRT,311.24,6.81,D
21.31081,81.91389,345.21,0.51,0.49,2026-04-10,716,N21,VIIRS,n,2.0NRT,315.14,10.67,D
21.32418,79.34818,346.88,0.37,0.58,2026-04-10,716,N21,VIIRS,n,2.0NRT,310.94,11.71,D
21.32437,79.34789,350.1,0.37,0.58,2026-04-10,716,N21,VIIRS,n,2.0NRT,310.58,11.21,D
21.32567,79.35514,367,0.37,0.58,2026-04-10,716,N21,VIIRS,h,2.0NRT,310,4.87,D
21.32591,79.35484,367,0.37,0.58,2026-04-10,716,N21,VIIRS,h,2.0NRT,310.77,9.6,D
21.32789,81.0622,343.75,0.57,0.52,2026-04-10,716,N21,VIIRS,n,2.0NRT,314.34,7.88,D
21.32791,95.88741,340.34,0.48,0.48,2026-04-10,716,N21,VIIRS,n,2.0NRT,309.62,10.75,D
21.33087,79.35391,339.14,0.37,0.58,2026-04-10,716,N21,VIIRS,n,2.0NRT,308.53,4.87,D
21.33178,82.03569,338.97,0.5,0.49,2026-04-10,716,N21,VIIRS,l,2.0NRT,311.5,4.68,D
21.33809,82.36829,340.12,0.47,0.48,2026-04-10,716,N21,VIIRS,n,2.0NRT,307.66,7.05,D
21.33952,82.00475,337.75,0.5,0.49,2026-04-10,716,N21,VIIRS,l,2.0NRT,309.27,6.36,D
21.34241,82.36739,344.05,0.47,0.48,2026-04-10,716,N21,VIIRS,n,2.0NRT,310.76,7.05,D
21.34321,82.00521,346.84,0.5,0.49,2026-04-10,716,N21,VIIRS,n,2.0NRT,314.01,16.32,D
21.34394,82.00378,346.02,0.5,0.49,2026-04-10,716,N21,VIIRS,n,2.0NRT,310.68,6.36,D
21.34415,82.00988,346.81,0.5,0.49,2026-04-10,716,N21,VIIRS,n,2.0NRT,313.71,12.37,D
21.34485,82.00848,340.9,0.5,0.49,2026-04-10,716,N21,VIIRS,l,2.0NRT,312.99,8.45,D
21.34536,79.44745,367,0.36,0.58,2026-04-10,716,N21,VIIRS,h,2.0NRT,312.01,6.75,D
21.34576,82.01315,343.92,0.5,0.49,2026-04-10,716,N21,VIIRS,n,2.0NRT,312.57,8.45,D
21.34578,79.29573,340.92,0.37,0.58,2026-04-10,716,N21,VIIRS,n,2.0NRT,310.07,3.65,D
21.34624,79.44695,367,0.36,0.58,2026-04-10,716,N21,VIIRS,h,2.0NRT,311.48,6.43,D
21.34654,79.2992,332.93,0.37,0.58,2026-04-10,716,N21,VIIRS,l,2.0NRT,307.89,2.71,D
21.35294,79.40636,367,0.37,0.58,2026-04-10,716,N21,VIIRS,h,2.0NRT,314.52,20.5,D
21.35335,84.65618,342.88,0.52,0.42,2026-04-10,716,N21,VIIRS,n,2.0NRT,311.1,10.42,D
21.35357,79.40603,367,0.36,0.58,2026-04-10,716,N21,VIIRS,h,2.0NRT,313.93,20.13,D
21.35447,82.36019,337.82,0.47,0.48,2026-04-10,716,N21,VIIRS,l,2.0NRT,308.55,5.46,D
21.35712,82.82493,337.9,0.44,0.46,2026-04-10,716,N21,VIIRS,n,2.0NRT,308.75,3.99,D
21.35712,84.65547,339.01,0.52,0.42,2026-04-10,716,N21,VIIRS,l,2.0NRT,310.65,3.13,D
21.35793,82.82915,342.27,0.44,0.46,2026-04-10,716,N21,VIIRS,n,2.0NRT,309.47,3.99,D
21.35943,97.26916,348.44,0.6,0.53,2026-04-10,716,N21,VIIRS,n,2.0NRT,301.76,14.49,D
21.36037,97.27098,346.91,0.6,0.53,2026-04-10,716,N21,VIIRS,n,2.0NRT,301.78,14.1,D
21.36755,79.34516,336,0.37,0.58,2026-04-10,716,N21,VIIRS,l,2.0NRT,310.24,3.56,D
21.36957,79.25368,335.81,0.37,0.58,2026-04-10,716,N21,VIIRS,l,2.0NRT,309.68,1.61,D
21.37291,79.46937,342.66,0.36,0.57,2026-04-10,716,N21,VIIRS,n,2.0NRT,310.35,4.43,D
21.37954,79.40015,331.18,0.36,0.58,2026-04-10,716,N21,VIIRS,l,2.0NRT,305.49,5.28,D
21.38202,82.0841,345.44,0.49,0.49,2026-04-10,716,N21,VIIRS,n,2.0NRT,314.81,10.51,D
21.38234,79.28724,347.15,0.37,0.58,2026-04-10,716,N21,VIIRS,n,2.0NRT,309.44,6.44,D
21.38295,82.08872,339.99,0.49,0.49,2026-04-10,716,N21,VIIRS,l,2.0NRT,313.28,8.34,D
21.3831,79.29073,336.1,0.37,0.58,2026-04-10,716,N21,VIIRS,l,2.0NRT,310.99,6.48,D
21.38479,82.09796,342.09,0.49,0.49,2026-04-10,716,N21,VIIRS,l,2.0NRT,313.39,6.51,D
21.38788,84.67485,335.22,0.52,0.42,2026-04-10,716,N21,VIIRS,l,2.0NRT,309.45,3.51,D
21.39199,92.15,331.71,0.45,0.39,2026-04-10,716,N21,VIIRS,l,2.0NRT,304.23,2,D
21.39465,97.18526,339.25,0.59,0.53,2026-04-10,716,N21,VIIRS,n,2.0NRT,302.26,7.03,D
21.39946,97.18459,351.39,0.59,0.53,2026-04-10,716,N21,VIIRS,n,2.0NRT,304.62,23.86,D
21.40005,97.19019,335.35,0.59,0.53,2026-04-10,716,N21,VIIRS,n,2.0NRT,300.46,10.86,D
21.40332,83.06693,336.21,0.43,0.46,2026-04-10,716,N21,VIIRS,l,2.0NRT,309.59,2.89,D
21.41061,81.26253,343.25,0.55,0.51,2026-04-10,716,N21,VIIRS,n,2.0NRT,312.6,5.94,D
21.41234,81.26406,344.3,0.55,0.51,2026-04-10,716,N21,VIIRS,n,2.0NRT,312.41,7.59,D
21.42177,83.09643,346.86,0.43,0.46,2026-04-10,716,N21,VIIRS,n,2.0NRT,313.33,5.82,D
21.42213,81.66835,335.95,0.52,0.5,2026-04-10,716,N21,VIIRS,l,2.0NRT,310.02,2.11,D
21.42253,83.10044,346.79,0.43,0.46,2026-04-10,716,N21,VIIRS,n,2.0NRT,311.49,7.02,D
21.42728,81.31485,336.55,0.55,0.51,2026-04-10,716,N21,VIIRS,l,2.0NRT,310.29,4.35,D
21.42947,83.4931,340.69,0.4,0.44,2026-04-10,716,N21,VIIRS,n,2.0NRT,307.91,3.69,D
21.43157,81.3173,342.94,0.55,0.51,2026-04-10,716,N21,VIIRS,n,2.0NRT,310.8,2.89,D
21.43558,80.64155,331.2,0.61,0.53,2026-04-10,716,N21,VIIRS,l,2.0NRT,303.42,9.2,D
21.44482,92.49558,335.46,0.47,0.4,2026-04-10,716,N21,VIIRS,n,2.0NRT,304.42,5.02,D
21.4475,82.18459,343.23,0.48,0.48,2026-04-10,716,N21,VIIRS,n,2.0NRT,312.42,6.83,D
21.44759,96.94965,337.1,0.57,0.52,2026-04-10,716,N21,VIIRS,n,2.0NRT,304.9,5.51,D
21.44929,82.19371,345.96,0.48,0.48,2026-04-10,716,N21,VIIRS,n,2.0NRT,313.67,9.56,D
21.45154,92.4627,347.16,0.47,0.39,2026-04-10,716,N21,VIIRS,n,2.0NRT,305.68,10.25,D
21.45249,81.23136,340.25,0.55,0.51,2026-04-10,716,N21,VIIRS,l,2.0NRT,313.46,7.61,D
21.45356,81.2366,342.93,0.55,0.51,2026-04-10,716,N21,VIIRS,n,2.0NRT,313.09,8.21,D
21.45521,82.15438,346.84,0.49,0.48,2026-04-10,716,N21,VIIRS,n,2.0NRT,312.47,10.43,D
21.45834,80.70277,340.07,0.6,0.53,2026-04-10,716,N21,VIIRS,n,2.0NRT,307.22,9.37,D
21.45957,82.15342,344.63,0.49,0.48,2026-04-10,716,N21,VIIRS,l,2.0NRT,314.82,10.62,D
21.46335,81.71023,339.51,0.52,0.5,2026-04-10,716,N21,VIIRS,l,2.0NRT,311.14,4.9,D
21.46799,96.2816,334.41,0.51,0.5,2026-04-10,716,N21,VIIRS,l,2.0NRT,306.92,10.72,D
21.46855,96.28647,343.01,0.51,0.5,2026-04-10,716,N21,VIIRS,n,2.0NRT,305.15,6.64,D
21.46961,96.28329,344.54,0.52,0.5,2026-04-10,716,N21,VIIRS,n,2.0NRT,306.58,10.28,D
21.47935,81.97614,338.63,0.5,0.49,2026-04-10,716,N21,VIIRS,l,2.0NRT,311.67,4.02,D
21.48158,82.10152,344.97,0.49,0.48,2026-04-10,716,N21,VIIRS,n,2.0NRT,312.38,6.55,D
21.48329,92.48031,334.84,0.47,0.4,2026-04-10,716,N21,VIIRS,n,2.0NRT,304.55,18.59,D
21.48536,78.52127,335.52,0.41,0.61,2026-04-10,716,N21,VIIRS,l,2.0NRT,310.19,2.98,D
21.48948,78.09818,334.35,0.44,0.62,2026-04-10,716,N21,VIIRS,l,2.0NRT,306.02,5.93,D
21.49042,78.10239,337.87,0.44,0.62,2026-04-10,716,N21,VIIRS,n,2.0NRT,304.71,5.93,D
21.49258,78.09668,333.82,0.44,0.62,2026-04-10,716,N21,VIIRS,l,2.0NRT,307.11,5.62,D
21.49355,78.10091,353.19,0.44,0.62,2026-04-10,716,N21,VIIRS,n,2.0NRT,306.82,5.62,D
21.49482,93.13363,330.92,0.5,0.41,2026-04-10,716,N21,VIIRS,n,2.0NRT,305.06,3.32,D
21.49689,83.13971,339.95,0.42,0.45,2026-04-10,716,N21,VIIRS,l,2.0NRT,310.46,7.06,D
21.50255,96.00423,343.33,0.49,0.49,2026-04-10,716,N21,VIIRS,n,2.0NRT,307.03,10.5,D
21.50626,82.68961,341.19,0.45,0.47,2026-04-10,716,N21,VIIRS,n,2.0NRT,308.7,4.48,D
21.50862,84.32764,333.43,0.54,0.42,2026-04-10,716,N21,VIIRS,n,2.0NRT,305.06,4.36,D
21.51195,92.26641,333.34,0.46,0.39,2026-04-10,716,N21,VIIRS,n,2.0NRT,302.81,3.39,D
21.51305,81.10987,343.43,0.56,0.52,2026-04-10,716,N21,VIIRS,n,2.0NRT,312.76,8.9,D
21.52039,83.35098,343.07,0.41,0.45,2026-04-10,716,N21,VIIRS,n,2.0NRT,311.93,5.51,D
21.52329,93.29282,335.1,0.51,0.41,2026-04-10,716,N21,VIIRS,l,2.0NRT,306.23,9.72,D
21.52711,78.68787,338.87,0.4,0.6,2026-04-10,716,N21,VIIRS,l,2.0NRT,311.85,3.53,D
21.52871,78.68832,336.31,0.4,0.6,2026-04-10,716,N21,VIIRS,l,2.0NRT,310.62,2.77,D
21.5289,82.11025,348.77,0.49,0.48,2026-04-10,716,N21,VIIRS,n,2.0NRT,313.87,8.56,D
21.52931,83.15329,338.17,0.42,0.45,2026-04-10,716,N21,VIIRS,l,2.0NRT,309.02,4.05,D
21.53199,94.63746,335.46,0.41,0.45,2026-04-10,716,N21,VIIRS,l,2.0NRT,307.83,1.35,D
21.53408,78.68691,335.12,0.4,0.6,2026-04-10,716,N21,VIIRS,l,2.0NRT,308.58,2.77,D
21.53573,82.92976,342.68,0.43,0.46,2026-04-10,716,N21,VIIRS,n,2.0NRT,309.83,11.44,D
21.53791,83.17625,337.87,0.42,0.45,2026-04-10,716,N21,VIIRS,l,2.0NRT,310.91,3.06,D
21.54925,81.16788,343.43,0.56,0.51,2026-04-10,716,N21,VIIRS,l,2.0NRT,314.56,7.01,D
21.55185,97.06611,341.88,0.58,0.52,2026-04-10,716,N21,VIIRS,n,2.0NRT,310.3,26.56,D
21.55241,83.18555,346.17,0.42,0.45,2026-04-10,716,N21,VIIRS,n,2.0NRT,312.72,7.72,D
21.55649,83.18465,343.23,0.42,0.45,2026-04-10,716,N21,VIIRS,n,2.0NRT,305.94,6.96,D
21.55664,97.06555,346.55,0.58,0.52,2026-04-10,716,N21,VIIRS,n,2.0NRT,306.57,26.56,D
21.55681,97.06297,343.86,0.58,0.52,2026-04-10,716,N21,VIIRS,n,2.0NRT,310.53,95.6,D
21.5616,97.06236,338.37,0.58,0.52,2026-04-10,716,N21,VIIRS,n,2.0NRT,308.35,4.99,D
21.56217,79.33202,334.23,0.37,0.58,2026-04-10,716,N21,VIIRS,l,2.0NRT,307.92,4.56,D
21.56547,81.29433,345.15,0.55,0.51,2026-04-10,716,N21,VIIRS,n,2.0NRT,312.11,11.07,D
21.57006,81.2933,335.96,0.55,0.51,2026-04-10,716,N21,VIIRS,l,2.0NRT,310.04,2.62,D
21.57142,82.04797,340.96,0.49,0.49,2026-04-10,716,N21,VIIRS,l,2.0NRT,314.52,7.79,D
21.57175,82.05019,341.25,0.49,0.49,2026-04-10,716,N21,VIIRS,l,2.0NRT,314.16,5.31,D
21.57294,81.26031,341.9,0.55,0.51,2026-04-10,716,N21,VIIRS,l,2.0NRT,312.93,6.98,D
21.57307,82.24271,348.9,0.48,0.48,2026-04-10,716,N21,VIIRS,n,2.0NRT,314.17,12.61,D
21.57591,93.55509,333.5,0.53,0.42,2026-04-10,716,N21,VIIRS,n,2.0NRT,302.11,4.16,D
21.58921,92.32578,333.58,0.46,0.39,2026-04-10,716,N21,VIIRS,n,2.0NRT,307.33,2.1,D
21.58954,82.25782,338.69,0.48,0.48,2026-04-10,716,N21,VIIRS,l,2.0NRT,312.95,4.08,D
21.59188,82.15344,338.53,0.48,0.48,2026-04-10,716,N21,VIIRS,l,2.0NRT,312.38,3.31,D
21.59202,82.15081,336.14,0.48,0.48,2026-04-10,716,N21,VIIRS,l,2.0NRT,310.65,4.28,D
21.59448,79.0768,331.6,0.38,0.59,2026-04-10,716,N21,VIIRS,l,2.0NRT,306.6,5.64,D
21.60823,92.27731,332.5,0.46,0.39,2026-04-10,716,N21,VIIRS,n,2.0NRT,302.3,4.32,D
21.60889,92.28214,334.34,0.46,0.39,2026-04-10,716,N21,VIIRS,n,2.0NRT,305.51,9.52,D
21.61031,82.1515,343.06,0.48,0.48,2026-04-10,716,N21,VIIRS,l,2.0NRT,313.22,9.58,D
21.61114,81.40142,336.28,0.54,0.51,2026-04-10,716,N21,VIIRS,l,2.0NRT,310.12,4.73,D
21.61698,81.17672,345.03,0.55,0.51,2026-04-10,716,N21,VIIRS,n,2.0NRT,314.27,5.15,D
21.61924,81.17926,340.94,0.56,0.51,2026-04-10,716,N21,VIIRS,l,2.0NRT,312.48,5.37,D
21.61986,82.26713,367,0.47,0.48,2026-04-10,716,N21,VIIRS,h,2.0NRT,316.57,11.22,D
21.62012,80.61981,341.22,0.6,0.53,2026-04-10,716,N21,VIIRS,n,2.0NRT,303.53,7.56,D
21.62076,82.27161,343.62,0.47,0.48,2026-04-10,716,N21,VIIRS,n,2.0NRT,313.58,11.22,D
21.62206,81.22445,343,0.55,0.51,2026-04-10,716,N21,VIIRS,n,2.0NRT,311.34,5.51,D
21.62288,83.54015,338.54,0.4,0.44,2026-04-10,716,N21,VIIRS,l,2.0NRT,311.18,3.35,D
21.62359,83.54398,349.9,0.4,0.44,2026-04-10,716,N21,VIIRS,n,2.0NRT,313.45,9.74,D
21.62399,81.22716,342.85,0.55,0.51,2026-04-10,716,N21,VIIRS,n,2.0NRT,310.32,6.19,D
21.62558,82.36302,350.9,0.47,0.48,2026-04-10,716,N21,VIIRS,n,2.0NRT,313.3,8,D
21.6335,97.23625,345.56,0.6,0.53,2026-04-10,716,N21,VIIRS,n,2.0NRT,306.49,16.2,D
21.63563,82.49582,340.95,0.46,0.47,2026-04-10,716,N21,VIIRS,n,2.0NRT,310.36,8.36,D
21.63988,82.49489,338.68,0.46,0.47,2026-04-10,716,N21,VIIRS,l,2.0NRT,311.03,8.36,D
21.64318,97.23499,340.18,0.6,0.53,2026-04-10,716,N21,VIIRS,n,2.0NRT,311.32,51.06,D
21.64452,82.88042,343.89,0.43,0.46,2026-04-10,716,N21,VIIRS,n,2.0NRT,313.18,6.93,D
21.64644,92.38188,340.05,0.46,0.39,2026-04-10,716,N21,VIIRS,n,2.0NRT,313.52,59,D
21.64802,97.23441,340.94,0.6,0.53,2026-04-10,716,N21,VIIRS,n,2.0NRT,304.25,8.79,D
21.64811,80.87036,341.65,0.58,0.52,2026-04-10,716,N21,VIIRS,n,2.0NRT,309.99,5.35,D
21.64987,97.25161,341.21,0.6,0.53,2026-04-10,716,N21,VIIRS,n,2.0NRT,303.33,10.48,D
21.65046,97.25718,340.35,0.6,0.53,2026-04-10,716,N21,VIIRS,n,2.0NRT,303.41,10.48,D
21.65072,83.08167,343.68,0.42,0.45,2026-04-10,716,N21,VIIRS,n,2.0NRT,312.85,8.09,D
21.65075,80.86584,342.61,0.58,0.52,2026-04-10,716,N21,VIIRS,n,2.0NRT,312.44,9.35,D
21.65184,80.8712,341.51,0.58,0.52,2026-04-10,716,N21,VIIRS,n,2.0NRT,308.97,9.35,D
21.65186,81.85776,343.77,0.5,0.49,2026-04-10,716,N21,VIIRS,l,2.0NRT,314.27,7.35,D
21.65281,80.86932,343.32,0.58,0.52,2026-04-10,716,N21,VIIRS,n,2.0NRT,310.65,9.38,D
21.65297,94.85545,348.47,0.42,0.45,2026-04-10,716,N21,VIIRS,n,2.0NRT,307.46,33.86,D
21.65312,94.15695,351.94,0.38,0.43,2026-04-10,716,N21,VIIRS,n,2.0NRT,307.3,6.17,D
21.65588,82.44782,335.21,0.46,0.47,2026-04-10,716,N21,VIIRS,l,2.0NRT,310.06,4.36,D
21.6559,92.20495,334.18,0.46,0.39,2026-04-10,716,N21,VIIRS,n,2.0NRT,301.98,4.8,D
21.65606,81.1788,337.43,0.55,0.51,2026-04-10,716,N21,VIIRS,l,2.0NRT,312.07,3.38,D
21.65706,97.2373,341.32,0.6,0.53,2026-04-10,716,N21,VIIRS,n,2.0NRT,303.83,10.05,D
21.65833,97.23892,330.24,0.6,0.53,2026-04-10,716,N21,VIIRS,l,2.0NRT,303.38,5.38,D
21.65947,92.20444,342.57,0.46,0.39,2026-04-10,716,N21,VIIRS,n,2.0NRT,303.84,4.8,D
21.66132,97.23087,344.74,0.6,0.53,2026-04-10,716,N21,VIIRS,n,2.0NRT,302.31,10.05,D
21.66254,97.23254,340.45,0.6,0.53,2026-04-10,716,N21,VIIRS,n,2.0NRT,303.86,20.13,D
21.66592,81.45947,342.59,0.53,0.5,2026-04-10,716,N21,VIIRS,n,2.0NRT,309.89,9.14,D
21.66604,93.8064,344.98,0.55,0.43,2026-04-10,716,N21,VIIRS,n,2.0NRT,304.26,9.58,D
21.66617,81.46272,343.42,0.53,0.5,2026-04-10,716,N21,VIIRS,n,2.0NRT,311.59,11,D
21.66851,82.37659,344.87,0.47,0.47,2026-04-10,716,N21,VIIRS,n,2.0NRT,313.73,6.82,D
21.66997,93.80622,351.58,0.55,0.43,2026-04-10,716,N21,VIIRS,n,2.0NRT,308.46,12.07,D
21.67008,82.31644,343.95,0.47,0.48,2026-04-10,716,N21,VIIRS,l,2.0NRT,314.46,7.1,D
21.67126,93.94371,331.34,0.56,0.43,2026-04-10,716,N21,VIIRS,n,2.0NRT,301.07,4.87,D
21.67208,80.74873,342.25,0.59,0.53,2026-04-10,716,N21,VIIRS,n,2.0NRT,309.06,7.37,D
21.67272,81.2131,341.58,0.55,0.51,2026-04-10,716,N21,VIIRS,l,2.0NRT,312.56,10.98,D
21.6764,83.74701,337.86,0.39,0.44,2026-04-10,716,N21,VIIRS,n,2.0NRT,309.05,3.03,D
21.68224,82.73844,353.35,0.44,0.46,2026-04-10,716,N21,VIIRS,n,2.0NRT,312.8,8.27,D
21.68282,79.63947,331.18,0.35,0.57,2026-04-10,716,N21,VIIRS,l,2.0NRT,306.06,2.12,D
21.68567,81.48642,337.56,0.53,0.5,2026-04-10,716,N21,VIIRS,l,2.0NRT,311.91,5.01,D
21.68643,82.73754,345.88,0.44,0.46,2026-04-10,716,N21,VIIRS,n,2.0NRT,314.77,8.27,D
21.6879,79.63831,333.14,0.35,0.57,2026-04-10,716,N21,VIIRS,l,2.0NRT,305.61,2.12,D
21.6886,79.64156,334.6,0.35,0.56,2026-04-10,716,N21,VIIRS,l,2.0NRT,306.58,2.12,D
21.68886,81.38603,338.54,0.54,0.51,2026-04-10,716,N21,VIIRS,l,2.0NRT,309.95,3.18,D
21.68908,82.59318,341.12,0.45,0.47,2026-04-10,716,N21,VIIRS,l,2.0NRT,315.26,10.6,D
21.68958,83.00196,342.98,0.43,0.46,2026-04-10,716,N21,VIIRS,n,2.0NRT,312.77,6.56,D
21.69246,82.58797,349.55,0.45,0.47,2026-04-10,716,N21,VIIRS,n,2.0NRT,314.96,9.22,D
21.6933,82.59224,347.1,0.45,0.47,2026-04-10,716,N21,VIIRS,n,2.0NRT,312.94,9.22,D
21.69353,93.74303,336.67,0.55,0.42,2026-04-10,716,N21,VIIRS,n,2.0NRT,303.58,6.57,D
21.69477,82.04778,345.14,0.49,0.48,2026-04-10,716,N21,VIIRS,n,2.0NRT,312.87,6.72,D
21.69745,81.61273,343.05,0.52,0.5,2026-04-10,716,N21,VIIRS,n,2.0NRT,311.69,8.14,D
21.6975,81.04879,340.61,0.56,0.52,2026-04-10,716,N21,VIIRS,n,2.0NRT,310.41,6.37,D
21.70013,81.61043,346.99,0.52,0.5,2026-04-10,716,N21,VIIRS,n,2.0NRT,311.36,7.31,D
21.70161,83.85654,338.47,0.57,0.43,2026-04-10,716,N21,VIIRS,n,2.0NRT,309.25,10.37,D
21.70182,83.85948,351.48,0.57,0.43,2026-04-10,716,N21,VIIRS,n,2.0NRT,310.75,20.14,D
21.7026,83.862,346.57,0.57,0.43,2026-04-10,716,N21,VIIRS,n,2.0NRT,308.46,10.37,D
21.70321,83.45124,336.59,0.4,0.44,2026-04-10,716,N21,VIIRS,l,2.0NRT,310.35,6.72,D
21.71282,93.80105,331.48,0.55,0.43,2026-04-10,716,N21,VIIRS,l,2.0NRT,304.54,5.34,D
21.71374,93.79974,339.14,0.55,0.43,2026-04-10,716,N21,VIIRS,n,2.0NRT,305.62,8.96,D
21.71394,93.80984,340.55,0.55,0.43,2026-04-10,716,N21,VIIRS,n,2.0NRT,302.56,4.19,D
21.71483,93.80856,340.94,0.55,0.43,2026-04-10,716,N21,VIIRS,n,2.0NRT,303.45,10.2,D
21.71486,83.90701,333.13,0.57,0.43,2026-04-10,716,N21,VIIRS,l,2.0NRT,306.8,2.66,D
21.71786,96.73691,341.62,0.56,0.51,2026-04-10,716,N21,VIIRS,n,2.0NRT,298.88,10.61,D
21.72015,96.73765,350.49,0.56,0.51,2026-04-10,716,N21,VIIRS,n,2.0NRT,298.85,11.68,D
21.72086,81.47334,344.23,0.53,0.5,2026-04-10,716,N21,VIIRS,n,2.0NRT,314.3,17.73,D
21.72119,81.35759,344.53,0.54,0.51,2026-04-10,716,N21,VIIRS,n,2.0NRT,311.83,8.07,D
21.72366,84.47774,335.45,0.53,0.42,2026-04-10,716,N21,VIIRS,l,2.0NRT,308.54,3.36,D
21.7265,93.80692,330.36,0.55,0.43,2026-04-10,716,N21,VIIRS,l,2.0NRT,301.36,6.92,D
21.72966,85.21882,331.87,0.48,0.4,2026-04-10,716,N21,VIIRS,n,2.0NRT,304.98,2.65,D
21.73209,85.23235,338.08,0.48,0.4,2026-04-10,716,N21,VIIRS,n,2.0NRT,307.59,4.52,D
21.73465,94.22783,340.6,0.39,0.44,2026-04-10,716,N21,VIIRS,n,2.0NRT,304.83,2.44,D
21.73495,81.49628,340.63,0.53,0.5,2026-04-10,716,N21,VIIRS,l,2.0NRT,310.85,4.86,D
21.74095,83.76397,341.71,0.38,0.43,2026-04-10,716,N21,VIIRS,n,2.0NRT,309.75,2.92,D
21.74776,83.84429,340.71,0.57,0.43,2026-04-10,716,N21,VIIRS,l,2.0NRT,313.11,9.22,D
21.75358,82.67628,341.8,0.44,0.46,2026-04-10,716,N21,VIIRS,l,2.0NRT,313.63,12,D
21.75582,94.85006,340.33,0.42,0.45,2026-04-10,716,N21,VIIRS,n,2.0NRT,305.56,3.68,D
21.7586,82.04801,351.12,0.49,0.48,2026-04-10,716,N21,VIIRS,n,2.0NRT,315.76,22.78,D
21.76141,94.86175,343.28,0.42,0.45,2026-04-10,716,N21,VIIRS,n,2.0NRT,304.01,4.89,D
21.76557,80.98774,345.57,0.57,0.52,2026-04-10,716,N21,VIIRS,n,2.0NRT,312.89,8.58,D
21.76714,81.37161,352.68,0.54,0.51,2026-04-10,716,N21,VIIRS,n,2.0NRT,311.88,13.74,D
21.76727,81.37375,343.74,0.54,0.51,2026-04-10,716,N21,VIIRS,n,2.0NRT,312.57,9.89,D
21.76766,95.46873,346.67,0.46,0.47,2026-04-10,716,N21,VIIRS,n,2.0NRT,309.63,27.26,D
21.76885,84.59686,335.48,0.52,0.41,2026-04-10,716,N21,VIIRS,l,2.0NRT,308.84,5.44,D
21.77283,82.88793,342.82,0.43,0.46,2026-04-10,716,N21,VIIRS,n,2.0NRT,312.07,12.8,D
21.77583,81.50556,335.14,0.53,0.5,2026-04-10,716,N21,VIIRS,l,2.0NRT,308.33,4.64,D
21.77938,81.5535,342.57,0.52,0.5,2026-04-10,716,N21,VIIRS,n,2.0NRT,309.18,6.18,D
21.77955,81.50703,347.78,0.53,0.5,2026-04-10,716,N21,VIIRS,n,2.0NRT,311.58,5.89,D
21.78193,81.54264,343.77,0.52,0.5,2026-04-10,716,N21,VIIRS,n,2.0NRT,310.48,12.03,D
21.78296,81.54007,343.3,0.52,0.5,2026-04-10,716,N21,VIIRS,n,2.0NRT,313.29,15.81,D
21.78408,81.43085,343.4,0.53,0.5,2026-04-10,716,N21,VIIRS,n,2.0NRT,309.12,4.87,D
21.78646,85.13593,334.4,0.49,0.4,2026-04-10,716,N21,VIIRS,n,2.0NRT,303.46,5.62,D
21.78861,81.42984,342.25,0.53,0.5,2026-04-10,716,N21,VIIRS,n,2.0NRT,310.84,4.26,D
21.78993,81.52821,333.77,0.52,0.5,2026-04-10,716,N21,VIIRS,l,2.0NRT,308.37,4.24,D
21.78993,85.19823,343.45,0.48,0.4,2026-04-10,716,N21,VIIRS,n,2.0NRT,306.16,18.72,D
21.79347,81.52972,336.94,0.52,0.5,2026-04-10,716,N21,VIIRS,l,2.0NRT,310.49,3.61,D
21.79517,82.8019,345.68,0.44,0.46,2026-04-10,716,N21,VIIRS,n,2.0NRT,313.98,8.47,D
21.79596,82.80605,343.54,0.44,0.46,2026-04-10,716,N21,VIIRS,n,2.0NRT,314.09,8.47,D
21.79782,81.47472,337.12,0.53,0.5,2026-04-10,716,N21,VIIRS,l,2.0NRT,309.55,3.89,D
21.80077,84.60146,330.46,0.52,0.41,2026-04-10,716,N21,VIIRS,l,2.0NRT,304.61,3.58,D
21.80354,81.6043,339.54,0.52,0.5,2026-04-10,716,N21,VIIRS,l,2.0NRT,312.12,3.39,D
21.80502,81.60162,347.26,0.52,0.5,2026-04-10,716,N21,VIIRS,n,2.0NRT,313.69,10.99,D
21.80518,81.6598,343.03,0.51,0.5,2026-04-10,716,N21,VIIRS,l,2.0NRT,313.55,10.06,D
21.80662,78.64655,346.81,0.4,0.6,2026-04-10,716,N21,VIIRS,n,2.0NRT,312.65,7.6,D
21.80802,81.60329,341.11,0.52,0.5,2026-04-10,716,N21,VIIRS,l,2.0NRT,313.37,4.38,D
21.80846,81.54971,342.35,0.52,0.5,2026-04-10,716,N21,VIIRS,n,2.0NRT,310.27,8.39,D
21.81194,81.54376,340.64,0.52,0.5,2026-04-10,716,N21,VIIRS,l,2.0NRT,312.82,4.93,D
21.81534,81.44475,343.59,0.53,0.5,2026-04-10,716,N21,VIIRS,n,2.0NRT,312.52,6.08,D
21.81635,81.44975,355.01,0.53,0.5,2026-04-10,716,N21,VIIRS,n,2.0NRT,314.19,8.35,D
21.81641,81.49641,340.41,0.53,0.5,2026-04-10,716,N21,VIIRS,n,2.0NRT,310.76,4.97,D
21.81737,81.45474,338.02,0.53,0.5,2026-04-10,716,N21,VIIRS,l,2.0NRT,312.93,8.35,D
21.81742,81.50135,341.12,0.52,0.5,2026-04-10,716,N21,VIIRS,n,2.0NRT,310.49,4.39,D
21.81939,81.46468,344.25,0.53,0.5,2026-04-10,716,N21,VIIRS,l,2.0NRT,315.78,31.34,D
21.83445,81.49237,351.03,0.53,0.5,2026-04-10,716,N21,VIIRS,n,2.0NRT,311.49,9.26,D
21.83797,81.4397,367,0.53,0.5,2026-04-10,716,N21,VIIRS,h,2.0NRT,312.62,12.5,D
21.84765,83.36505,335.77,0.4,0.44,2026-04-10,716,N21,VIIRS,l,2.0NRT,310.4,3.13,D
21.85105,81.41061,337.81,0.53,0.5,2026-04-10,716,N21,VIIRS,l,2.0NRT,311.27,3.81,D
21.85349,81.49329,342.95,0.52,0.5,2026-04-10,716,N21,VIIRS,n,2.0NRT,311.09,6.26,D
21.85375,81.77187,341.45,0.5,0.49,2026-04-10,716,N21,VIIRS,n,2.0NRT,312.42,4.14,D
21.8543,81.83859,338.87,0.5,0.49,2026-04-10,716,N21,VIIRS,l,2.0NRT,310.49,4.43,D
21.85448,81.49824,343.3,0.52,0.5,2026-04-10,716,N21,VIIRS,n,2.0NRT,312.47,6.26,D
21.85715,97.18919,331.26,0.6,0.53,2026-04-10,716,N21,VIIRS,l,2.0NRT,304.98,7.11,D
21.85835,81.72599,336.11,0.51,0.49,2026-04-10,716,N21,VIIRS,l,2.0NRT,310.64,6.95,D
21.86872,81.59245,344.98,0.52,0.5,2026-04-10,716,N21,VIIRS,n,2.0NRT,312.84,6.21,D
21.87136,83.53277,339.31,0.39,0.44,2026-04-10,716,N21,VIIRS,n,2.0NRT,308.71,1.95,D
21.87304,93.70364,330.9,0.55,0.42,2026-04-10,716,N21,VIIRS,n,2.0NRT,303.52,4.03,D
21.87599,84.66962,335.69,0.51,0.41,2026-04-10,716,N21,VIIRS,n,2.0NRT,302.61,3.4,D
21.8789,83.15294,340.43,0.41,0.45,2026-04-10,716,N21,VIIRS,l,2.0NRT,311.24,4.3,D
21.88484,81.036,341.43,0.56,0.52,2026-04-10,716,N21,VIIRS,n,2.0NRT,309.25,5.71,D
21.89207,81.84731,342.87,0.5,0.49,2026-04-10,716,N21,VIIRS,l,2.0NRT,313.32,10.33,D
21.89418,97.2745,331.53,0.61,0.53,2026-04-10,716,N21,VIIRS,n,2.0NRT,300.31,8.98,D
21.89425,81.88106,342.51,0.5,0.49,2026-04-10,716,N21,VIIRS,n,2.0NRT,311.33,3.19,D
21.89447,97.37633,336.35,0.62,0.54,2026-04-10,716,N21,VIIRS,n,2.0NRT,302.33,9.17,D
21.89547,79.12803,349.86,0.37,0.58,2026-04-10,716,N21,VIIRS,n,2.0NRT,309.25,12.25,D
21.89603,97.27617,333.08,0.61,0.53,2026-04-10,716,N21,VIIRS,n,2.0NRT,299.93,3.47,D
21.89623,79.13148,367,0.37,0.58,2026-04-10,716,N21,VIIRS,h,2.0NRT,310.15,12.25,D
21.90023,81.86508,340.24,0.5,0.49,2026-04-10,716,N21,VIIRS,l,2.0NRT,312.82,4.99,D
21.9075,82.11133,338.89,0.48,0.48,2026-04-10,716,N21,VIIRS,n,2.0NRT,311.49,3.95,D
21.9109,81.87247,346.4,0.5,0.49,2026-04-10,716,N21,VIIRS,n,2.0NRT,315.73,13.7,D
21.91317,84.66151,330.94,0.51,0.41,2026-04-10,716,N21,VIIRS,l,2.0NRT,302.16,2.37,D
21.91332,97.67419,367,0.32,0.55,2026-04-10,716,N21,VIIRS,h,2.0NRT,303.38,15.63,D
21.91344,84.16855,336.26,0.54,0.42,2026-04-10,716,N21,VIIRS,l,2.0NRT,310.45,5.15,D
21.91748,81.45468,345.12,0.53,0.5,2026-04-10,716,N21,VIIRS,l,2.0NRT,317.63,10.6,D
21.91963,92.42114,335.87,0.47,0.4,2026-04-10,716,N21,VIIRS,n,2.0NRT,304.73,6.28,D
21.91996,83.34973,345.1,0.4,0.44,2026-04-10,716,N21,VIIRS,n,2.0NRT,314.73,4.44,D
21.9215,84.66489,330.39,0.51,0.41,2026-04-10,716,N21,VIIRS,l,2.0NRT,303.87,2.52,D
21.9222,96.97897,337.81,0.58,0.52,2026-04-10,716,N21,VIIRS,n,2.0NRT,301.06,8.03,D
21.92247,81.43282,337.4,0.53,0.5,2026-04-10,716,N21,VIIRS,l,2.0NRT,311.72,8.44,D
21.92354,81.48439,342.74,0.52,0.5,2026-04-10,716,N21,VIIRS,n,2.0NRT,312.64,7.65,D
21.92373,81.68137,343.48,0.51,0.49,2026-04-10,716,N21,VIIRS,n,2.0NRT,312.74,7.16,D
21.92434,81.73135,338.75,0.51,0.49,2026-04-10,716,N21,VIIRS,l,2.0NRT,312.45,3.97,D
21.92437,96.1405,345.91,0.51,0.49,2026-04-10,716,N21,VIIRS,n,2.0NRT,305.1,9.74,D
21.92585,81.78565,367,0.5,0.49,2026-04-10,716,N21,VIIRS,h,2.0NRT,312.31,11.12,D
21.92608,96.49987,333.56,0.54,0.51,2026-04-10,716,N21,VIIRS,n,2.0NRT,301.59,8.97,D
21.92688,81.72077,336.63,0.51,0.49,2026-04-10,716,N21,VIIRS,l,2.0NRT,311.55,4.13,D
21.93372,80.56998,342.99,0.6,0.53,2026-04-10,716,N21,VIIRS,n,2.0NRT,306.05,10.48,D
21.93419,95.74703,336.86,0.48,0.48,2026-04-10,716,N21,VIIRS,l,2.0NRT,311.18,7.14,D
21.93432,80.57112,343.2,0.6,0.53,2026-04-10,716,N21,VIIRS,n,2.0NRT,306.06,9.1,D
21.93436,95.75001,337.87,0.48,0.48,2026-04-10,716,N21,VIIRS,l,2.0NRT,310.82,7.48,D
21.94117,82.11539,343.08,0.48,0.48,2026-04-10,716,N21,VIIRS,n,2.0NRT,313.31,9.16,D
21.94207,82.11988,342.9,0.48,0.48,2026-04-10,716,N21,VIIRS,n,2.0NRT,313.87,9.16,D
21.94975,81.88326,338.22,0.49,0.49,2026-04-10,716,N21,VIIRS,n,2.0NRT,310.15,3.91,D
21.95115,80.21945,334.4,0.63,0.54,2026-04-10,716,N21,VIIRS,n,2.0NRT,305.24,3.81,D
21.95427,80.2226,338.1,0.63,0.54,2026-04-10,716,N21,VIIRS,n,2.0NRT,305.49,6.39,D
21.95603,80.21835,333.53,0.63,0.54,2026-04-10,716,N21,VIIRS,l,2.0NRT,305.36,4.42,D
21.95614,82.81443,341.5,0.43,0.46,2026-04-10,716,N21,VIIRS,l,2.0NRT,312.84,7.94,D
21.9591,80.22131,333.24,0.63,0.54,2026-04-10,716,N21,VIIRS,n,2.0NRT,306.49,6.39,D
21.96678,81.7431,337.61,0.5,0.49,2026-04-10,716,N21,VIIRS,l,2.0NRT,312.02,2.65,D
21.96687,92.23768,332.85,0.46,0.39,2026-04-10,716,N21,VIIRS,n,2.0NRT,301.5,4.43,D
21.96746,92.24211,331.55,0.46,0.39,2026-04-10,716,N21,VIIRS,n,2.0NRT,301.51,4.57,D
21.96906,80.24393,344.15,0.63,0.54,2026-04-10,716,N21,VIIRS,n,2.0NRT,306.53,9.59,D
21.97074,80.24009,341.47,0.63,0.54,2026-04-10,716,N21,VIIRS,n,2.0NRT,308.02,11.11,D
21.97125,83.12872,343.57,0.41,0.45,2026-04-10,716,N21,VIIRS,n,2.0NRT,313.54,12.48,D
21.97194,80.24591,342.16,0.63,0.54,2026-04-10,716,N21,VIIRS,n,2.0NRT,305.96,14.94,D
21.97394,80.2429,335.61,0.63,0.54,2026-04-10,716,N21,VIIRS,l,2.0NRT,306.25,9.59,D
21.97846,80.21626,339.44,0.63,0.54,2026-04-10,716,N21,VIIRS,n,2.0NRT,308.53,8.27,D
21.9792,80.25643,332.53,0.63,0.54,2026-04-10,716,N21,VIIRS,l,2.0NRT,306.72,6.44,D
22.00868,80.21425,336.44,0.63,0.54,2026-04-10,716,N21,VIIRS,n,2.0NRT,306.69,6.03,D
22.0136,80.21341,333.79,0.63,0.54,2026-04-10,716,N21,VIIRS,n,2.0NRT,307.47,5.77,D
22.01601,82.69826,338.88,0.44,0.46,2026-04-10,716,N21,VIIRS,l,2.0NRT,311.29,9.96,D
22.01727,82.69913,340.23,0.44,0.46,2026-04-10,716,N21,VIIRS,n,2.0NRT,310.15,4.85,D
22.01907,96.50095,333.48,0.54,0.51,2026-04-10,716,N21,VIIRS,n,2.0NRT,300.49,5.12,D
22.02024,96.5018,330.29,0.54,0.51,2026-04-10,716,N21,VIIRS,l,2.0NRT,300.56,4.67,D
22.02481,82.81245,338.08,0.43,0.46,2026-04-10,716,N21,VIIRS,l,2.0NRT,313.05,4.72,D
22.03738,83.12362,334.23,0.41,0.45,2026-04-10,716,N21,VIIRS,l,2.0NRT,307.49,3.45,D
22.03829,83.35199,339.38,0.4,0.44,2026-04-10,716,N21,VIIRS,l,2.0NRT,312.99,5.38,D
22.03891,95.28909,337.79,0.45,0.47,2026-04-10,716,N21,VIIRS,l,2.0NRT,310.14,3.63,D
22.03921,83.35145,338.14,0.4,0.44,2026-04-10,716,N21,VIIRS,l,2.0NRT,312.69,5.35,D
22.04873,82.93808,344.24,0.42,0.45,2026-04-10,716,N21,VIIRS,n,2.0NRT,311.94,6.96,D
22.05024,83.41637,340.41,0.4,0.44,2026-04-10,716,N21,VIIRS,n,2.0NRT,310.16,3.48,D
22.05158,83.41566,338.83,0.4,0.44,2026-04-10,716,N21,VIIRS,l,2.0NRT,309.7,3.47,D
22.05207,82.93317,341.81,0.42,0.46,2026-04-10,716,N21,VIIRS,n,2.0NRT,309.48,6.96,D
22.05284,82.93719,342.09,0.42,0.45,2026-04-10,716,N21,VIIRS,n,2.0NRT,309.36,6.96,D
22.05386,88.12691,334.72,0.39,0.36,2026-04-10,716,N21,VIIRS,l,2.0NRT,308.71,2.68,D
22.07922,97.96507,367,0.34,0.56,2026-04-10,716,N21,VIIRS,h,2.0NRT,302.32,8.71,D
22.08781,83.94837,342.39,0.56,0.43,2026-04-10,716,N21,VIIRS,n,2.0NRT,310.77,5.12,D
22.10645,96.70055,337.47,0.56,0.51,2026-04-10,716,N21,VIIRS,l,2.0NRT,310.85,8.59,D
22.11901,92.65971,333.12,0.48,0.4,2026-04-10,716,N21,VIIRS,n,2.0NRT,301.57,6.43,D
22.11941,82.34947,342.79,0.46,0.47,2026-04-10,716,N21,VIIRS,n,2.0NRT,312.8,3.32,D
22.1196,92.66433,336.88,0.48,0.4,2026-04-10,716,N21,VIIRS,n,2.0NRT,301.25,6.08,D
22.12482,80.55392,341.13,0.59,0.53,2026-04-10,716,N21,VIIRS,l,2.0NRT,312.39,11.38,D
22.12547,80.55661,340.35,0.59,0.53,2026-04-10,716,N21,VIIRS,l,2.0NRT,311.54,11.21,D
22.12589,82.62798,337.59,0.44,0.46,2026-04-10,716,N21,VIIRS,l,2.0NRT,310.81,2.6,D
22.13424,93.81114,333.35,0.56,0.43,2026-04-10,716,N21,VIIRS,l,2.0NRT,305.11,8.22,D
22.13435,93.80867,331.4,0.56,0.43,2026-04-10,716,N21,VIIRS,l,2.0NRT,304.45,3.93,D
22.13502,93.81429,333.69,0.56,0.43,2026-04-10,716,N21,VIIRS,n,2.0NRT,304.99,6.46,D
22.15284,95.77958,344.52,0.49,0.48,2026-04-10,716,N21,VIIRS,n,2.0NRT,306.29,6.94,D
22.15564,92.59677,331.47,0.48,0.4,2026-04-10,716,N21,VIIRS,n,2.0NRT,302.32,3.67,D
22.15683,95.78104,348.95,0.49,0.48,2026-04-10,716,N21,VIIRS,n,2.0NRT,303.8,9.08,D
22.16714,83.14029,338.36,0.41,0.45,2026-04-10,716,N21,VIIRS,n,2.0NRT,306.11,1.97,D
22.17684,82.62128,341.51,0.44,0.46,2026-04-10,716,N21,VIIRS,n,2.0NRT,311.77,4,D
22.1865,96.49227,334.84,0.54,0.51,2026-04-10,716,N21,VIIRS,n,2.0NRT,302.56,9.28,D
22.19348,93.73994,340.42,0.55,0.43,2026-04-10,716,N21,VIIRS,n,2.0NRT,302.22,7.67,D
22.1955,85.10158,332.78,0.48,0.4,2026-04-10,716,N21,VIIRS,l,2.0NRT,303.14,3.99,D
22.20612,84.86226,334.45,0.5,0.41,2026-04-10,716,N21,VIIRS,l,2.0NRT,306.32,6.9,D
22.20837,84.85838,335.24,0.49,0.41,2026-04-10,716,N21,VIIRS,l,2.0NRT,307.96,7.3,D
22.23024,92.62575,340.6,0.48,0.4,2026-04-10,716,N21,VIIRS,n,2.0NRT,307.72,26.97,D
22.23085,92.63049,333.97,0.48,0.4,2026-04-10,716,N21,VIIRS,n,2.0NRT,304.1,16.78,D
22.23473,93.81551,330.72,0.56,0.43,2026-04-10,716,N21,VIIRS,n,2.0NRT,304.49,2.43,D
22.24099,85.12529,339.24,0.48,0.4,2026-04-10,716,N21,VIIRS,n,2.0NRT,305.32,5.61,D
22.24626,87.3905,332.48,0.4,0.37,2026-04-10,716,N21,VIIRS,l,2.0NRT,306.53,7.26,D
22.25109,82.25716,342.68,0.46,0.47,2026-04-10,716,N21,VIIRS,n,2.0NRT,311.52,5.97,D
22.26731,95.36884,341.57,0.46,0.47,2026-04-10,716,N21,VIIRS,n,2.0NRT,305.05,6.3,D
22.26874,94.3205,330.29,0.4,0.44,2026-04-10,716,N21,VIIRS,l,2.0NRT,301.1,3.09,D
22.27036,82.11642,337.7,0.47,0.48,2026-04-10,716,N21,VIIRS,l,2.0NRT,308.76,2.77,D
22.27281,94.32014,335.58,0.4,0.44,2026-04-10,716,N21,VIIRS,n,2.0NRT,302.44,4.87,D
22.27603,85.38997,331.95,0.47,0.39,2026-04-10,716,N21,VIIRS,n,2.0NRT,305.75,3.45,D
22.27999,82.14225,343.64,0.47,0.48,2026-04-10,716,N21,VIIRS,n,2.0NRT,310.29,5.6,D
22.28936,92.24714,334.65,0.46,0.39,2026-04-10,716,N21,VIIRS,n,2.0NRT,302.71,14.38,D
22.29636,81.23165,345.83,0.53,0.5,2026-04-10,716,N21,VIIRS,n,2.0NRT,311.63,5.07,D
22.3017,95.28754,342.99,0.46,0.47,2026-04-10,716,N21,VIIRS,n,2.0NRT,308.77,6.3,D
22.31053,93.74874,334.82,0.56,0.43,2026-04-10,716,N21,VIIRS,n,2.0NRT,298.49,4.32,D
22.31131,81.88628,344.76,0.49,0.48,2026-04-10,716,N21,VIIRS,n,2.0NRT,308.27,6.3,D
22.31737,94.38144,352,0.4,0.44,2026-04-10,716,N21,VIIRS,n,2.0NRT,303.92,9.58,D
22.31781,94.38503,367,0.4,0.44,2026-04-10,716,N21,VIIRS,h,2.0NRT,306.44,10.74,D
22.31787,94.3813,350.38,0.4,0.44,2026-04-10,716,N21,VIIRS,n,2.0NRT,303.62,9.38,D
22.31825,94.38861,332.15,0.4,0.44,2026-04-10,716,N21,VIIRS,n,2.0NRT,301.14,10.74,D
22.31829,94.3849,367,0.4,0.44,2026-04-10,716,N21,VIIRS,h,2.0NRT,307.2,10.81,D
22.31871,94.3885,333.25,0.4,0.44,2026-04-10,716,N21,VIIRS,n,2.0NRT,301.9,10.81,D
22.32279,94.38806,347.53,0.4,0.44,2026-04-10,716,N21,VIIRS,n,2.0NRT,303.89,13.96,D
22.33133,93.72465,332.67,0.55,0.43,2026-04-10,716,N21,VIIRS,n,2.0NRT,300.61,4.57,D
22.33456,83.96848,337.25,0.55,0.43,2026-04-10,716,N21,VIIRS,n,2.0NRT,309.14,10.11,D
22.36492,87.30119,340.02,0.4,0.37,2026-04-10,716,N21,VIIRS,l,2.0NRT,311.19,11.08,D
22.36562,87.01841,336.57,0.41,0.37,2026-04-10,716,N21,VIIRS,l,2.0NRT,310.99,4.24,D
22.36994,93.84169,332.21,0.56,0.43,2026-04-10,716,N21,VIIRS,l,2.0NRT,304.46,5.51,D
22.37113,83.03839,332.86,0.41,0.45,2026-04-10,716,N21,VIIRS,l,2.0NRT,306.47,1.63,D
22.37724,93.86922,333.13,0.57,0.43,2026-04-10,716,N21,VIIRS,l,2.0NRT,307.81,8.33,D
22.37816,83.33749,337.51,0.4,0.44,2026-04-10,716,N21,VIIRS,n,2.0NRT,306.52,2.34,D
22.3785,87.27889,352.05,0.4,0.37,2026-04-10,716,N21,VIIRS,n,2.0NRT,314.76,11.74,D
22.37983,93.85751,334.09,0.56,0.43,2026-04-10,716,N21,VIIRS,l,2.0NRT,306.58,6.64,D
22.3817,93.8398,341.64,0.56,0.43,2026-04-10,716,N21,VIIRS,n,2.0NRT,305.29,10.84,D
22.38686,83.33959,338.67,0.4,0.44,2026-04-10,716,N21,VIIRS,n,2.0NRT,306.9,2.33,D
22.39936,93.85339,348.72,0.56,0.43,2026-04-10,716,N21,VIIRS,n,2.0NRT,306.65,8.94,D
22.41356,93.97066,331.48,0.57,0.43,2026-04-10,716,N21,VIIRS,l,2.0NRT,306.45,3.29,D
22.41527,83.22658,331.4,0.4,0.44,2026-04-10,716,N21,VIIRS,l,2.0NRT,306.15,2.98,D
22.42985,86.14805,333.49,0.43,0.38,2026-04-10,716,N21,VIIRS,l,2.0NRT,303.86,2.64,D
22.43102,86.14741,332.77,0.43,0.38,2026-04-10,716,N21,VIIRS,l,2.0NRT,303.99,2.17,D
22.43623,92.31749,333.66,0.47,0.4,2026-04-10,716,N21,VIIRS,n,2.0NRT,301.89,4.73,D
22.45053,93.94344,347.18,0.57,0.43,2026-04-10,716,N21,VIIRS,n,2.0NRT,306.58,12.12,D
22.45741,92.33808,335.06,0.47,0.4,2026-04-10,716,N21,VIIRS,n,2.0NRT,304.09,6.57,D
22.46039,97.60556,345.47,0.32,0.55,2026-04-10,716,N21,VIIRS,n,2.0NRT,307.29,3.62,D
22.46058,97.60557,345.81,0.32,0.55,2026-04-10,716,N21,VIIRS,n,2.0NRT,306.56,4.7,D
22.47302,96.76508,337.42,0.57,0.52,2026-04-10,716,N21,VIIRS,n,2.0NRT,298.94,8.42,D
22.47375,96.77174,333.51,0.57,0.52,2026-04-10,716,N21,VIIRS,n,2.0NRT,297.55,8.75,D
22.47457,96.76916,340.35,0.57,0.52,2026-04-10,716,N21,VIIRS,n,2.0NRT,299.27,13.6,D
22.47961,97.24345,339.09,0.61,0.54,2026-04-10,716,N21,VIIRS,n,2.0NRT,302.27,7.35,D
22.49437,96.9661,349.1,0.59,0.53,2026-04-10,716,N21,VIIRS,n,2.0NRT,306.14,14.16,D
22.49493,96.96801,341.1,0.59,0.53,2026-04-10,716,N21,VIIRS,n,2.0NRT,306.12,15.54,D
22.52055,95.8755,343.51,0.5,0.49,2026-04-10,716,N21,VIIRS,n,2.0NRT,309.59,3.66,D
22.53154,97.24135,334.12,0.61,0.54,2026-04-10,716,N21,VIIRS,n,2.0NRT,303.72,4.8,D
22.54485,83.15108,334.83,0.4,0.44,2026-04-10,716,N21,VIIRS,l,2.0NRT,308.78,3.45,D
22.54947,83.11016,336.52,0.41,0.45,2026-04-10,716,N21,VIIRS,n,2.0NRT,309.02,3.68,D
22.55288,82.25598,332.42,0.46,0.47,2026-04-10,716,N21,VIIRS,l,2.0NRT,302.74,4.46,D
22.554,97.2674,335.87,0.62,0.54,2026-04-10,716,N21,VIIRS,n,2.0NRT,303,8.8,D
22.56238,97.35146,367,0.62,0.54,2026-04-10,716,N21,VIIRS,h,2.0NRT,304.83,19.96,D
22.56754,83.51941,354.8,0.38,0.44,2026-04-10,716,N21,VIIRS,n,2.0NRT,308.24,8.41,D
22.57421,97.77296,367,0.33,0.55,2026-04-10,716,N21,VIIRS,h,2.0NRT,300.42,13.17,D
22.58121,93.67281,333.07,0.55,0.43,2026-04-10,716,N21,VIIRS,n,2.0NRT,303.28,7.4,D
22.5899,97.57891,343.92,0.32,0.55,2026-04-10,716,N21,VIIRS,n,2.0NRT,302.93,3.33,D
22.63065,97.48071,339.55,0.32,0.54,2026-04-10,716,N21,VIIRS,n,2.0NRT,304.39,5.18,D
22.67099,94.11506,341.78,0.39,0.44,2026-04-10,716,N21,VIIRS,n,2.0NRT,305.06,3.68,D
22.67741,97.89282,332.76,0.34,0.56,2026-04-10,716,N21,VIIRS,n,2.0NRT,301.44,4.48,D
22.68299,94.21455,340.85,0.4,0.44,2026-04-10,716,N21,VIIRS,n,2.0NRT,302.08,5.18,D
22.6844,97.85932,331.7,0.34,0.56,2026-04-10,716,N21,VIIRS,l,2.0NRT,301.86,2.65,D
22.68473,97.86258,331.35,0.34,0.56,2026-04-10,716,N21,VIIRS,l,2.0NRT,304.46,3.81,D
22.6992,92.5018,333.15,0.48,0.4,2026-04-10,716,N21,VIIRS,n,2.0NRT,298.25,2.57,D
22.70558,97.88471,339.64,0.34,0.56,2026-04-10,716,N21,VIIRS,n,2.0NRT,302.9,3.29,D
22.71511,91.9697,336.95,0.46,0.39,2026-04-10,716,N21,VIIRS,n,2.0NRT,300.45,18.53,D
22.7209,93.80322,344.62,0.57,0.43,2026-04-10,716,N21,VIIRS,n,2.0NRT,305.14,10.71,D
22.73384,92.42253,332.42,0.48,0.4,2026-04-10,716,N21,VIIRS,n,2.0NRT,303.53,2.29,D
22.78518,93.87689,330.64,0.57,0.43,2026-04-10,716,N21,VIIRS,l,2.0NRT,302.98,4.86,D
22.79008,86.21101,336.14,0.43,0.38,2026-04-10,716,N21,VIIRS,l,2.0NRT,310.86,4.27,D
22.79263,92.19375,331.12,0.47,0.4,2026-04-10,716,N21,VIIRS,n,2.0NRT,302.27,2.64,D
22.79429,92.19518,330.33,0.47,0.4,2026-04-10,716,N21,VIIRS,n,2.0NRT,301.2,3.78,D
22.80181,85.43694,337.68,0.46,0.39,2026-04-10,716,N21,VIIRS,n,2.0NRT,304.15,3.41,D
22.80896,93.80633,336.09,0.57,0.43,2026-04-10,716,N21,VIIRS,n,2.0NRT,306.16,6.78,D
22.8111,92.47239,331.58,0.48,0.4,2026-04-10,716,N21,VIIRS,n,2.0NRT,301.47,2.34,D
22.82295,83.84232,333.89,0.55,0.43,2026-04-10,716,N21,VIIRS,l,2.0NRT,308.07,3.9,D
22.82484,84.08511,334.6,0.53,0.42,2026-04-10,716,N21,VIIRS,n,2.0NRT,304.22,5.53,D
22.82512,84.08279,346.41,0.53,0.42,2026-04-10,716,N21,VIIRS,n,2.0NRT,305.5,8.12,D
22.82863,84.08434,338.88,0.53,0.42,2026-04-10,716,N21,VIIRS,n,2.0NRT,304.75,5.53,D
22.83245,92.46442,330.88,0.48,0.4,2026-04-10,716,N21,VIIRS,n,2.0NRT,299.48,1.71,D
22.83492,96.96976,293.38,0.59,0.53,2026-04-10,716,N21,VIIRS,l,2.0NRT,301.54,65.9,D
22.83538,96.97424,343.76,0.6,0.53,2026-04-10,716,N21,VIIRS,n,2.0NRT,313.29,65.9,D
22.83659,97.8166,339.46,0.34,0.56,2026-04-10,716,N21,VIIRS,n,2.0NRT,298.41,4.86,D
22.84015,96.97301,342.88,0.6,0.53,2026-04-10,716,N21,VIIRS,n,2.0NRT,306.5,65.9,D
22.84356,95.59919,339.25,0.49,0.48,2026-04-10,716,N21,VIIRS,n,2.0NRT,305.66,4.31,D
22.84882,96.67977,335.49,0.57,0.52,2026-04-10,716,N21,VIIRS,n,2.0NRT,300.32,6.73,D
22.86492,97.89497,330.04,0.34,0.56,2026-04-10,716,N21,VIIRS,n,2.0NRT,296.13,3.57,D
22.88021,92.31644,345.64,0.47,0.4,2026-04-10,716,N21,VIIRS,n,2.0NRT,303.74,12.07,D
22.88385,92.31592,334.64,0.47,0.4,2026-04-10,716,N21,VIIRS,n,2.0NRT,304.64,8.79,D
22.88635,92.11253,335.03,0.46,0.39,2026-04-10,716,N21,VIIRS,n,2.0NRT,304.69,7.78,D
22.88778,84.19159,333.89,0.52,0.42,2026-04-10,716,N21,VIIRS,l,2.0NRT,307.05,3.14,D
22.88939,92.32983,342.73,0.48,0.4,2026-04-10,716,N21,VIIRS,n,2.0NRT,304.5,7.81,D
22.89363,92.27776,339.11,0.47,0.4,2026-04-10,716,N21,VIIRS,n,2.0NRT,303.41,4.94,D
22.89616,94.96334,341.05,0.44,0.46,2026-04-10,716,N21,VIIRS,n,2.0NRT,307.22,4.46,D
22.8973,97.76742,367,0.34,0.56,2026-04-10,716,N21,VIIRS,h,2.0NRT,304.7,10.92,D
22.89874,97.76689,367,0.34,0.56,2026-04-10,716,N21,VIIRS,h,2.0NRT,305.3,11.56,D
22.90067,94.6254,330.08,0.42,0.45,2026-04-10,716,N21,VIIRS,l,2.0NRT,301.1,3.36,D
22.91183,97.54556,334.15,0.32,0.55,2026-04-10,716,N21,VIIRS,n,2.0NRT,299.08,3.32,D
22.91851,92.35358,339.19,0.48,0.4,2026-04-10,716,N21,VIIRS,n,2.0NRT,302.48,3.79,D
22.92143,92.31978,340.71,0.48,0.4,2026-04-10,716,N21,VIIRS,n,2.0NRT,305.15,17.44,D
22.92248,92.32219,333.15,0.48,0.4,2026-04-10,716,N21,VIIRS,l,2.0NRT,304.4,10.23,D
22.92636,97.80197,367,0.34,0.56,2026-04-10,716,N21,VIIRS,h,2.0NRT,298.5,5.74,D
22.92736,94.74777,336.67,0.43,0.46,2026-04-10,716,N21,VIIRS,l,2.0NRT,307.78,2.18,D
22.92921,92.11714,344.1,0.47,0.39,2026-04-10,716,N21,VIIRS,n,2.0NRT,304.14,5.43,D
22.92979,92.12157,336.85,0.47,0.39,2026-04-10,716,N21,VIIRS,n,2.0NRT,303.42,5.43,D
22.93175,92.27895,339.26,0.47,0.4,2026-04-10,716,N21,VIIRS,n,2.0NRT,303.26,6.3,D
22.94327,97.55502,337.74,0.33,0.55,2026-04-10,716,N21,VIIRS,n,2.0NRT,298.07,3.79,D
22.94864,93.80343,337.24,0.57,0.43,2026-04-10,716,N21,VIIRS,n,2.0NRT,291.45,17.53,D
22.95135,92.11788,343.24,0.47,0.39,2026-04-10,716,N21,VIIRS,n,2.0NRT,303.21,8.59,D
22.96037,92.13055,341.38,0.47,0.39,2026-04-10,716,N21,VIIRS,n,2.0NRT,302.14,6.45,D
22.96552,94.74645,341.43,0.43,0.46,2026-04-10,716,N21,VIIRS,n,2.0NRT,306.08,3.88,D
22.966,94.75054,341.4,0.43,0.46,2026-04-10,716,N21,VIIRS,n,2.0NRT,307.61,3.88,D
22.97581,95.0607,344.11,0.45,0.47,2026-04-10,716,N21,VIIRS,n,2.0NRT,307.19,12.79,D
22.97892,94.55222,331.16,0.42,0.45,2026-04-10,716,N21,VIIRS,l,2.0NRT,302.77,3.41,D
22.97938,94.55624,336.26,0.42,0.45,2026-04-10,716,N21,VIIRS,n,2.0NRT,303.39,3.41,D
22.98101,94.55554,333.61,0.42,0.45,2026-04-10,716,N21,VIIRS,l,2.0NRT,304.17,7.15,D
22.98234,93.98138,336.87,0.39,0.44,2026-04-10,716,N21,VIIRS,n,2.0NRT,305.44,2.84,D
22.98318,94.82465,336.25,0.44,0.46,2026-04-10,716,N21,VIIRS,n,2.0NRT,305.34,4.77,D
22.98759,94.86245,330.44,0.44,0.46,2026-04-10,716,N21,VIIRS,l,2.0NRT,305.15,2.2,D
22.98961,95.0675,337.25,0.45,0.47,2026-04-10,716,N21,VIIRS,n,2.0NRT,305.88,4.35,D
23.01273,92.41616,331.65,0.48,0.4,2026-04-10,716,N21,VIIRS,n,2.0NRT,302.11,3.18,D
23.01398,94.04053,348.47,0.39,0.44,2026-04-10,716,N21,VIIRS,n,2.0NRT,305.66,5.97,D
23.01971,94.68832,333.54,0.43,0.46,2026-04-10,716,N21,VIIRS,n,2.0NRT,301.76,3.09,D
23.03241,94.43459,336.23,0.41,0.45,2026-04-10,716,N21,VIIRS,l,2.0NRT,309.57,5.67,D
23.03653,94.43401,343.97,0.41,0.45,2026-04-10,716,N21,VIIRS,n,2.0NRT,310.91,5.67,D
23.04296,94.70591,333.09,0.43,0.46,2026-04-10,716,N21,VIIRS,l,2.0NRT,304.5,6.76,D
23.04331,94.4207,331.59,0.41,0.45,2026-04-10,716,N21,VIIRS,l,2.0NRT,305.47,2.26,D
23.0439,94.71407,341.51,0.43,0.46,2026-04-10,716,N21,VIIRS,n,2.0NRT,304.26,8.79,D
23.04437,94.7182,350.99,0.43,0.46,2026-04-10,716,N21,VIIRS,n,2.0NRT,303.36,10.95,D
23.04903,94.72173,340.54,0.43,0.46,2026-04-10,716,N21,VIIRS,n,2.0NRT,305.12,14.69,D
23.04939,94.3669,333.71,0.41,0.45,2026-04-10,716,N21,VIIRS,l,2.0NRT,305.05,5.77,D
23.05421,87.21926,335.96,0.4,0.37,2026-04-10,716,N21,VIIRS,n,2.0NRT,304.97,3.72,D
23.06061,94.60259,352.53,0.42,0.45,2026-04-10,716,N21,VIIRS,n,2.0NRT,304.17,7.53,D
23.06067,92.07049,333.85,0.46,0.39,2026-04-10,716,N21,VIIRS,n,2.0NRT,303.76,4.1,D
23.06181,94.7957,339.73,0.44,0.46,2026-04-10,716,N21,VIIRS,n,2.0NRT,301.6,7.01,D
23.06477,94.60201,347.41,0.42,0.45,2026-04-10,716,N21,VIIRS,n,2.0NRT,306,7.53,D
23.06892,94.60142,339.42,0.42,0.45,2026-04-10,716,N21,VIIRS,n,2.0NRT,305.36,2.51,D
23.07086,94.61788,343.94,0.42,0.46,2026-04-10,716,N21,VIIRS,n,2.0NRT,304.33,7.64,D
23.07416,94.46877,333.88,0.42,0.45,2026-04-10,716,N21,VIIRS,l,2.0NRT,305.27,3.16,D
23.07463,94.47266,335.61,0.42,0.45,2026-04-10,716,N21,VIIRS,n,2.0NRT,304.08,3.09,D
23.07701,94.46904,341.72,0.42,0.45,2026-04-10,716,N21,VIIRS,n,2.0NRT,306.31,5.92,D
23.07746,94.47296,340.76,0.42,0.45,2026-04-10,716,N21,VIIRS,n,2.0NRT,305.38,5.12,D
23.07877,94.47221,341.51,0.42,0.45,2026-04-10,716,N21,VIIRS,n,2.0NRT,306.66,4.97,D
23.07889,97.39136,330.62,0.32,0.54,2026-04-10,716,N21,VIIRS,n,2.0NRT,300.24,3.42,D
23.079,85.06214,337.9,0.47,0.4,2026-04-10,716,N21,VIIRS,n,2.0NRT,307.47,4.83,D
23.10605,94.61398,333.73,0.43,0.46,2026-04-10,716,N21,VIIRS,n,2.0NRT,302.81,3.05,D
23.11022,94.6134,332.18,0.43,0.46,2026-04-10,716,N21,VIIRS,n,2.0NRT,303.35,2.19,D
23.1137,94.53296,339.22,0.42,0.45,2026-04-10,716,N21,VIIRS,n,2.0NRT,303.35,4.06,D
23.11869,91.74635,334.87,0.45,0.39,2026-04-10,716,N21,VIIRS,n,2.0NRT,300.97,5.15,D
23.12887,94.70306,330.59,0.43,0.46,2026-04-10,716,N21,VIIRS,l,2.0NRT,301.59,3.42,D
23.13239,94.01314,339.68,0.39,0.44,2026-04-10,716,N21,VIIRS,n,2.0NRT,309.73,4.45,D
23.13457,94.01184,335.75,0.39,0.44,2026-04-10,716,N21,VIIRS,l,2.0NRT,308.96,7.63,D
23.15082,94.59867,341.67,0.42,0.46,2026-04-10,716,N21,VIIRS,n,2.0NRT,304.43,9.45,D
23.16857,97.57294,333.64,0.33,0.55,2026-04-10,716,N21,VIIRS,n,2.0NRT,301.4,5.84,D
23.17093,92.25454,335.15,0.48,0.4,2026-04-10,716,N21,VIIRS,n,2.0NRT,300.89,7.15,D
23.1811,94.46272,342.26,0.42,0.45,2026-04-10,716,N21,VIIRS,n,2.0NRT,306.35,8.71,D
23.18184,97.40256,346.83,0.32,0.55,2026-04-10,716,N21,VIIRS,n,2.0NRT,299.27,5.63,D
23.18237,97.40289,352.39,0.32,0.55,2026-04-10,716,N21,VIIRS,n,2.0NRT,301.29,3.36,D
23.18507,97.48476,337.92,0.32,0.55,2026-04-10,716,N21,VIIRS,n,2.0NRT,301.48,3.59,D
23.18511,97.48427,338.38,0.32,0.55,2026-04-10,716,N21,VIIRS,n,2.0NRT,301.42,2.74,D
23.1877,94.4592,333.79,0.42,0.45,2026-04-10,716,N21,VIIRS,l,2.0NRT,304.95,3.27,D
23.18837,92.33179,333.67,0.48,0.4,2026-04-10,716,N21,VIIRS,n,2.0NRT,299.04,8.43,D
23.18886,94.45756,335.74,0.42,0.45,2026-04-10,716,N21,VIIRS,n,2.0NRT,304.42,4.2,D
23.19757,92.28819,331.78,0.48,0.4,2026-04-10,716,N21,VIIRS,n,2.0NRT,300.34,7.95,D
23.20279,94.37174,334.61,0.41,0.45,2026-04-10,716,N21,VIIRS,l,2.0NRT,306.33,3.8,D
23.20469,94.62479,345.86,0.43,0.46,2026-04-10,716,N21,VIIRS,n,2.0NRT,304.86,11.71,D
23.20609,94.62214,343.09,0.43,0.46,2026-04-10,716,N21,VIIRS,n,2.0NRT,305.99,10.06,D
23.20655,94.62622,341.9,0.43,0.46,2026-04-10,716,N21,VIIRS,n,2.0NRT,306.94,10.06,D
23.20729,92.27732,330.61,0.48,0.4,2026-04-10,716,N21,VIIRS,n,2.0NRT,301.87,3.41,D
23.20842,92.14568,334.73,0.47,0.4,2026-04-10,716,N21,VIIRS,n,2.0NRT,302.03,3.7,D
23.20885,94.62419,367,0.43,0.46,2026-04-10,716,N21,VIIRS,h,2.0NRT,308.94,11.71,D
23.21026,94.62153,339.67,0.43,0.46,2026-04-10,716,N21,VIIRS,n,2.0NRT,303.39,6.68,D
23.22794,92.37815,331.67,0.48,0.4,2026-04-10,716,N21,VIIRS,n,2.0NRT,300.21,5.65,D
23.24219,94.86891,331.5,0.44,0.46,2026-04-10,716,N21,VIIRS,n,2.0NRT,301.01,2.31,D
23.24271,92.23132,331.19,0.47,0.4,2026-04-10,716,N21,VIIRS,n,2.0NRT,301.15,2.18,D
23.25304,92.22527,334.66,0.47,0.4,2026-04-10,716,N21,VIIRS,n,2.0NRT,301.72,8.17,D
23.2532,92.37239,341.12,0.48,0.4,2026-04-10,716,N21,VIIRS,n,2.0NRT,300.66,28.79,D
23.25357,92.37434,346.75,0.48,0.4,2026-04-10,716,N21,VIIRS,n,2.0NRT,299.85,45.26,D
23.25668,92.22473,351.27,0.47,0.4,2026-04-10,716,N21,VIIRS,n,2.0NRT,304.26,8.17,D
23.25686,92.37184,347.83,0.48,0.4,2026-04-10,716,N21,VIIRS,n,2.0NRT,297.58,23.07,D
23.26231,92.38536,344.72,0.48,0.4,2026-04-10,716,N21,VIIRS,n,2.0NRT,298.19,14.21,D
23.2625,93.92656,341.22,0.39,0.44,2026-04-10,716,N21,VIIRS,n,2.0NRT,306.31,12.01,D
23.26337,94.86589,330.37,0.44,0.46,2026-04-10,716,N21,VIIRS,n,2.0NRT,300.02,2.36,D
23.26597,92.38483,337.79,0.48,0.4,2026-04-10,716,N21,VIIRS,n,2.0NRT,298.52,18.1,D
23.26758,92.22307,336.59,0.47,0.4,2026-04-10,716,N21,VIIRS,n,2.0NRT,303.78,105.69,D
23.27,94.30577,342.55,0.41,0.45,2026-04-10,716,N21,VIIRS,n,2.0NRT,307.7,6.77,D
23.27013,94.41131,342.3,0.42,0.45,2026-04-10,716,N21,VIIRS,n,2.0NRT,309.97,5.54,D
23.27121,92.22251,320.24,0.47,0.4,2026-04-10,716,N21,VIIRS,l,2.0NRT,324.55,105.69,D
23.29338,94.18939,330.28,0.4,0.44,2026-04-10,716,N21,VIIRS,l,2.0NRT,304.79,1.33,D
23.3082,90.34687,335.42,0.41,0.37,2026-04-10,716,N21,VIIRS,n,2.0NRT,304.58,2.88,D
23.34818,94.09584,336.61,0.4,0.44,2026-04-10,716,N21,VIIRS,n,2.0NRT,303.52,3.85,D
23.4147,91.61046,332.27,0.45,0.39,2026-04-10,716,N21,VIIRS,n,2.0NRT,299.97,4.14,D
23.42483,87.25219,333.12,0.4,0.37,2026-04-10,716,N21,VIIRS,n,2.0NRT,307.04,1.81,D
23.49079,91.99203,332.97,0.47,0.39,2026-04-10,716,N21,VIIRS,n,2.0NRT,299.02,3.75,D
23.51413,91.97421,344.46,0.46,0.39,2026-04-10,716,N21,VIIRS,n,2.0NRT,311.51,85.08,D
23.51774,91.97371,367,0.46,0.39,2026-04-10,716,N21,VIIRS,h,2.0NRT,340.14,216.42,D
23.51837,91.97843,330.42,0.47,0.39,2026-04-10,716,N21,VIIRS,n,2.0NRT,301.75,21.97,D
23.55272,94.10732,336.4,0.4,0.44,2026-04-10,716,N21,VIIRS,l,2.0NRT,308.51,5.49,D
23.56888,90.0953,334.38,0.4,0.37,2026-04-10,716,N21,VIIRS,n,2.0NRT,302.35,2.66,D
23.57157,94.19552,340.54,0.41,0.45,2026-04-10,716,N21,VIIRS,n,2.0NRT,304.19,4.79,D
23.57536,94.04836,341.04,0.4,0.44,2026-04-10,716,N21,VIIRS,n,2.0NRT,308.28,4.32,D
23.59566,94.11732,338.6,0.4,0.44,2026-04-10,716,N21,VIIRS,n,2.0NRT,310.73,3.6,D
23.60141,91.71363,347.63,0.45,0.39,2026-04-10,716,N21,VIIRS,n,2.0NRT,303.05,15.97,D
23.60193,91.71223,336.46,0.45,0.39,2026-04-10,716,N21,VIIRS,n,2.0NRT,302.23,8,D
23.60252,91.71659,332.87,0.45,0.39,2026-04-10,716,N21,VIIRS,n,2.0NRT,300.98,8,D
23.67381,91.52361,332.06,0.45,0.39,2026-04-10,716,N21,VIIRS,n,2.0NRT,300.92,7.14,D
23.69502,91.73444,346.85,0.46,0.39,2026-04-10,716,N21,VIIRS,n,2.0NRT,307.1,12.69,D
23.69798,91.7294,336,0.46,0.39,2026-04-10,716,N21,VIIRS,n,2.0NRT,303.22,51.28,D
23.69858,91.73385,333.03,0.46,0.39,2026-04-10,716,N21,VIIRS,n,2.0NRT,302.31,12.69,D
23.83225,91.73966,332.49,0.46,0.39,2026-04-10,716,N21,VIIRS,n,2.0NRT,298.58,3.11,D
23.89085,94.05893,340.1,0.4,0.44,2026-04-10,716,N21,VIIRS,n,2.0NRT,302.71,4.05,D
23.89112,94.05926,341.42,0.4,0.44,2026-04-10,716,N21,VIIRS,n,2.0NRT,303.08,4.24,D
23.89182,97.1722,332.92,0.63,0.54,2026-04-10,716,N21,VIIRS,n,2.0NRT,295.71,3.52,D
24.04932,97.12735,331.37,0.63,0.54,2026-04-10,716,N21,VIIRS,n,2.0NRT,299.35,4.59,D
24.05762,97.31934,351.24,0.32,0.55,2026-04-10,716,N21,VIIRS,n,2.0NRT,299.67,6.23,D
24.0707,92.37708,330.43,0.49,0.4,2026-04-10,716,N21,VIIRS,n,2.0NRT,298.04,2.72,D
24.17298,97.19899,336.93,0.32,0.54,2026-04-10,716,N21,VIIRS,n,2.0NRT,299.02,2.97,D
24.32947,96.99362,346.68,0.62,0.54,2026-04-10,716,N21,VIIRS,n,2.0NRT,298.46,13.44,D
24.33132,96.99178,341.24,0.62,0.54,2026-04-10,716,N21,VIIRS,n,2.0NRT,298.52,12.43,D
21.43263,74.13666,334.59,0.79,0.78,2026-04-10,718,N21,VIIRS,n,2.0NRT,304.03,7.59,D
21.43459,74.13648,334.19,0.79,0.78,2026-04-10,718,N21,VIIRS,l,2.0NRT,304.43,6.64,D
21.50564,74.50962,331.85,0.74,0.76,2026-04-10,718,N21,VIIRS,l,2.0NRT,306.74,2.68,D
21.50582,74.50865,333.34,0.74,0.76,2026-04-10,718,N21,VIIRS,l,2.0NRT,306.75,3.4,D
21.52984,75.66841,354.98,0.63,0.72,2026-04-10,718,N21,VIIRS,n,2.0NRT,307.46,10.52,D
21.56002,76.70918,348.98,0.54,0.68,2026-04-10,718,N21,VIIRS,n,2.0NRT,310.05,8.49,D
21.57812,77.57233,337.3,0.47,0.64,2026-04-10,718,N21,VIIRS,n,2.0NRT,309.95,2.13,D
21.58198,75.40518,347.23,0.65,0.73,2026-04-10,718,N21,VIIRS,n,2.0NRT,308.4,13.71,D
21.58617,75.42233,337.1,0.65,0.73,2026-04-10,718,N21,VIIRS,n,2.0NRT,307.16,4.64,D
21.64007,76.79967,336.62,0.53,0.67,2026-04-10,718,N21,VIIRS,l,2.0NRT,311.42,7.55,D
21.72917,75.50449,350.47,0.64,0.72,2026-04-10,718,N21,VIIRS,n,2.0NRT,307.8,9.28,D
21.82936,75.79884,335.06,0.61,0.71,2026-04-10,718,N21,VIIRS,l,2.0NRT,308.15,5.33,D
21.83052,77.98201,340.35,0.44,0.62,2026-04-10,718,N21,VIIRS,n,2.0NRT,310.26,3.88,D
21.85541,78.74043,337.59,0.39,0.6,2026-04-10,718,N21,VIIRS,l,2.0NRT,308.98,3.79,D
21.85618,78.74397,337.44,0.39,0.6,2026-04-10,718,N21,VIIRS,l,2.0NRT,308.77,3.73,D
21.85886,78.74334,335.17,0.39,0.6,2026-04-10,718,N21,VIIRS,l,2.0NRT,308.95,3.49,D
21.863,77.59268,337.89,0.47,0.64,2026-04-10,718,N21,VIIRS,l,2.0NRT,309.84,4.64,D
21.89652,75.79881,336.61,0.6,0.71,2026-04-10,718,N21,VIIRS,l,2.0NRT,308.57,5.53,D
21.96674,76.09017,342.84,0.58,0.69,2026-04-10,718,N21,VIIRS,n,2.0NRT,310.23,4.99,D
21.98532,75.96121,336.4,0.59,0.7,2026-04-10,718,N21,VIIRS,l,2.0NRT,311.09,5.79,D
22.01049,79.32627,337.28,0.36,0.57,2026-04-10,718,N21,VIIRS,l,2.0NRT,310.59,5.05,D
22.03577,75.33502,353.78,0.64,0.72,2026-04-10,718,N21,VIIRS,n,2.0NRT,306.99,12.29,D
22.0366,75.33514,353.37,0.64,0.72,2026-04-10,718,N21,VIIRS,n,2.0NRT,307.13,13.27,D
22.06495,78.90073,339.91,0.38,0.59,2026-04-10,718,N21,VIIRS,n,2.0NRT,309.46,2.12,D
22.07343,78.44331,333.16,0.41,0.6,2026-04-10,718,N21,VIIRS,n,2.0NRT,307.78,1.71,D
22.08012,78.6507,344.31,0.39,0.6,2026-04-10,718,N21,VIIRS,n,2.0NRT,311.54,5.52,D
22.08329,76.44341,352.97,0.55,0.68,2026-04-10,718,N21,VIIRS,n,2.0NRT,310.3,11.69,D
22.08343,76.44457,354.15,0.54,0.68,2026-04-10,718,N21,VIIRS,n,2.0NRT,310.09,9.46,D
22.08728,79.92189,338.9,0.33,0.55,2026-04-10,718,N21,VIIRS,n,2.0NRT,307.41,3.71,D
22.13268,79.33433,367,0.36,0.57,2026-04-10,718,N21,VIIRS,h,2.0NRT,315.52,33.08,D
22.13341,79.33766,353.77,0.36,0.57,2026-04-10,718,N21,VIIRS,n,2.0NRT,311.1,33.08,D
22.13414,79.34099,367,0.36,0.57,2026-04-10,718,N21,VIIRS,h,2.0NRT,309.96,34.35,D
22.13614,76.23213,335.73,0.56,0.69,2026-04-10,718,N21,VIIRS,l,2.0NRT,308.63,4.15,D
22.13708,79.32979,345.46,0.36,0.57,2026-04-10,718,N21,VIIRS,n,2.0NRT,311.59,43.08,D
22.13781,79.33312,349.08,0.36,0.57,2026-04-10,718,N21,VIIRS,n,2.0NRT,313.77,33.08,D
22.13854,79.33646,367,0.36,0.57,2026-04-10,718,N21,VIIRS,h,2.0NRT,322.54,33.08,D
22.13875,78.93805,335.32,0.38,0.59,2026-04-10,718,N21,VIIRS,l,2.0NRT,309.83,2.73,D
22.14076,79.32191,352.44,0.36,0.57,2026-04-10,718,N21,VIIRS,n,2.0NRT,311.48,5.77,D
22.14848,76.18037,335.58,0.56,0.69,2026-04-10,718,N21,VIIRS,l,2.0NRT,309.05,2.83,D
22.14959,76.17879,333.93,0.56,0.69,2026-04-10,718,N21,VIIRS,l,2.0NRT,308.8,3.69,D
22.15364,79.88891,367,0.33,0.55,2026-04-10,718,N21,VIIRS,h,2.0NRT,309.24,7.79,D
22.15426,79.89184,353.43,0.33,0.55,2026-04-10,718,N21,VIIRS,n,2.0NRT,311.55,7.79,D
22.19087,79.25391,367,0.36,0.57,2026-04-10,718,N21,VIIRS,h,2.0NRT,317.93,48.88,D
22.1916,79.25734,367,0.36,0.57,2026-04-10,718,N21,VIIRS,h,2.0NRT,312.36,15.06,D
22.19192,79.2514,349.08,0.36,0.57,2026-04-10,718,N21,VIIRS,n,2.0NRT,313.99,62.46,D
22.19233,79.26074,367,0.36,0.57,2026-04-10,718,N21,VIIRS,h,2.0NRT,315.98,15.06,D
22.19267,79.25481,367,0.36,0.57,2026-04-10,718,N21,VIIRS,h,2.0NRT,319.26,19.38,D
22.19343,79.2582,350.59,0.36,0.57,2026-04-10,718,N21,VIIRS,n,2.0NRT,316.64,19.38,D
22.19418,79.2616,367,0.36,0.57,2026-04-10,718,N21,VIIRS,h,2.0NRT,313.94,12.27,D
22.19455,79.24582,207.38,0.36,0.57,2026-04-10,718,N21,VIIRS,l,2.0NRT,316.43,73.33,D
22.19528,79.24925,367,0.36,0.57,2026-04-10,718,N21,VIIRS,h,2.0NRT,329.04,48.88,D
22.19601,79.25268,367,0.36,0.57,2026-04-10,718,N21,VIIRS,h,2.0NRT,319.25,48.88,D
22.1963,79.24674,367,0.36,0.57,2026-04-10,718,N21,VIIRS,l,2.0NRT,337.37,62.46,D
22.19674,79.25609,367,0.36,0.57,2026-04-10,718,N21,VIIRS,h,2.0NRT,318.99,15.06,D
22.19706,79.25018,367,0.36,0.57,2026-04-10,718,N21,VIIRS,h,2.0NRT,319.34,62.46,D
22.19747,79.2595,367,0.36,0.57,2026-04-10,718,N21,VIIRS,h,2.0NRT,316.47,15.06,D
22.19782,79.25359,349.19,0.36,0.57,2026-04-10,718,N21,VIIRS,n,2.0NRT,316.6,19.38,D
22.19857,79.25699,354.86,0.36,0.57,2026-04-10,718,N21,VIIRS,n,2.0NRT,316.2,19.38,D
22.19932,79.2604,348.6,0.36,0.57,2026-04-10,718,N21,VIIRS,n,2.0NRT,312.75,12.27,D
22.20317,78.95483,350.17,0.38,0.58,2026-04-10,718,N21,VIIRS,n,2.0NRT,310.36,7.02,D
22.2073,79.84756,335.46,0.33,0.55,2026-04-10,718,N21,VIIRS,l,2.0NRT,308.44,2.41,D
22.20768,79.84828,347.7,0.33,0.55,2026-04-10,718,N21,VIIRS,n,2.0NRT,310.42,4.83,D
22.24124,79.32829,339.42,0.35,0.57,2026-04-10,718,N21,VIIRS,l,2.0NRT,314.33,6.09,D
22.24374,77.34359,352.77,0.47,0.64,2026-04-10,718,N21,VIIRS,n,2.0NRT,314.69,5.55,D
22.24948,77.34208,338.44,0.47,0.64,2026-04-10,718,N21,VIIRS,l,2.0NRT,310.86,5.55,D
22.25632,77.63986,367,0.45,0.63,2026-04-10,718,N21,VIIRS,h,2.0NRT,314.03,12.68,D
22.25856,77.64021,367,0.45,0.63,2026-04-10,718,N21,VIIRS,h,2.0NRT,313.99,11.06,D
22.27203,79.32147,367,0.35,0.57,2026-04-10,718,N21,VIIRS,h,2.0NRT,317.28,9.66,D
22.29661,74.12314,330.83,0.75,0.77,2026-04-10,718,N21,VIIRS,n,2.0NRT,303.11,4.51,D
22.29916,75.87287,333.1,0.58,0.7,2026-04-10,718,N21,VIIRS,l,2.0NRT,306.99,3.06,D
22.30179,75.87127,338.42,0.59,0.7,2026-04-10,718,N21,VIIRS,n,2.0NRT,308.8,3.89,D
22.30368,79.71208,367,0.33,0.56,2026-04-10,718,N21,VIIRS,h,2.0NRT,318.77,15.41,D
22.30637,79.72443,349.68,0.33,0.55,2026-04-10,718,N21,VIIRS,n,2.0NRT,310.75,9.5,D
22.31001,79.71708,347.52,0.33,0.56,2026-04-10,718,N21,VIIRS,n,2.0NRT,317.4,7.88,D
22.31068,79.72016,367,0.33,0.56,2026-04-10,718,N21,VIIRS,h,2.0NRT,316.18,7.88,D
22.31296,76.0634,346.77,0.57,0.69,2026-04-10,718,N21,VIIRS,n,2.0NRT,306.38,10.71,D
22.31432,79.71278,341.48,0.33,0.56,2026-04-10,718,N21,VIIRS,l,2.0NRT,315.88,5.6,D
22.31446,76.06249,343.81,0.57,0.69,2026-04-10,718,N21,VIIRS,n,2.0NRT,306.63,13.41,D
22.38678,75.98876,344.88,0.57,0.69,2026-04-10,718,N21,VIIRS,n,2.0NRT,308.95,8.19,D
22.41127,79.53295,367,0.34,0.56,2026-04-10,718,N21,VIIRS,h,2.0NRT,313.38,16.09,D
22.41628,75.59461,332.37,0.61,0.71,2026-04-10,718,N21,VIIRS,l,2.0NRT,305.35,3.52,D
22.42109,75.59531,331.55,0.61,0.71,2026-04-10,718,N21,VIIRS,l,2.0NRT,305.82,2.84,D
22.43658,76.44184,341.02,0.54,0.68,2026-04-10,718,N21,VIIRS,n,2.0NRT,310.17,7.14,D
22.43755,76.44178,343.26,0.53,0.67,2026-04-10,718,N21,VIIRS,n,2.0NRT,310.18,6.32,D
22.43774,76.44682,340.74,0.54,0.67,2026-04-10,718,N21,VIIRS,n,2.0NRT,311.48,7.14,D
22.43875,76.44673,340.45,0.53,0.67,2026-04-10,718,N21,VIIRS,n,2.0NRT,311.61,6.32,D
22.44374,79.53634,339.23,0.34,0.56,2026-04-10,718,N21,VIIRS,l,2.0NRT,313.71,4.51,D
22.50392,76.15583,341.42,0.56,0.68,2026-04-10,718,N21,VIIRS,n,2.0NRT,311.7,3.81,D
22.51085,77.3674,367,0.47,0.64,2026-04-10,718,N21,VIIRS,h,2.0NRT,314.36,21.03,D
22.5954,76.73316,352.66,0.51,0.66,2026-04-10,718,N21,VIIRS,n,2.0NRT,316.19,10.62,D
22.59835,76.73301,367,0.51,0.66,2026-04-10,718,N21,VIIRS,h,2.0NRT,315.62,13.87,D
22.61785,73.69575,330.03,0.79,0.78,2026-04-10,718,N21,VIIRS,l,2.0NRT,302.85,5.41,D
22.62321,81.98725,334.04,0.47,0.48,2026-04-10,718,N21,VIIRS,l,2.0NRT,306.08,3.39,D
22.64728,76.67482,339.91,0.51,0.66,2026-04-10,718,N21,VIIRS,n,2.0NRT,313.49,5.35,D
22.65812,82.09686,341.88,0.47,0.47,2026-04-10,718,N21,VIIRS,n,2.0NRT,310.39,18.94,D
22.6714,79.33703,351.73,0.35,0.56,2026-04-10,718,N21,VIIRS,n,2.0NRT,314.4,6.2,D
22.68196,78.42494,339.55,0.4,0.6,2026-04-10,718,N21,VIIRS,l,2.0NRT,313.55,5.05,D
22.68432,75.99589,341.5,0.56,0.69,2026-04-10,718,N21,VIIRS,n,2.0NRT,310.18,5.55,D
22.69291,75.50035,346.73,0.61,0.71,2026-04-10,718,N21,VIIRS,n,2.0NRT,308.96,6.51,D
22.69585,79.15406,338.89,0.36,0.57,2026-04-10,718,N21,VIIRS,l,2.0NRT,313.43,2.51,D
22.69921,75.49861,337.07,0.61,0.71,2026-04-10,718,N21,VIIRS,l,2.0NRT,311.07,6.51,D
22.70331,75.6923,367,0.59,0.7,2026-04-10,718,N21,VIIRS,h,2.0NRT,312.54,17.62,D
22.70347,78.16628,343.18,0.41,0.61,2026-04-10,718,N21,VIIRS,n,2.0NRT,310.07,3.06,D
22.70417,78.1671,340.68,0.41,0.61,2026-04-10,718,N21,VIIRS,n,2.0NRT,311.24,3.63,D
22.70688,75.69308,367,0.59,0.7,2026-04-10,718,N21,VIIRS,h,2.0NRT,312.27,15.18,D
22.70948,75.31941,347.27,0.62,0.72,2026-04-10,718,N21,VIIRS,n,2.0NRT,311.26,13.17,D
22.70993,75.31808,344.9,0.62,0.71,2026-04-10,718,N21,VIIRS,n,2.0NRT,310.83,9.76,D
22.71065,75.43529,337.54,0.61,0.71,2026-04-10,718,N21,VIIRS,l,2.0NRT,310.34,4.38,D
22.71174,75.43353,338.92,0.61,0.71,2026-04-10,718,N21,VIIRS,n,2.0NRT,310.83,4.1,D
22.73,75.65169,355.17,0.59,0.7,2026-04-10,718,N21,VIIRS,n,2.0NRT,318.34,45.08,D
22.73175,75.41111,339.58,0.61,0.71,2026-04-10,718,N21,VIIRS,n,2.0NRT,308.63,5.16,D
22.73275,75.4095,337.25,0.61,0.71,2026-04-10,718,N21,VIIRS,l,2.0NRT,309.05,5,D
22.7353,75.39789,338.68,0.61,0.71,2026-04-10,718,N21,VIIRS,n,2.0NRT,307.42,5.43,D
22.73624,75.39637,336.15,0.61,0.71,2026-04-10,718,N21,VIIRS,l,2.0NRT,306.85,3.99,D
22.74043,75.3588,339.2,0.62,0.71,2026-04-10,718,N21,VIIRS,n,2.0NRT,308.41,35.71,D
22.74185,75.3645,367,0.62,0.71,2026-04-10,718,N21,VIIRS,h,2.0NRT,313.79,26,D
22.7482,75.36281,343.87,0.62,0.71,2026-04-10,718,N21,VIIRS,n,2.0NRT,310.11,26,D
22.75275,76.84079,367,0.5,0.66,2026-04-10,718,N21,VIIRS,h,2.0NRT,315.75,8.35,D
22.76634,78.65084,336.91,0.38,0.59,2026-04-10,718,N21,VIIRS,l,2.0NRT,310.35,3.62,D
22.76981,77.27441,367,0.47,0.64,2026-04-10,718,N21,VIIRS,h,2.0NRT,308.41,14.38,D
22.77917,78.34538,336.07,0.4,0.6,2026-04-10,718,N21,VIIRS,l,2.0NRT,308.55,3.47,D
22.78135,78.10231,340.61,0.41,0.61,2026-04-10,718,N21,VIIRS,l,2.0NRT,312.46,2.45,D
22.79296,76.01772,337.77,0.56,0.69,2026-04-10,718,N21,VIIRS,l,2.0NRT,312.07,4.22,D
22.81719,78.13422,344.84,0.41,0.61,2026-04-10,718,N21,VIIRS,n,2.0NRT,312.15,2.35,D
22.8186,78.13625,339.83,0.41,0.61,2026-04-10,718,N21,VIIRS,l,2.0NRT,311.66,4.76,D
22.82562,75.67646,367,0.59,0.7,2026-04-10,718,N21,VIIRS,h,2.0NRT,316.74,31.94,D
22.83118,78.24835,336.36,0.4,0.6,2026-04-10,718,N21,VIIRS,l,2.0NRT,309.18,1.94,D
22.83335,75.76183,336.86,0.58,0.7,2026-04-10,718,N21,VIIRS,l,2.0NRT,311.39,4.2,D
22.8369,75.74936,338.49,0.58,0.7,2026-04-10,718,N21,VIIRS,l,2.0NRT,311.37,4.54,D
22.83955,75.76015,346.73,0.58,0.7,2026-04-10,718,N21,VIIRS,n,2.0NRT,312.27,11.12,D
22.84814,75.83957,339.15,0.57,0.69,2026-04-10,718,N21,VIIRS,n,2.0NRT,313.17,4.99,D
22.85016,75.02768,335.26,0.64,0.72,2026-04-10,718,N21,VIIRS,l,2.0NRT,310.13,4.48,D
22.85022,76.28028,344.1,0.54,0.68,2026-04-10,718,N21,VIIRS,n,2.0NRT,312.42,9.15,D
22.85102,75.4798,351.31,0.6,0.71,2026-04-10,718,N21,VIIRS,n,2.0NRT,312.46,9.26,D
22.85207,75.4746,336.72,0.6,0.71,2026-04-10,718,N21,VIIRS,l,2.0NRT,307.93,4.79,D
22.85325,74.47268,339.26,0.7,0.75,2026-04-10,718,N21,VIIRS,n,2.0NRT,309.31,9.55,D
22.85347,75.48022,339.88,0.6,0.71,2026-04-10,718,N21,VIIRS,n,2.0NRT,309.33,5.57,D
22.85729,78.51743,347.8,0.39,0.59,2026-04-10,718,N21,VIIRS,n,2.0NRT,309.28,3.34,D
22.85881,74.90019,343.52,0.65,0.73,2026-04-10,718,N21,VIIRS,n,2.0NRT,311.3,11.31,D
22.85949,75.25959,337.78,0.62,0.72,2026-04-10,718,N21,VIIRS,l,2.0NRT,312.03,9.76,D
22.86033,74.90627,343.44,0.65,0.73,2026-04-10,718,N21,VIIRS,n,2.0NRT,312.46,13.65,D
22.86092,75.26536,346.63,0.62,0.71,2026-04-10,718,N21,VIIRS,n,2.0NRT,310,9.76,D
22.86168,79.05727,339.43,0.36,0.57,2026-04-10,718,N21,VIIRS,n,2.0NRT,309.67,4.73,D
22.86541,76.05196,338.39,0.55,0.68,2026-04-10,718,N21,VIIRS,l,2.0NRT,312.48,6.67,D
22.86745,77.64388,338.51,0.44,0.62,2026-04-10,718,N21,VIIRS,n,2.0NRT,312.26,3.34,D
22.8723,75.70468,349.86,0.58,0.7,2026-04-10,718,N21,VIIRS,n,2.0NRT,315.34,12.11,D
22.8762,75.65182,336.5,0.59,0.7,2026-04-10,718,N21,VIIRS,l,2.0NRT,311.44,5.77,D
22.87983,77.30106,335.3,0.46,0.64,2026-04-10,718,N21,VIIRS,l,2.0NRT,310.22,2.2,D
22.88204,76.14588,338.41,0.55,0.68,2026-04-10,718,N21,VIIRS,l,2.0NRT,313.09,9.82,D
22.88227,75.90783,338.85,0.57,0.69,2026-04-10,718,N21,VIIRS,l,2.0NRT,313.02,2.56,D
22.88267,76.14775,347.12,0.55,0.68,2026-04-10,718,N21,VIIRS,n,2.0NRT,313.9,7.43,D
22.8875,76.35536,367,0.53,0.67,2026-04-10,718,N21,VIIRS,h,2.0NRT,310.83,13.57,D
22.89282,75.36729,338.53,0.61,0.71,2026-04-10,718,N21,VIIRS,n,2.0NRT,311.77,29.53,D
22.89422,75.37299,367,0.61,0.71,2026-04-10,718,N21,VIIRS,h,2.0NRT,319.95,29.6,D
22.89636,78.37709,337.37,0.39,0.6,2026-04-10,718,N21,VIIRS,l,2.0NRT,310.69,3.6,D
22.90052,75.37118,347.12,0.61,0.71,2026-04-10,718,N21,VIIRS,n,2.0NRT,313.4,29.6,D
22.90242,75.461,340.98,0.6,0.71,2026-04-10,718,N21,VIIRS,l,2.0NRT,312.79,11.54,D
22.9038,75.4666,338.48,0.6,0.71,2026-04-10,718,N21,VIIRS,l,2.0NRT,312.18,9.96,D
22.9093,75.48897,347.68,0.6,0.71,2026-04-10,718,N21,VIIRS,n,2.0NRT,308.35,5.31,D
22.91161,80.76685,343.15,0.56,0.51,2026-04-10,718,N21,VIIRS,n,2.0NRT,313.98,3.39,D
22.91325,75.92767,339.33,0.56,0.69,2026-04-10,718,N21,VIIRS,n,2.0NRT,310.76,8.16,D
22.91451,75.93288,349.29,0.56,0.69,2026-04-10,718,N21,VIIRS,n,2.0NRT,312.56,8.16,D
22.91908,77.91978,367,0.42,0.61,2026-04-10,718,N21,VIIRS,h,2.0NRT,311.66,10.34,D
22.91945,75.36584,367,0.61,0.71,2026-04-10,718,N21,VIIRS,h,2.0NRT,312.57,16.81,D
22.91998,77.92375,351.82,0.42,0.61,2026-04-10,718,N21,VIIRS,n,2.0NRT,310.09,10.34,D
22.92008,75.36213,354.62,0.61,0.71,2026-04-10,718,N21,VIIRS,n,2.0NRT,311.85,14.7,D
22.92518,75.27851,345.03,0.62,0.71,2026-04-10,718,N21,VIIRS,n,2.0NRT,310.94,6.57,D
22.92533,75.27505,337.94,0.62,0.71,2026-04-10,718,N21,VIIRS,l,2.0NRT,312.16,7.17,D
22.93287,75.5305,343.44,0.6,0.7,2026-04-10,718,N21,VIIRS,n,2.0NRT,312.49,10.6,D
22.93364,75.50631,355.41,0.6,0.7,2026-04-10,718,N21,VIIRS,n,2.0NRT,312.22,14.34,D
22.93577,75.48765,334.06,0.6,0.71,2026-04-10,718,N21,VIIRS,l,2.0NRT,308.21,7.23,D
22.93683,75.9713,336.93,0.56,0.69,2026-04-10,718,N21,VIIRS,n,2.0NRT,309.29,2.75,D
22.93715,75.49329,348.84,0.6,0.7,2026-04-10,718,N21,VIIRS,n,2.0NRT,313.05,13.35,D
22.93985,75.38715,352.79,0.61,0.71,2026-04-10,718,N21,VIIRS,n,2.0NRT,316.27,13.39,D
22.94371,75.43777,335.97,0.6,0.71,2026-04-10,718,N21,VIIRS,l,2.0NRT,310.96,5.39,D
22.95067,84.1291,334.87,0.53,0.42,2026-04-10,718,N21,VIIRS,n,2.0NRT,306.77,2.95,D
22.95069,83.07312,339.12,0.4,0.44,2026-04-10,718,N21,VIIRS,n,2.0NRT,308.7,3.2,D
22.95115,84.1315,333.7,0.53,0.42,2026-04-10,718,N21,VIIRS,n,2.0NRT,306.47,2.67,D
22.95265,75.58416,338.37,0.59,0.7,2026-04-10,718,N21,VIIRS,l,2.0NRT,309.23,5.13,D
22.95789,75.52354,334.84,0.6,0.7,2026-04-10,718,N21,VIIRS,n,2.0NRT,309.72,8.74,D
22.95949,75.5194,343.55,0.6,0.7,2026-04-10,718,N21,VIIRS,n,2.0NRT,310.61,9.19,D
22.96548,75.52733,367,0.6,0.7,2026-04-10,718,N21,VIIRS,h,2.0NRT,310.55,8.74,D
22.9656,75.60998,337.12,0.59,0.7,2026-04-10,718,N21,VIIRS,l,2.0NRT,311.17,6.62,D
22.96631,75.60006,336.63,0.59,0.7,2026-04-10,718,N21,VIIRS,l,2.0NRT,310.33,3.48,D
22.96767,75.50881,335.29,0.6,0.7,2026-04-10,718,N21,VIIRS,l,2.0NRT,309.31,13.02,D
22.9685,75.52875,351.17,0.59,0.7,2026-04-10,718,N21,VIIRS,n,2.0NRT,311.56,19.65,D
22.96903,75.5144,354.05,0.6,0.7,2026-04-10,718,N21,VIIRS,n,2.0NRT,314.16,13.02,D
22.97059,75.51031,367,0.6,0.7,2026-04-10,718,N21,VIIRS,h,2.0NRT,313.46,28.58,D
22.97272,75.58458,348.78,0.59,0.7,2026-04-10,718,N21,VIIRS,n,2.0NRT,308.52,11.13,D
22.97334,75.80431,337.02,0.57,0.69,2026-04-10,718,N21,VIIRS,l,2.0NRT,311.89,5.14,D
22.97406,75.55103,367,0.59,0.7,2026-04-10,718,N21,VIIRS,h,2.0NRT,313.32,24.66,D
22.97606,75.5858,367,0.59,0.7,2026-04-10,718,N21,VIIRS,h,2.0NRT,313.1,17.79,D
22.97663,75.51825,347.04,0.6,0.7,2026-04-10,718,N21,VIIRS,n,2.0NRT,314.44,15.46,D
22.97715,75.54793,367,0.59,0.7,2026-04-10,718,N21,VIIRS,h,2.0NRT,314.27,19.08,D
22.97918,75.9883,367,0.56,0.68,2026-04-10,718,N21,VIIRS,h,2.0NRT,313.49,25.62,D
22.9798,75.98772,367,0.56,0.69,2026-04-10,718,N21,VIIRS,h,2.0NRT,313.34,27.5,D
22.98233,78.14696,343.99,0.41,0.6,2026-04-10,718,N21,VIIRS,n,2.0NRT,308.93,6.32,D
22.98653,75.58669,336.38,0.59,0.7,2026-04-10,718,N21,VIIRS,l,2.0NRT,310.62,3.69,D
22.99274,75.26823,354.14,0.62,0.71,2026-04-10,718,N21,VIIRS,n,2.0NRT,316.23,47.25,D
22.99277,75.58501,337.72,0.59,0.7,2026-04-10,718,N21,VIIRS,l,2.0NRT,312.17,3.69,D
22.99406,75.88918,339.73,0.56,0.69,2026-04-10,718,N21,VIIRS,n,2.0NRT,314.32,5.04,D
22.99645,82.45945,343.5,0.44,0.46,2026-04-10,718,N21,VIIRS,l,2.0NRT,314.18,5.57,D
22.99805,75.26766,367,0.62,0.71,2026-04-10,718,N21,VIIRS,h,2.0NRT,314.93,40.73,D
23.00125,75.56502,349.27,0.59,0.7,2026-04-10,718,N21,VIIRS,n,2.0NRT,313.09,14.87,D
23.00259,75.57058,337.37,0.59,0.7,2026-04-10,718,N21,VIIRS,l,2.0NRT,310.93,12.47,D
23.00317,75.56083,354.06,0.59,0.7,2026-04-10,718,N21,VIIRS,n,2.0NRT,315,18.57,D
23.00592,75.57194,340.89,0.59,0.7,2026-04-10,718,N21,VIIRS,l,2.0NRT,311.75,11.88,D
23.00667,75.54804,367,0.59,0.7,2026-04-10,718,N21,VIIRS,h,2.0NRT,316.98,14.31,D
23.00927,77.56404,336.34,0.44,0.62,2026-04-10,718,N21,VIIRS,n,2.0NRT,309.89,5.51,D
23.00944,76.11221,342.3,0.55,0.68,2026-04-10,718,N21,VIIRS,n,2.0NRT,312.2,5.74,D
23.0096,76.11244,342.13,0.55,0.68,2026-04-10,718,N21,VIIRS,n,2.0NRT,311.6,4.28,D
23.01024,77.56818,343.89,0.44,0.62,2026-04-10,718,N21,VIIRS,n,2.0NRT,310.29,5.51,D
23.01206,77.56378,348.35,0.44,0.62,2026-04-10,718,N21,VIIRS,n,2.0NRT,310.41,10.05,D
23.01291,75.54629,339.12,0.59,0.7,2026-04-10,718,N21,VIIRS,n,2.0NRT,311.17,14.31,D
23.01301,77.56792,367,0.44,0.62,2026-04-10,718,N21,VIIRS,h,2.0NRT,311.6,10.05,D
23.01485,77.56261,335.84,0.44,0.62,2026-04-10,718,N21,VIIRS,n,2.0NRT,310.67,3.66,D
23.01583,77.56674,338.67,0.44,0.62,2026-04-10,718,N21,VIIRS,n,2.0NRT,310.34,3.66,D
23.02234,75.65269,334.88,0.58,0.7,2026-04-10,718,N21,VIIRS,n,2.0NRT,309.6,4.36,D
23.02481,75.64835,336.86,0.58,0.7,2026-04-10,718,N21,VIIRS,n,2.0NRT,309.87,5.51,D
23.0288,78.37777,340.94,0.39,0.59,2026-04-10,718,N21,VIIRS,n,2.0NRT,310.23,7.03,D
23.02935,73.85156,330.76,0.75,0.77,2026-04-10,718,N21,VIIRS,l,2.0NRT,304.74,4.75,D
23.02984,75.90202,347.38,0.56,0.69,2026-04-10,718,N21,VIIRS,n,2.0NRT,312.29,6.46,D
23.03305,76.29259,339.1,0.53,0.67,2026-04-10,718,N21,VIIRS,l,2.0NRT,311.23,4.86,D
23.03307,78.16284,351.7,0.4,0.6,2026-04-10,718,N21,VIIRS,n,2.0NRT,312.24,13.24,D
23.03351,82.62664,343.33,0.42,0.46,2026-04-10,718,N21,VIIRS,n,2.0NRT,314.69,6.82,D
23.0343,76.29223,337.88,0.53,0.67,2026-04-10,718,N21,VIIRS,l,2.0NRT,311.54,3.42,D
23.03608,78.15763,340.71,0.4,0.6,2026-04-10,718,N21,VIIRS,n,2.0NRT,313.88,10.15,D
23.03693,78.16145,367,0.4,0.6,2026-04-10,718,N21,VIIRS,h,2.0NRT,313.52,12.02,D
23.0376,78.15771,341.75,0.4,0.6,2026-04-10,718,N21,VIIRS,l,2.0NRT,313.49,12.03,D
23.03762,82.62572,341.03,0.42,0.46,2026-04-10,718,N21,VIIRS,n,2.0NRT,313.78,6.82,D
23.03776,75.674,367,0.58,0.7,2026-04-10,718,N21,VIIRS,h,2.0NRT,316.64,19.37,D
23.04163,78.28416,338.33,0.4,0.6,2026-04-10,718,N21,VIIRS,l,2.0NRT,310.07,5.92,D
23.04324,78.417,367,0.39,0.59,2026-04-10,718,N21,VIIRS,h,2.0NRT,314.49,11.6,D
23.04331,75.5616,340.56,0.59,0.7,2026-04-10,718,N21,VIIRS,n,2.0NRT,312.54,8.32,D
23.04396,75.67233,367,0.58,0.7,2026-04-10,718,N21,VIIRS,h,2.0NRT,314.82,19.37,D
23.04531,75.6778,339.67,0.58,0.7,2026-04-10,718,N21,VIIRS,n,2.0NRT,313.8,18.92,D
23.05086,80.09772,337.7,0.61,0.53,2026-04-10,718,N21,VIIRS,l,2.0NRT,307.85,7.49,D
23.05662,82.78899,342.81,0.42,0.45,2026-04-10,718,N21,VIIRS,n,2.0NRT,313.03,4.39,D
23.05679,76.52571,341.02,0.51,0.66,2026-04-10,718,N21,VIIRS,l,2.0NRT,311.55,6.1,D
23.06201,78.40061,367,0.39,0.59,2026-04-10,718,N21,VIIRS,h,2.0NRT,311.83,7.52,D
23.06597,78.13206,339.17,0.41,0.6,2026-04-10,718,N21,VIIRS,l,2.0NRT,309.25,5.11,D
23.0726,78.54799,354.97,0.38,0.59,2026-04-10,718,N21,VIIRS,n,2.0NRT,311.35,12.96,D
23.07284,76.1873,367,0.54,0.68,2026-04-10,718,N21,VIIRS,h,2.0NRT,314.45,12.4,D
23.0734,78.5516,351.56,0.38,0.59,2026-04-10,718,N21,VIIRS,n,2.0NRT,310.5,11.6,D
23.07461,75.82393,348.43,0.57,0.69,2026-04-10,718,N21,VIIRS,n,2.0NRT,312.12,10.37,D
23.0759,75.82923,340.06,0.57,0.69,2026-04-10,718,N21,VIIRS,l,2.0NRT,311.06,15.65,D
23.07945,75.81694,353.57,0.57,0.69,2026-04-10,718,N21,VIIRS,n,2.0NRT,311.13,10.37,D
23.07976,76.08237,367,0.55,0.68,2026-04-10,718,N21,VIIRS,h,2.0NRT,313.93,19.19,D
23.08043,77.81435,338.55,0.42,0.61,2026-04-10,718,N21,VIIRS,l,2.0NRT,313.01,4.11,D
23.08075,75.82225,341.9,0.57,0.69,2026-04-10,718,N21,VIIRS,n,2.0NRT,312.15,10.37,D
23.08226,78.71467,343.66,0.37,0.58,2026-04-10,718,N21,VIIRS,n,2.0NRT,310.45,5.64,D
23.08289,75.24944,347.47,0.62,0.71,2026-04-10,718,N21,VIIRS,n,2.0NRT,311.31,19.07,D
23.08431,75.2552,342.24,0.61,0.71,2026-04-10,718,N21,VIIRS,n,2.0NRT,311.27,31.66,D
23.08483,77.81242,340.28,0.42,0.61,2026-04-10,718,N21,VIIRS,l,2.0NRT,311.85,2.57,D
23.08588,75.04046,367,0.63,0.72,2026-04-10,718,N21,VIIRS,h,2.0NRT,312.11,20.35,D
23.08629,75.04293,367,0.63,0.72,2026-04-10,718,N21,VIIRS,h,2.0NRT,313.06,15.37,D
23.08925,75.24779,367,0.62,0.71,2026-04-10,718,N21,VIIRS,h,2.0NRT,313,19.07,D
23.09143,75.78545,367,0.57,0.69,2026-04-10,718,N21,VIIRS,h,2.0NRT,312.15,18.22,D
23.09272,75.79073,342.87,0.57,0.69,2026-04-10,718,N21,VIIRS,n,2.0NRT,310.05,13.21,D
23.09661,75.57532,343.44,0.59,0.7,2026-04-10,718,N21,VIIRS,n,2.0NRT,310.56,4.55,D
23.09988,75.57555,336.08,0.59,0.7,2026-04-10,718,N21,VIIRS,l,2.0NRT,310.72,5.9,D
23.10596,75.87188,350.87,0.56,0.69,2026-04-10,718,N21,VIIRS,n,2.0NRT,311.36,10.06,D
23.11134,76.78207,339.69,0.49,0.65,2026-04-10,718,N21,VIIRS,l,2.0NRT,312.11,4.43,D
23.11408,77.73692,367,0.43,0.62,2026-04-10,718,N21,VIIRS,h,2.0NRT,314.04,6.14,D
23.11474,80.75817,340.54,0.55,0.51,2026-04-10,718,N21,VIIRS,n,2.0NRT,308.92,4.01,D
23.11791,76.3747,350.95,0.52,0.67,2026-04-10,718,N21,VIIRS,n,2.0NRT,311.34,9.18,D
23.1189,75.59942,336.92,0.58,0.7,2026-04-10,718,N21,VIIRS,n,2.0NRT,307.26,5.67,D
23.12049,75.85106,336.16,0.56,0.69,2026-04-10,718,N21,VIIRS,l,2.0NRT,310.01,3.64,D
23.12203,75.59747,352.29,0.58,0.7,2026-04-10,718,N21,VIIRS,n,2.0NRT,308.3,16.4,D
23.12232,83.27911,343.42,0.39,0.44,2026-04-10,718,N21,VIIRS,n,2.0NRT,308.1,3.74,D
23.12307,78.77453,344.65,0.37,0.58,2026-04-10,718,N21,VIIRS,n,2.0NRT,309.35,4.58,D
23.12337,75.60287,367,0.58,0.7,2026-04-10,718,N21,VIIRS,h,2.0NRT,309.47,20,D
23.12716,76.06548,338.72,0.55,0.68,2026-04-10,718,N21,VIIRS,l,2.0NRT,312.28,4.95,D
23.13197,76.0587,343.04,0.55,0.68,2026-04-10,718,N21,VIIRS,n,2.0NRT,311.62,8.43,D
23.14132,75.70227,354.21,0.57,0.69,2026-04-10,718,N21,VIIRS,n,2.0NRT,312.44,9.72,D
23.14274,76.73882,351.64,0.49,0.65,2026-04-10,718,N21,VIIRS,n,2.0NRT,317.68,13.44,D
23.14376,75.70285,354.96,0.57,0.69,2026-04-10,718,N21,VIIRS,n,2.0NRT,313.93,11.12,D
23.14394,76.02814,350.36,0.55,0.68,2026-04-10,718,N21,VIIRS,n,2.0NRT,312.92,13.99,D
23.14454,76.73885,367,0.49,0.65,2026-04-10,718,N21,VIIRS,h,2.0NRT,318.5,15.21,D
23.15177,77.18968,367,0.46,0.64,2026-04-10,718,N21,VIIRS,h,2.0NRT,316.35,15.67,D
23.15207,77.18673,367,0.46,0.64,2026-04-10,718,N21,VIIRS,h,2.0NRT,317.88,15.04,D
23.16642,82.34041,339.84,0.44,0.46,2026-04-10,718,N21,VIIRS,l,2.0NRT,312.35,7.98,D
23.17023,75.49594,338.62,0.59,0.7,2026-04-10,718,N21,VIIRS,l,2.0NRT,308.9,5.41,D
23.17053,78.71619,337.74,0.37,0.58,2026-04-10,718,N21,VIIRS,l,2.0NRT,309.86,3.67,D
23.17121,75.51518,337.99,0.59,0.7,2026-04-10,718,N21,VIIRS,l,2.0NRT,312.06,4.38,D
23.17281,78.72619,338.15,0.37,0.58,2026-04-10,718,N21,VIIRS,l,2.0NRT,311.96,3.14,D
23.17318,75.858,339.07,0.56,0.69,2026-04-10,718,N21,VIIRS,l,2.0NRT,313.98,8.25,D
23.17328,75.49683,345.05,0.59,0.7,2026-04-10,718,N21,VIIRS,n,2.0NRT,308.62,3.98,D
23.17463,75.859,351.36,0.56,0.69,2026-04-10,718,N21,VIIRS,n,2.0NRT,313.58,8.81,D
23.17766,75.41672,340.15,0.6,0.7,2026-04-10,718,N21,VIIRS,n,2.0NRT,308.21,5.38,D
23.1808,78.59013,367,0.38,0.59,2026-04-10,718,N21,VIIRS,h,2.0NRT,314.34,6.6,D
23.18093,75.45773,352.29,0.59,0.7,2026-04-10,718,N21,VIIRS,n,2.0NRT,314.21,20.86,D
23.18228,75.46328,347.94,0.59,0.7,2026-04-10,718,N21,VIIRS,n,2.0NRT,314.7,20.86,D
23.1838,75.45879,367,0.59,0.7,2026-04-10,718,N21,VIIRS,h,2.0NRT,318.49,42.98,D
23.18717,75.45594,349.88,0.59,0.7,2026-04-10,718,N21,VIIRS,n,2.0NRT,313.22,14.31,D
23.18769,82.63523,345.7,0.42,0.45,2026-04-10,718,N21,VIIRS,n,2.0NRT,314.73,6.29,D
23.19004,75.45703,349.99,0.59,0.7,2026-04-10,718,N21,VIIRS,n,2.0NRT,313.1,10.75,D
23.1912,83.73201,336.79,0.55,0.43,2026-04-10,718,N21,VIIRS,n,2.0NRT,308.85,6.49,D
23.19573,76.85666,339.11,0.48,0.65,2026-04-10,718,N21,VIIRS,l,2.0NRT,313.05,5.1,D
23.19692,75.68713,367,0.57,0.69,2026-04-10,718,N21,VIIRS,h,2.0NRT,313.54,24.9,D
23.19852,78.52048,346.8,0.38,0.59,2026-04-10,718,N21,VIIRS,n,2.0NRT,312.25,4.12,D
23.20071,75.60658,337.89,0.58,0.7,2026-04-10,718,N21,VIIRS,n,2.0NRT,312.13,6.42,D
23.20378,76.56322,339.98,0.51,0.66,2026-04-10,718,N21,VIIRS,l,2.0NRT,311.78,8.59,D
23.20746,76.67162,338.67,0.5,0.66,2026-04-10,718,N21,VIIRS,l,2.0NRT,312.41,7.85,D
23.20749,76.45938,367,0.51,0.66,2026-04-10,718,N21,VIIRS,h,2.0NRT,311.62,12.62,D
23.20758,76.56647,339.24,0.51,0.66,2026-04-10,718,N21,VIIRS,l,2.0NRT,313.06,6.29,D
23.20862,76.46417,348.14,0.51,0.66,2026-04-10,718,N21,VIIRS,n,2.0NRT,310.76,12.62,D
23.2101,76.45964,351.58,0.51,0.66,2026-04-10,718,N21,VIIRS,n,2.0NRT,318.88,44.99,D
23.21339,76.45772,367,0.51,0.66,2026-04-10,718,N21,VIIRS,h,2.0NRT,313.52,12.62,D
23.21452,76.46254,354.74,0.51,0.66,2026-04-10,718,N21,VIIRS,n,2.0NRT,312.79,12.62,D
23.21479,75.73358,354.1,0.57,0.69,2026-04-10,718,N21,VIIRS,n,2.0NRT,308.85,21.45,D
23.21605,75.7388,367,0.57,0.69,2026-04-10,718,N21,VIIRS,h,2.0NRT,312.71,23.8,D
23.21737,76.41132,338.45,0.52,0.67,2026-04-10,718,N21,VIIRS,n,2.0NRT,313.2,3.85,D
23.21927,75.73387,353.87,0.57,0.69,2026-04-10,718,N21,VIIRS,n,2.0NRT,317.47,42.46,D
23.22055,75.73901,344.11,0.57,0.69,2026-04-10,718,N21,VIIRS,n,2.0NRT,311.51,24.95,D
23.221,75.73212,367,0.57,0.69,2026-04-10,718,N21,VIIRS,h,2.0NRT,312.62,21.45,D
23.22223,75.7372,350.7,0.57,0.69,2026-04-10,718,N21,VIIRS,n,2.0NRT,313.6,23.8,D
23.2363,75.50921,342.43,0.59,0.7,2026-04-10,718,N21,VIIRS,n,2.0NRT,310.04,5.16,D
23.24507,80.00258,336.66,0.61,0.54,2026-04-10,718,N21,VIIRS,n,2.0NRT,306.45,9.06,D
23.24623,78.54127,346.64,0.38,0.59,2026-04-10,718,N21,VIIRS,n,2.0NRT,314.73,4.27,D
23.25027,78.65448,345.98,0.37,0.58,2026-04-10,718,N21,VIIRS,n,2.0NRT,311.25,4.03,D
23.25651,75.85199,335.87,0.56,0.69,2026-04-10,718,N21,VIIRS,n,2.0NRT,309.5,4,D
23.2568,79.96297,339.43,0.61,0.54,2026-04-10,718,N21,VIIRS,n,2.0NRT,307.73,4.61,D
23.26011,78.19395,337.34,0.4,0.6,2026-04-10,718,N21,VIIRS,l,2.0NRT,310.01,5.74,D
23.26169,75.85189,345.98,0.56,0.69,2026-04-10,718,N21,VIIRS,n,2.0NRT,310.52,6.97,D
23.26181,75.53188,355.66,0.59,0.7,2026-04-10,718,N21,VIIRS,n,2.0NRT,310.61,12.09,D
23.26263,75.85036,342.2,0.56,0.69,2026-04-10,718,N21,VIIRS,n,2.0NRT,309.75,4,D
23.26316,75.53739,346.4,0.58,0.7,2026-04-10,718,N21,VIIRS,n,2.0NRT,310.48,12.09,D
23.26355,78.19459,346.4,0.4,0.6,2026-04-10,718,N21,VIIRS,n,2.0NRT,311.41,3.67,D
23.26377,77.22662,349.8,0.46,0.63,2026-04-10,718,N21,VIIRS,n,2.0NRT,314.1,27.13,D
23.26476,77.23093,355.59,0.46,0.63,2026-04-10,718,N21,VIIRS,n,2.0NRT,323.5,57.15,D
23.26617,77.22949,347.92,0.46,0.63,2026-04-10,718,N21,VIIRS,n,2.0NRT,321.71,28.22,D
23.26718,77.23376,350.92,0.46,0.63,2026-04-10,718,N21,VIIRS,n,2.0NRT,313.31,28.22,D
23.27025,75.59336,353.14,0.58,0.7,2026-04-10,718,N21,VIIRS,n,2.0NRT,312.19,14.7,D
23.27116,76.63548,341.45,0.5,0.66,2026-04-10,718,N21,VIIRS,l,2.0NRT,314.62,6.74,D
23.28671,75.79443,338.18,0.56,0.69,2026-04-10,718,N21,VIIRS,n,2.0NRT,309.07,30.42,D
23.28743,79.59605,367,0.32,0.55,2026-04-10,718,N21,VIIRS,h,2.0NRT,316.67,9.82,D
23.28801,75.79973,367,0.56,0.69,2026-04-10,718,N21,VIIRS,h,2.0NRT,316,48.62,D
23.29768,76.05009,341.22,0.54,0.68,2026-04-10,718,N21,VIIRS,n,2.0NRT,311.49,3.74,D
23.29797,76.05099,335.78,0.54,0.68,2026-04-10,718,N21,VIIRS,l,2.0NRT,310.02,3.2,D
23.29872,75.8699,337.75,0.56,0.69,2026-04-10,718,N21,VIIRS,l,2.0NRT,309.95,3.11,D
23.31701,79.96056,342.74,0.61,0.54,2026-04-10,718,N21,VIIRS,n,2.0NRT,308.77,13.25,D
23.32107,79.96299,337.74,0.61,0.54,2026-04-10,718,N21,VIIRS,l,2.0NRT,308.4,7.25,D
23.3241,77.32286,350.05,0.45,0.63,2026-04-10,718,N21,VIIRS,n,2.0NRT,311.08,15.06,D
23.32509,77.3271,367,0.45,0.63,2026-04-10,718,N21,VIIRS,h,2.0NRT,316.85,15.06,D
23.32512,79.88818,336.88,0.62,0.54,2026-04-10,718,N21,VIIRS,n,2.0NRT,309.73,2.41,D
23.32608,77.33132,351.99,0.45,0.63,2026-04-10,718,N21,VIIRS,n,2.0NRT,310.48,19.19,D
23.33792,77.70454,367,0.43,0.62,2026-04-10,718,N21,VIIRS,h,2.0NRT,326.89,65.37,D
23.3381,75.17613,338.05,0.61,0.71,2026-04-10,718,N21,VIIRS,l,2.0NRT,311.93,8.16,D
23.33831,74.73733,338.6,0.65,0.73,2026-04-10,718,N21,VIIRS,n,2.0NRT,311.68,4.78,D
23.33834,76.29971,367,0.52,0.67,2026-04-10,718,N21,VIIRS,h,2.0NRT,313.51,21.28,D
23.33885,77.70861,367,0.43,0.62,2026-04-10,718,N21,VIIRS,h,2.0NRT,307.8,65.37,D
23.33891,74.73478,336.6,0.65,0.73,2026-04-10,718,N21,VIIRS,l,2.0NRT,311.56,5.96,D
23.33948,76.30446,354.12,0.52,0.67,2026-04-10,718,N21,VIIRS,n,2.0NRT,311.56,25.53,D
23.33957,75.48222,352.13,0.59,0.7,2026-04-10,718,N21,VIIRS,n,2.0NRT,311.64,10.6,D
23.34063,76.30928,367,0.52,0.67,2026-04-10,718,N21,VIIRS,h,2.0NRT,313,25.53,D
23.34104,76.56203,341.16,0.5,0.66,2026-04-10,718,N21,VIIRS,n,2.0NRT,309.08,47.39,D
23.34224,77.34946,340.16,0.45,0.63,2026-04-10,718,N21,VIIRS,l,2.0NRT,312.07,8.15,D
23.34289,76.55447,337.56,0.5,0.66,2026-04-10,718,N21,VIIRS,n,2.0NRT,309.9,47.47,D
23.34342,77.70312,313.7,0.43,0.62,2026-04-10,718,N21,VIIRS,l,2.0NRT,322.94,65.37,D
23.34361,76.62614,344.97,0.5,0.66,2026-04-10,718,N21,VIIRS,n,2.0NRT,314.96,6.45,D
23.34402,76.55917,367,0.5,0.66,2026-04-10,718,N21,VIIRS,h,2.0NRT,329.52,101.3,D
23.34434,77.70716,367,0.43,0.62,2026-04-10,718,N21,VIIRS,h,2.0NRT,318.38,65.37,D
23.34564,75.92906,367,0.55,0.68,2026-04-10,718,N21,VIIRS,h,2.0NRT,314.44,19.93,D
23.34582,76.5558,207.38,0.5,0.66,2026-04-10,718,N21,VIIRS,l,2.0NRT,316.47,47.39,D
23.34692,76.5605,367,0.5,0.66,2026-04-10,718,N21,VIIRS,h,2.0NRT,318.22,47.39,D
23.34728,75.56719,339.04,0.58,0.7,2026-04-10,718,N21,VIIRS,n,2.0NRT,309.06,4.41,D
23.3499,76.55763,367,0.5,0.66,2026-04-10,718,N21,VIIRS,h,2.0NRT,315.57,22.7,D
23.35177,77.36482,338.7,0.45,0.63,2026-04-10,718,N21,VIIRS,l,2.0NRT,308.81,2.23,D
23.35233,76.66334,347.37,0.49,0.65,2026-04-10,718,N21,VIIRS,n,2.0NRT,311.78,8.88,D
23.35493,75.24505,343.65,0.61,0.71,2026-04-10,718,N21,VIIRS,n,2.0NRT,309.75,11.82,D
23.35512,75.23827,334.26,0.61,0.71,2026-04-10,718,N21,VIIRS,n,2.0NRT,309.16,7.66,D
23.35657,75.24403,347.01,0.61,0.71,2026-04-10,718,N21,VIIRS,n,2.0NRT,309.7,7.66,D
23.3574,77.36345,342.91,0.45,0.63,2026-04-10,718,N21,VIIRS,n,2.0NRT,311.67,8.49,D
23.35788,79.89877,350.97,0.62,0.54,2026-04-10,718,N21,VIIRS,n,2.0NRT,311.07,12.51,D
23.36509,76.66492,341.79,0.49,0.65,2026-04-10,718,N21,VIIRS,n,2.0NRT,311.42,10.86,D
23.36873,76.66183,353.75,0.49,0.65,2026-04-10,718,N21,VIIRS,n,2.0NRT,313.7,10.4,D
23.37768,74.57203,354.29,0.67,0.73,2026-04-10,718,N21,VIIRS,n,2.0NRT,312.01,15.8,D
23.38058,74.5741,367,0.67,0.73,2026-04-10,718,N21,VIIRS,h,2.0NRT,313.14,15.82,D
23.3832,80.41887,339.13,0.57,0.52,2026-04-10,718,N21,VIIRS,n,2.0NRT,308,6.22,D
23.38465,79.92918,339.15,0.61,0.54,2026-04-10,718,N21,VIIRS,l,2.0NRT,312.72,17.74,D
23.38611,75.06377,342.86,0.62,0.72,2026-04-10,718,N21,VIIRS,n,2.0NRT,308.01,9.14,D
23.38738,75.06507,367,0.62,0.71,2026-04-10,718,N21,VIIRS,h,2.0NRT,309.97,11.81,D
23.38755,75.06959,335.22,0.62,0.72,2026-04-10,718,N21,VIIRS,l,2.0NRT,308.64,9.13,D
23.38787,80.41773,337.25,0.57,0.52,2026-04-10,718,N21,VIIRS,n,2.0NRT,309.19,6.22,D
23.3884,75.57311,335.12,0.58,0.7,2026-04-10,718,N21,VIIRS,n,2.0NRT,308.8,3.6,D
23.38995,82.67902,342.47,0.42,0.45,2026-04-10,718,N21,VIIRS,n,2.0NRT,311.04,7.25,D
23.39501,76.48463,347.76,0.51,0.66,2026-04-10,718,N21,VIIRS,n,2.0NRT,314.61,8.45,D
23.40256,75.89761,340,0.55,0.68,2026-04-10,718,N21,VIIRS,n,2.0NRT,310.99,8.02,D
23.40382,75.90273,348.07,0.55,0.68,2026-04-10,718,N21,VIIRS,n,2.0NRT,314.63,10.92,D
23.40394,75.90224,367,0.55,0.68,2026-04-10,718,N21,VIIRS,h,2.0NRT,315.19,15.45,D
23.40412,75.71804,334.3,0.57,0.69,2026-04-10,718,N21,VIIRS,n,2.0NRT,309.27,7.05,D
23.40969,76.54658,367,0.5,0.66,2026-04-10,718,N21,VIIRS,h,2.0NRT,317.17,11.89,D
23.41028,75.71643,337.69,0.57,0.69,2026-04-10,718,N21,VIIRS,n,2.0NRT,312.39,7.05,D
23.41158,75.72178,367,0.56,0.69,2026-04-10,718,N21,VIIRS,h,2.0NRT,316.18,17.38,D
23.42286,82.50474,339.05,0.43,0.46,2026-04-10,718,N21,VIIRS,n,2.0NRT,308.87,4.99,D
23.42296,76.99252,342.41,0.47,0.64,2026-04-10,718,N21,VIIRS,l,2.0NRT,313.09,6.78,D
23.42341,77.20164,367,0.46,0.63,2026-04-10,718,N21,VIIRS,h,2.0NRT,318.46,22.3,D
23.42382,77.22903,367,0.45,0.63,2026-04-10,718,N21,VIIRS,h,2.0NRT,317.58,16.17,D
23.42442,77.20596,346.32,0.46,0.63,2026-04-10,718,N21,VIIRS,n,2.0NRT,311.8,12.71,D
23.42482,77.23331,342.17,0.45,0.63,2026-04-10,718,N21,VIIRS,n,2.0NRT,315.74,15.05,D
23.42697,82.50385,350.76,0.43,0.46,2026-04-10,718,N21,VIIRS,n,2.0NRT,311.23,4.99,D
23.42704,77.19152,343.37,0.46,0.63,2026-04-10,718,N21,VIIRS,n,2.0NRT,317.61,9.68,D
23.42777,82.50795,345.94,0.42,0.46,2026-04-10,718,N21,VIIRS,n,2.0NRT,309.44,4.99,D
23.42805,77.19584,367,0.46,0.63,2026-04-10,718,N21,VIIRS,h,2.0NRT,316.2,23.33,D
23.42906,77.20016,350.64,0.46,0.63,2026-04-10,718,N21,VIIRS,n,2.0NRT,321.39,23.33,D
23.42946,77.22752,367,0.45,0.63,2026-04-10,718,N21,VIIRS,h,2.0NRT,318,16.17,D
23.43007,77.2045,367,0.46,0.63,2026-04-10,718,N21,VIIRS,h,2.0NRT,315.73,24.59,D
23.45149,73.67709,339.34,0.76,0.77,2026-04-10,718,N21,VIIRS,n,2.0NRT,306.08,7.61,D
23.45623,76.55901,342.74,0.5,0.66,2026-04-10,718,N21,VIIRS,n,2.0NRT,316.02,5.5,D
23.45928,75.02631,367,0.62,0.72,2026-04-10,718,N21,VIIRS,h,2.0NRT,311.66,27.46,D
23.46387,80.32718,341.54,0.58,0.52,2026-04-10,718,N21,VIIRS,n,2.0NRT,310.42,5.94,D
23.46418,75.01864,367,0.62,0.72,2026-04-10,718,N21,VIIRS,h,2.0NRT,309.93,16.44,D
23.46503,80.33267,338.84,0.58,0.52,2026-04-10,718,N21,VIIRS,l,2.0NRT,309.74,6.86,D
23.46755,75.55629,367,0.58,0.69,2026-04-10,718,N21,VIIRS,h,2.0NRT,319.69,55.95,D
23.47109,75.54384,339.82,0.58,0.7,2026-04-10,718,N21,VIIRS,l,2.0NRT,312.77,3.31,D
23.47178,76.99133,367,0.47,0.64,2026-04-10,718,N21,VIIRS,h,2.0NRT,319.23,22.16,D
23.47506,75.47919,346.42,0.58,0.7,2026-04-10,718,N21,VIIRS,n,2.0NRT,314.91,13.72,D
23.48589,79.09423,340.89,0.34,0.56,2026-04-10,718,N21,VIIRS,n,2.0NRT,310.45,1.78,D
23.48687,75.97827,341.72,0.54,0.68,2026-04-10,718,N21,VIIRS,n,2.0NRT,311.95,6.38,D
23.48811,75.98341,342.1,0.54,0.68,2026-04-10,718,N21,VIIRS,n,2.0NRT,313.45,6.38,D
23.4896,79.46802,337.94,0.33,0.55,2026-04-10,718,N21,VIIRS,l,2.0NRT,312.6,3.11,D
23.50227,76.50146,343.67,0.5,0.66,2026-04-10,718,N21,VIIRS,l,2.0NRT,315.21,5.7,D
23.50577,79.32534,354.94,0.33,0.56,2026-04-10,718,N21,VIIRS,n,2.0NRT,312.67,14.99,D
23.50645,79.32849,367,0.33,0.56,2026-04-10,718,N21,VIIRS,h,2.0NRT,313.27,14.99,D
23.50713,79.33168,351.58,0.33,0.56,2026-04-10,718,N21,VIIRS,n,2.0NRT,319.6,21.37,D
23.5074,82.65405,331.39,0.42,0.45,2026-04-10,718,N21,VIIRS,l,2.0NRT,306.37,2.76,D
23.50782,79.33488,367,0.33,0.56,2026-04-10,718,N21,VIIRS,h,2.0NRT,311.61,21.37,D
23.51078,79.32424,367,0.33,0.56,2026-04-10,718,N21,VIIRS,h,2.0NRT,317.89,13.02,D
23.51145,79.32738,353.43,0.33,0.56,2026-04-10,718,N21,VIIRS,n,2.0NRT,314.8,13.02,D
23.51214,79.33057,351.72,0.33,0.56,2026-04-10,718,N21,VIIRS,n,2.0NRT,320.21,22.42,D
23.51283,79.33377,367,0.33,0.56,2026-04-10,718,N21,VIIRS,h,2.0NRT,322.7,22.42,D
23.51555,75.61773,340.36,0.57,0.69,2026-04-10,718,N21,VIIRS,l,2.0NRT,311.46,17.6,D
23.51576,79.32401,339.26,0.33,0.56,2026-04-10,718,N21,VIIRS,l,2.0NRT,312.64,2.6,D
23.51814,75.62836,337.71,0.57,0.69,2026-04-10,718,N21,VIIRS,l,2.0NRT,311.65,6.84,D
23.52007,75.61729,353.83,0.57,0.69,2026-04-10,718,N21,VIIRS,n,2.0NRT,314.04,15.58,D
23.52387,84.09609,334.72,0.52,0.41,2026-04-10,718,N21,VIIRS,n,2.0NRT,305.68,4.22,D
23.52682,77.35194,341.63,0.44,0.63,2026-04-10,718,N21,VIIRS,l,2.0NRT,315.2,6.73,D
23.52692,78.15217,341.22,0.4,0.6,2026-04-10,718,N21,VIIRS,l,2.0NRT,315.16,5.54,D
23.5282,77.34547,353.46,0.44,0.63,2026-04-10,718,N21,VIIRS,n,2.0NRT,314.34,9.06,D
23.52915,77.34966,342.64,0.44,0.63,2026-04-10,718,N21,VIIRS,l,2.0NRT,315.09,10.43,D
23.53142,77.34628,339.52,0.44,0.63,2026-04-10,718,N21,VIIRS,l,2.0NRT,311.33,10.82,D
23.53553,79.12628,338.95,0.34,0.56,2026-04-10,718,N21,VIIRS,n,2.0NRT,312.4,6.57,D
23.54057,79.12505,367,0.34,0.56,2026-04-10,718,N21,VIIRS,h,2.0NRT,316.25,6.57,D
23.54213,76.74786,367,0.48,0.65,2026-04-10,718,N21,VIIRS,h,2.0NRT,317.13,26.45,D
23.54573,79.89225,342,0.61,0.54,2026-04-10,718,N21,VIIRS,n,2.0NRT,309.66,21.53,D
23.54777,79.89439,336.03,0.61,0.54,2026-04-10,718,N21,VIIRS,l,2.0NRT,308.5,58.32,D
23.54933,79.88548,341.41,0.61,0.54,2026-04-10,718,N21,VIIRS,n,2.0NRT,308.04,10.44,D
23.55057,79.89119,343.06,0.61,0.54,2026-04-10,718,N21,VIIRS,n,2.0NRT,313.73,21.53,D
23.55929,87.23883,333.11,0.4,0.37,2026-04-10,718,N21,VIIRS,l,2.0NRT,305.98,2.84,D
23.56205,82.71882,337.59,0.41,0.45,2026-04-10,718,N21,VIIRS,n,2.0NRT,307.11,3.91,D
23.56208,82.71857,336.92,0.41,0.45,2026-04-10,718,N21,VIIRS,n,2.0NRT,306.54,4.06,D
23.56246,84.32692,331.8,0.5,0.41,2026-04-10,718,N21,VIIRS,l,2.0NRT,306.64,3.33,D
23.56767,79.92361,339.24,0.61,0.53,2026-04-10,718,N21,VIIRS,l,2.0NRT,309.57,10.46,D
23.56842,76.18504,335.97,0.52,0.67,2026-04-10,718,N21,VIIRS,l,2.0NRT,310.64,2.29,D
23.57301,78.20654,367,0.39,0.59,2026-04-10,718,N21,VIIRS,h,2.0NRT,313.49,12.17,D
23.57371,79.92826,338.5,0.61,0.53,2026-04-10,718,N21,VIIRS,l,2.0NRT,313.04,10.46,D
23.57852,79.92714,336.36,0.61,0.53,2026-04-10,718,N21,VIIRS,l,2.0NRT,309.36,4.11,D
23.5858,80.26734,341.06,0.58,0.52,2026-04-10,718,N21,VIIRS,n,2.0NRT,308.83,11.44,D
23.58609,84.47711,336.66,0.49,0.41,2026-04-10,718,N21,VIIRS,n,2.0NRT,306.53,6.54,D
23.58736,76.75949,350.21,0.48,0.65,2026-04-10,718,N21,VIIRS,n,2.0NRT,317.76,8.79,D
23.58798,76.75994,347.77,0.48,0.65,2026-04-10,718,N21,VIIRS,l,2.0NRT,317.86,10.06,D
23.59088,75.4622,367,0.58,0.7,2026-04-10,718,N21,VIIRS,h,2.0NRT,314.67,30.49,D
23.5932,75.45947,344.66,0.58,0.7,2026-04-10,718,N21,VIIRS,n,2.0NRT,313.05,14.36,D
23.59455,75.46494,367,0.58,0.7,2026-04-10,718,N21,VIIRS,h,2.0NRT,314.07,14.36,D
23.59602,75.73831,367,0.56,0.69,2026-04-10,718,N21,VIIRS,h,2.0NRT,313.75,10.63,D
23.59741,76.59576,367,0.49,0.65,2026-04-10,718,N21,VIIRS,h,2.0NRT,317.83,13.04,D
23.59961,80.04897,341.59,0.6,0.53,2026-04-10,718,N21,VIIRS,n,2.0NRT,309.86,12.88,D
23.62324,76.88481,342.89,0.47,0.64,2026-04-10,718,N21,VIIRS,l,2.0NRT,313.32,6.41,D
23.62345,76.88403,341.59,0.47,0.64,2026-04-10,718,N21,VIIRS,l,2.0NRT,312.98,5.94,D
23.63028,87.25685,334.73,0.39,0.37,2026-04-10,718,N21,VIIRS,l,2.0NRT,306.74,5.07,D
23.63294,76.53636,346.67,0.5,0.66,2026-04-10,718,N21,VIIRS,n,2.0NRT,314.87,9.04,D
23.63549,75.65958,344.09,0.56,0.69,2026-04-10,718,N21,VIIRS,l,2.0NRT,314.15,13.59,D
23.63765,80.01605,341.73,0.6,0.53,2026-04-10,718,N21,VIIRS,n,2.0NRT,311.23,8.34,D
23.64222,79.82956,353.55,0.62,0.54,2026-04-10,718,N21,VIIRS,n,2.0NRT,314.72,11.47,D
23.64421,79.83183,343.32,0.62,0.54,2026-04-10,718,N21,VIIRS,n,2.0NRT,313.27,9.77,D
23.64715,75.47541,345.32,0.58,0.7,2026-04-10,718,N21,VIIRS,n,2.0NRT,312.2,6.74,D
23.64869,85.44006,341.32,0.45,0.39,2026-04-10,718,N21,VIIRS,l,2.0NRT,313.44,3.84,D
23.6529,76.23864,352.73,0.52,0.67,2026-04-10,718,N21,VIIRS,n,2.0NRT,313.38,9.82,D
23.65439,79.83896,342.36,0.61,0.54,2026-04-10,718,N21,VIIRS,n,2.0NRT,311.33,6.93,D
23.65664,82.75019,339.4,0.41,0.45,2026-04-10,718,N21,VIIRS,n,2.0NRT,308.67,5.67,D
23.6598,75.75949,352.56,0.55,0.68,2026-04-10,718,N21,VIIRS,n,2.0NRT,314.04,21.05,D
23.66106,75.76466,343.71,0.55,0.68,2026-04-10,718,N21,VIIRS,n,2.0NRT,312.6,21.05,D
23.66221,78.19042,347.11,0.39,0.59,2026-04-10,718,N21,VIIRS,n,2.0NRT,313.35,8.16,D
23.66277,73.61894,341.7,0.75,0.77,2026-04-10,718,N21,VIIRS,n,2.0NRT,305.63,10.4,D
23.66358,79.16159,367,0.34,0.56,2026-04-10,718,N21,VIIRS,h,2.0NRT,315.6,14.81,D
23.66372,73.62228,335.79,0.75,0.77,2026-04-10,718,N21,VIIRS,n,2.0NRT,306.01,9.38,D
23.66539,75.75948,367,0.55,0.68,2026-04-10,718,N21,VIIRS,h,2.0NRT,316.56,33.65,D
23.66588,75.75775,354.35,0.55,0.68,2026-04-10,718,N21,VIIRS,n,2.0NRT,312.46,21.05,D
23.66619,75.49889,341.03,0.58,0.69,2026-04-10,718,N21,VIIRS,n,2.0NRT,311.36,5.86,D
23.66714,78.57934,336.05,0.37,0.58,2026-04-10,718,N21,VIIRS,l,2.0NRT,310.65,1.79,D
23.6697,73.61745,337.37,0.75,0.77,2026-04-10,718,N21,VIIRS,n,2.0NRT,305.62,10.4,D
23.67035,78.06591,367,0.4,0.6,2026-04-10,718,N21,VIIRS,h,2.0NRT,315.98,9.33,D
23.67063,73.62066,343.5,0.75,0.77,2026-04-10,718,N21,VIIRS,n,2.0NRT,307.26,8.08,D
23.67337,78.06448,367,0.4,0.6,2026-04-10,718,N21,VIIRS,h,2.0NRT,315.49,7.7,D
23.67413,77.02602,340.56,0.46,0.64,2026-04-10,718,N21,VIIRS,n,2.0NRT,314.26,4.91,D
23.67421,78.06827,341.86,0.4,0.6,2026-04-10,718,N21,VIIRS,n,2.0NRT,316.25,6.88,D
23.67527,77.02486,345.02,0.46,0.64,2026-04-10,718,N21,VIIRS,n,2.0NRT,315.58,4.46,D
23.679,76.24207,343.63,0.52,0.67,2026-04-10,718,N21,VIIRS,n,2.0NRT,314.2,4.7,D
23.68127,76.24145,340.75,0.52,0.67,2026-04-10,718,N21,VIIRS,l,2.0NRT,311.73,5.79,D
23.68222,86.3955,339.64,0.41,0.37,2026-04-10,718,N21,VIIRS,l,2.0NRT,312.97,12.64,D
23.68368,78.50665,338.06,0.37,0.58,2026-04-10,718,N21,VIIRS,l,2.0NRT,311.97,2.97,D
23.68875,82.6544,344.85,0.41,0.45,2026-04-10,718,N21,VIIRS,n,2.0NRT,306.81,4.12,D
23.69278,83.54759,332.63,0.55,0.43,2026-04-10,718,N21,VIIRS,n,2.0NRT,306.83,2.85,D
23.69376,87.12248,338.69,0.4,0.37,2026-04-10,718,N21,VIIRS,l,2.0NRT,313.37,4.13,D
23.69657,75.80644,337.45,0.55,0.68,2026-04-10,718,N21,VIIRS,n,2.0NRT,310.06,4.9,D
23.69671,75.8048,340.16,0.55,0.68,2026-04-10,718,N21,VIIRS,n,2.0NRT,310.5,8.91,D
23.69798,75.81005,335.6,0.55,0.68,2026-04-10,718,N21,VIIRS,n,2.0NRT,310.52,8.91,D
23.70137,75.79964,367,0.55,0.68,2026-04-10,718,N21,VIIRS,h,2.0NRT,313.01,19.21,D
23.70154,75.79795,339.02,0.55,0.68,2026-04-10,718,N21,VIIRS,l,2.0NRT,310.29,11.54,D
23.70265,75.80483,367,0.55,0.68,2026-04-10,718,N21,VIIRS,h,2.0NRT,318.14,11.26,D
23.7028,75.80318,354.4,0.55,0.68,2026-04-10,718,N21,VIIRS,n,2.0NRT,317.28,8.91,D
23.70363,83.44881,342.28,0.56,0.43,2026-04-10,718,N21,VIIRS,n,2.0NRT,306.15,5.71,D
23.70394,75.81003,342.31,0.55,0.68,2026-04-10,718,N21,VIIRS,n,2.0NRT,312.19,11.26,D
23.70406,75.8084,352.86,0.55,0.68,2026-04-10,718,N21,VIIRS,n,2.0NRT,316.07,8.91,D
23.70835,73.6528,333.18,0.75,0.77,2026-04-10,718,N21,VIIRS,l,2.0NRT,306.28,12.29,D
23.70899,73.65599,348.13,0.75,0.77,2026-04-10,718,N21,VIIRS,n,2.0NRT,307.66,10.46,D
23.71,75.80832,338.7,0.55,0.68,2026-04-10,718,N21,VIIRS,n,2.0NRT,313.26,11.26,D
23.71259,86.45139,346.15,0.41,0.37,2026-04-10,718,N21,VIIRS,l,2.0NRT,315.76,8.46,D
23.71422,79.20369,349.15,0.34,0.56,2026-04-10,718,N21,VIIRS,n,2.0NRT,315.8,3.48,D
23.7143,78.134,341.05,0.39,0.59,2026-04-10,718,N21,VIIRS,n,2.0NRT,314.43,5.08,D
23.71865,75.52464,344.99,0.57,0.69,2026-04-10,718,N21,VIIRS,n,2.0NRT,310.87,7.5,D
23.71999,75.53009,344.47,0.57,0.69,2026-04-10,718,N21,VIIRS,n,2.0NRT,312.1,10.07,D
23.72397,75.52738,367,0.57,0.69,2026-04-10,718,N21,VIIRS,h,2.0NRT,312.6,16.78,D
23.73751,75.34314,345.14,0.59,0.7,2026-04-10,718,N21,VIIRS,n,2.0NRT,311.99,10.04,D
23.73763,86.43416,349.35,0.41,0.37,2026-04-10,718,N21,VIIRS,n,2.0NRT,319.44,12.27,D
23.73898,77.29404,340.24,0.44,0.63,2026-04-10,718,N21,VIIRS,l,2.0NRT,314.4,5,D
23.74047,83.12803,336.7,0.39,0.44,2026-04-10,718,N21,VIIRS,n,2.0NRT,306.68,2.66,D
23.74335,77.96311,349.53,0.4,0.6,2026-04-10,718,N21,VIIRS,n,2.0NRT,316.76,9.31,D
23.74467,77.29303,346.86,0.44,0.63,2026-04-10,718,N21,VIIRS,n,2.0NRT,312.94,4.58,D
23.74871,77.96168,345.85,0.4,0.6,2026-04-10,718,N21,VIIRS,n,2.0NRT,312.43,1.89,D
23.75254,86.41893,335.31,0.41,0.37,2026-04-10,718,N21,VIIRS,l,2.0NRT,306.31,3.57,D
23.75731,86.40563,338.06,0.41,0.37,2026-04-10,718,N21,VIIRS,l,2.0NRT,312.24,5.87,D
23.75881,80.09286,341.3,0.59,0.53,2026-04-10,718,N21,VIIRS,n,2.0NRT,309.53,4.12,D
23.75965,82.95586,347.79,0.39,0.44,2026-04-10,718,N21,VIIRS,n,2.0NRT,311.75,8.31,D
23.75996,78.52798,348.41,0.37,0.58,2026-04-10,718,N21,VIIRS,n,2.0NRT,316.27,6.46,D
23.76003,86.40096,340.76,0.41,0.37,2026-04-10,718,N21,VIIRS,l,2.0NRT,314.32,6.1,D
23.76064,76.48981,341.99,0.5,0.66,2026-04-10,718,N21,VIIRS,n,2.0NRT,315.71,6.29,D
23.76355,80.09175,335.66,0.59,0.53,2026-04-10,718,N21,VIIRS,l,2.0NRT,309.09,3.59,D
23.76408,86.4043,345.15,0.41,0.37,2026-04-10,718,N21,VIIRS,n,2.0NRT,314.85,6.1,D
23.76746,86.40363,342.81,0.41,0.37,2026-04-10,718,N21,VIIRS,l,2.0NRT,312.42,8.37,D
23.76886,78.44382,341.94,0.37,0.58,2026-04-10,718,N21,VIIRS,n,2.0NRT,310.75,8.75,D
23.76928,78.44775,354.63,0.37,0.58,2026-04-10,718,N21,VIIRS,n,2.0NRT,313.77,8.73,D
23.76965,78.44743,367,0.37,0.58,2026-04-10,718,N21,VIIRS,h,2.0NRT,314.46,9.97,D
23.7697,75.60523,340.18,0.56,0.69,2026-04-10,718,N21,VIIRS,n,2.0NRT,309.11,5.56,D
23.77133,75.60639,351.52,0.56,0.69,2026-04-10,718,N21,VIIRS,n,2.0NRT,309.36,6.23,D
23.77503,86.36501,343.71,0.41,0.37,2026-04-10,718,N21,VIIRS,n,2.0NRT,315.33,7.02,D
23.77901,86.38902,350.24,0.41,0.37,2026-04-10,718,N21,VIIRS,l,2.0NRT,318.69,15.16,D
23.78593,79.33864,350.5,0.33,0.55,2026-04-10,718,N21,VIIRS,n,2.0NRT,312.89,5.65,D
23.78943,78.31669,338.11,0.38,0.59,2026-04-10,718,N21,VIIRS,l,2.0NRT,312.65,4.72,D
23.79385,78.31163,354.8,0.38,0.59,2026-04-10,718,N21,VIIRS,n,2.0NRT,315.59,6.84,D
23.79467,78.31528,346.59,0.38,0.59,2026-04-10,718,N21,VIIRS,n,2.0NRT,313.76,6.84,D
23.79496,86.35293,341.01,0.41,0.37,2026-04-10,718,N21,VIIRS,l,2.0NRT,311.69,7.72,D
23.79576,82.84008,338.57,0.4,0.44,2026-04-10,718,N21,VIIRS,n,2.0NRT,308.87,1.95,D
23.79967,78.00312,344.43,0.4,0.6,2026-04-10,718,N21,VIIRS,n,2.0NRT,316.73,4.7,D
23.80054,78.00688,341.97,0.4,0.6,2026-04-10,718,N21,VIIRS,n,2.0NRT,316.17,4.7,D
23.80222,77.18285,342.81,0.45,0.63,2026-04-10,718,N21,VIIRS,n,2.0NRT,310.9,32.68,D
23.80405,77.17988,350.22,0.45,0.63,2026-04-10,718,N21,VIIRS,n,2.0NRT,316.54,21.17,D
23.80505,77.1841,354.75,0.45,0.63,2026-04-10,718,N21,VIIRS,n,2.0NRT,314.57,21.17,D
23.80514,86.33028,342.19,0.41,0.37,2026-04-10,718,N21,VIIRS,l,2.0NRT,316.72,11.32,D
23.80605,77.18832,353.18,0.45,0.63,2026-04-10,718,N21,VIIRS,n,2.0NRT,312.67,20.1,D
23.80761,83.1638,337.91,0.38,0.43,2026-04-10,718,N21,VIIRS,n,2.0NRT,307.32,2.08,D
23.80783,77.18137,367,0.45,0.63,2026-04-10,718,N21,VIIRS,h,2.0NRT,327.17,32.68,D
23.80849,77.86757,367,0.41,0.6,2026-04-10,718,N21,VIIRS,h,2.0NRT,315.68,22.7,D
23.80881,77.1856,367,0.45,0.63,2026-04-10,718,N21,VIIRS,h,2.0NRT,318.94,40.05,D
23.80967,77.17841,354.96,0.45,0.63,2026-04-10,718,N21,VIIRS,n,2.0NRT,316.55,21.17,D
23.81067,77.18264,367,0.45,0.63,2026-04-10,718,N21,VIIRS,h,2.0NRT,318.5,21.17,D
23.81514,81.87006,343.72,0.46,0.47,2026-04-10,718,N21,VIIRS,n,2.0NRT,306.7,8.58,D
23.8158,82.87136,344.21,0.4,0.44,2026-04-10,718,N21,VIIRS,n,2.0NRT,314.66,9.02,D
23.81937,81.86905,347.88,0.46,0.47,2026-04-10,718,N21,VIIRS,n,2.0NRT,309.68,8.58,D
23.82187,81.85923,341.21,0.46,0.47,2026-04-10,718,N21,VIIRS,n,2.0NRT,307.18,6.71,D
23.82665,79.96577,334.49,0.6,0.53,2026-04-10,718,N21,VIIRS,l,2.0NRT,308.38,1.58,D
23.83183,78.19234,349.29,0.39,0.59,2026-04-10,718,N21,VIIRS,n,2.0NRT,314.43,8.61,D
23.83711,78.19094,367,0.39,0.59,2026-04-10,718,N21,VIIRS,h,2.0NRT,317.46,8.61,D
23.84603,76.20791,349.02,0.51,0.66,2026-04-10,718,N21,VIIRS,n,2.0NRT,313.3,6.26,D
23.8533,83.06432,350.92,0.39,0.44,2026-04-10,718,N21,VIIRS,n,2.0NRT,318.72,33.18,D
23.85903,82.79305,347.46,0.4,0.44,2026-04-10,718,N21,VIIRS,n,2.0NRT,315.02,20.98,D
23.86058,76.98695,342.41,0.46,0.64,2026-04-10,718,N21,VIIRS,n,2.0NRT,313.54,3.52,D
23.87222,82.97007,340.63,0.39,0.44,2026-04-10,718,N21,VIIRS,n,2.0NRT,313.2,3.94,D
23.88024,77.27628,346.22,0.44,0.62,2026-04-10,718,N21,VIIRS,l,2.0NRT,318.08,10.63,D
23.89136,75.91513,353.25,0.54,0.68,2026-04-10,718,N21,VIIRS,n,2.0NRT,314.08,9.02,D
23.90194,88.26279,330.61,0.38,0.36,2026-04-10,718,N21,VIIRS,n,2.0NRT,305.21,1.95,D
23.90245,77.77215,346.76,0.41,0.61,2026-04-10,718,N21,VIIRS,n,2.0NRT,315.62,6.66,D
23.90269,80.37143,367,0.56,0.52,2026-04-10,718,N21,VIIRS,h,2.0NRT,314.61,11.46,D
23.90732,80.37028,341.41,0.56,0.52,2026-04-10,718,N21,VIIRS,n,2.0NRT,311.52,11.46,D
23.90788,77.77078,345.8,0.41,0.61,2026-04-10,718,N21,VIIRS,n,2.0NRT,312.39,6.66,D
23.91038,79.42947,367,0.32,0.55,2026-04-10,718,N21,VIIRS,h,2.0NRT,314.93,7.97,D
23.92229,85.4631,330.52,0.44,0.39,2026-04-10,718,N21,VIIRS,l,2.0NRT,304.9,6.94,D
23.92251,82.97399,340.16,0.39,0.44,2026-04-10,718,N21,VIIRS,n,2.0NRT,309.72,4.93,D
23.92302,85.46738,341.2,0.44,0.39,2026-04-10,718,N21,VIIRS,l,2.0NRT,307.62,7.22,D
23.92652,85.46669,334.66,0.44,0.39,2026-04-10,718,N21,VIIRS,l,2.0NRT,305.27,7.22,D
23.92757,79.24509,342.31,0.33,0.55,2026-04-10,718,N21,VIIRS,l,2.0NRT,313.16,3.07,D
23.93009,75.46485,338.09,0.57,0.69,2026-04-10,718,N21,VIIRS,n,2.0NRT,309.8,3.15,D
23.93421,79.1092,344.61,0.34,0.56,2026-04-10,718,N21,VIIRS,n,2.0NRT,317.2,7.21,D
23.94008,82.64448,338.84,0.41,0.45,2026-04-10,718,N21,VIIRS,n,2.0NRT,313.29,3.2,D
23.94226,85.30404,339.99,0.45,0.39,2026-04-10,718,N21,VIIRS,n,2.0NRT,308.32,4.09,D
23.94432,88.64999,331.25,0.38,0.36,2026-04-10,718,N21,VIIRS,n,2.0NRT,303.95,2.04,D
23.94742,78.95291,367,0.34,0.56,2026-04-10,718,N21,VIIRS,h,2.0NRT,316.25,7.01,D
23.94784,82.90079,337.7,0.39,0.44,2026-04-10,718,N21,VIIRS,l,2.0NRT,310.39,4.5,D
23.95254,82.90366,343.23,0.39,0.44,2026-04-10,718,N21,VIIRS,n,2.0NRT,309.45,4.5,D
23.95559,79.11045,367,0.34,0.56,2026-04-10,718,N21,VIIRS,h,2.0NRT,312.82,10.06,D
23.95577,82.89892,341.19,0.39,0.44,2026-04-10,718,N21,VIIRS,l,2.0NRT,311.23,3.77,D
23.95725,83.13695,336.68,0.38,0.43,2026-04-10,718,N21,VIIRS,n,2.0NRT,311.35,2.72,D
23.95794,83.14063,340.15,0.38,0.43,2026-04-10,718,N21,VIIRS,n,2.0NRT,313.18,5.5,D
23.95815,80.49754,337.41,0.55,0.51,2026-04-10,718,N21,VIIRS,l,2.0NRT,311.99,7.15,D
23.95906,83.21181,342.17,0.57,0.43,2026-04-10,718,N21,VIIRS,n,2.0NRT,313.05,4.66,D
23.9659,82.90849,338.32,0.39,0.44,2026-04-10,718,N21,VIIRS,l,2.0NRT,308.53,3.69,D
23.99493,76.1599,367,0.51,0.66,2026-04-10,718,N21,VIIRS,h,2.0NRT,314.11,14.67,D
23.99733,76.15964,367,0.51,0.66,2026-04-10,718,N21,VIIRS,h,2.0NRT,313.4,14.01,D
24.00598,82.83603,343.16,0.4,0.44,2026-04-10,718,N21,VIIRS,n,2.0NRT,310.03,5,D
24.0135,85.19011,336.02,0.45,0.39,2026-04-10,718,N21,VIIRS,n,2.0NRT,304.82,3.83,D
24.01362,85.191,332.76,0.45,0.39,2026-04-10,718,N21,VIIRS,l,2.0NRT,304.99,3.02,D
24.01755,82.85327,339.2,0.4,0.44,2026-04-10,718,N21,VIIRS,n,2.0NRT,309.32,3.33,D
24.02281,82.94681,344.16,0.39,0.44,2026-04-10,718,N21,VIIRS,n,2.0NRT,308.99,5.31,D
24.03905,75.59454,339.04,0.56,0.69,2026-04-10,718,N21,VIIRS,l,2.0NRT,310.5,7.91,D
24.05599,82.99873,336.59,0.39,0.44,2026-04-10,718,N21,VIIRS,l,2.0NRT,310.08,1.08,D
24.0599,82.04442,344.49,0.44,0.46,2026-04-10,718,N21,VIIRS,n,2.0NRT,316.4,8.55,D
24.06073,82.04868,347.11,0.44,0.46,2026-04-10,718,N21,VIIRS,n,2.0NRT,315.14,12.19,D
24.06345,83.90216,342.44,0.52,0.42,2026-04-10,718,N21,VIIRS,l,2.0NRT,314.57,5.57,D
24.07592,79.6146,342.78,0.62,0.54,2026-04-10,718,N21,VIIRS,n,2.0NRT,316.78,4.86,D
24.08899,75.04566,367,0.6,0.71,2026-04-10,718,N21,VIIRS,h,2.0NRT,310.22,24.7,D
24.09062,78.65535,339.39,0.36,0.57,2026-04-10,718,N21,VIIRS,l,2.0NRT,312.63,3.24,D
24.10276,74.99343,347.84,0.6,0.71,2026-04-10,718,N21,VIIRS,n,2.0NRT,310.02,11.69,D
24.10285,83.35188,336.42,0.56,0.43,2026-04-10,718,N21,VIIRS,n,2.0NRT,310.64,2.98,D
24.1035,83.26575,339.52,0.56,0.43,2026-04-10,718,N21,VIIRS,l,2.0NRT,313.25,11.12,D
24.10621,83.26144,341.09,0.56,0.43,2026-04-10,718,N21,VIIRS,l,2.0NRT,314.75,12.11,D
24.10739,83.26495,347.66,0.56,0.43,2026-04-10,718,N21,VIIRS,n,2.0NRT,315.86,11.12,D
24.11131,85.26996,340.85,0.45,0.39,2026-04-10,718,N21,VIIRS,n,2.0NRT,311.61,4.29,D
24.11226,78.77688,340.16,0.35,0.57,2026-04-10,718,N21,VIIRS,n,2.0NRT,312.85,2.97,D
24.11521,78.10172,354.11,0.39,0.59,2026-04-10,718,N21,VIIRS,n,2.0NRT,316.4,9.97,D
24.11604,78.10538,367,0.39,0.59,2026-04-10,718,N21,VIIRS,h,2.0NRT,315.01,9.97,D
24.11667,74.23848,352.24,0.67,0.74,2026-04-10,718,N21,VIIRS,n,2.0NRT,309.79,10.78,D
24.1189,80.60519,341.97,0.54,0.51,2026-04-10,718,N21,VIIRS,n,2.0NRT,310.89,11.92,D
24.11902,78.10275,367,0.39,0.59,2026-04-10,718,N21,VIIRS,h,2.0NRT,319.73,21.72,D
24.11959,80.60811,341.4,0.54,0.51,2026-04-10,718,N21,VIIRS,n,2.0NRT,310.53,12.88,D
24.12749,81.45963,346.13,0.48,0.48,2026-04-10,718,N21,VIIRS,n,2.0NRT,310.13,6.29,D
24.13387,83.3822,344.34,0.55,0.43,2026-04-10,718,N21,VIIRS,n,2.0NRT,316.14,16.99,D
24.13414,75.4092,367,0.57,0.69,2026-04-10,718,N21,VIIRS,h,2.0NRT,312.24,10.69,D
24.13554,75.4076,355.44,0.57,0.69,2026-04-10,718,N21,VIIRS,n,2.0NRT,312.04,6.97,D
24.1377,77.43843,347.92,0.42,0.61,2026-04-10,718,N21,VIIRS,n,2.0NRT,311.74,4.26,D
24.13772,83.38132,347.83,0.55,0.43,2026-04-10,718,N21,VIIRS,n,2.0NRT,316.08,16.99,D
24.13875,83.08839,343.05,0.38,0.43,2026-04-10,718,N21,VIIRS,n,2.0NRT,311.26,9.24,D
24.13956,77.44645,367,0.42,0.61,2026-04-10,718,N21,VIIRS,h,2.0NRT,311.29,14.74,D
24.14319,77.437,342.76,0.42,0.61,2026-04-10,718,N21,VIIRS,n,2.0NRT,313.15,6.97,D
24.144,89.25942,334.45,0.39,0.36,2026-04-10,718,N21,VIIRS,n,2.0NRT,304.64,3.39,D
24.14412,77.441,341.52,0.42,0.61,2026-04-10,718,N21,VIIRS,n,2.0NRT,316.44,8.89,D
24.14505,77.44499,367,0.42,0.61,2026-04-10,718,N21,VIIRS,h,2.0NRT,317.76,8.89,D
24.14692,77.1338,367,0.44,0.63,2026-04-10,718,N21,VIIRS,h,2.0NRT,316.91,10.08,D
24.14719,80.94976,335.24,0.51,0.49,2026-04-10,718,N21,VIIRS,l,2.0NRT,308.98,2.41,D
24.14791,77.13799,354.35,0.44,0.63,2026-04-10,718,N21,VIIRS,n,2.0NRT,318.25,10.08,D
24.14815,83.15961,336.55,0.57,0.43,2026-04-10,718,N21,VIIRS,l,2.0NRT,311.41,18.36,D
24.14961,77.43956,343.6,0.42,0.61,2026-04-10,718,N21,VIIRS,n,2.0NRT,313.52,8.89,D
24.15346,79.29884,348.28,0.32,0.55,2026-04-10,718,N21,VIIRS,n,2.0NRT,314.6,5.1,D
24.15972,82.23529,341.85,0.43,0.46,2026-04-10,718,N21,VIIRS,n,2.0NRT,311.29,4.85,D
24.15996,89.25272,333.84,0.39,0.36,2026-04-10,718,N21,VIIRS,l,2.0NRT,304.93,5.02,D
24.16042,83.43748,336.58,0.55,0.43,2026-04-10,718,N21,VIIRS,n,2.0NRT,309.35,4.57,D
24.17087,82.50682,343.2,0.41,0.45,2026-04-10,718,N21,VIIRS,n,2.0NRT,317.07,12.05,D
24.17164,82.51081,339.58,0.41,0.45,2026-04-10,718,N21,VIIRS,n,2.0NRT,313,7.32,D
24.17208,88.80537,333.5,0.39,0.36,2026-04-10,718,N21,VIIRS,l,2.0NRT,304.42,2.51,D
24.17274,89.31667,340,0.39,0.36,2026-04-10,718,N21,VIIRS,n,2.0NRT,301.91,6.69,D
24.17652,79.40588,367,0.32,0.55,2026-04-10,718,N21,VIIRS,h,2.0NRT,318.3,12.65,D
24.19075,83.53481,334.85,0.54,0.42,2026-04-10,718,N21,VIIRS,l,2.0NRT,308.03,1.43,D
24.19305,74.37891,349.22,0.66,0.73,2026-04-10,718,N21,VIIRS,n,2.0NRT,310.59,9.91,D
24.19532,74.38195,341.5,0.66,0.73,2026-04-10,718,N21,VIIRS,n,2.0NRT,309.86,9.84,D
24.19843,88.98205,336.07,0.39,0.36,2026-04-10,718,N21,VIIRS,l,2.0NRT,308.36,3.17,D
24.20489,92.37486,330.86,0.49,0.41,2026-04-10,718,N21,VIIRS,n,2.0NRT,298.78,3.1,D
24.20882,77.44612,352.68,0.42,0.61,2026-04-10,718,N21,VIIRS,n,2.0NRT,315.41,11.15,D
24.20907,77.44501,353.76,0.42,0.61,2026-04-10,718,N21,VIIRS,n,2.0NRT,314.91,9.33,D
24.20976,77.45011,340.67,0.42,0.61,2026-04-10,718,N21,VIIRS,n,2.0NRT,310.56,5.5,D
24.20998,77.44901,351.09,0.42,0.61,2026-04-10,718,N21,VIIRS,n,2.0NRT,313.55,7.26,D
24.21015,83.08068,337.93,0.57,0.43,2026-04-10,718,N21,VIIRS,l,2.0NRT,310.49,3,D
24.21243,82.35112,342.51,0.42,0.45,2026-04-10,718,N21,VIIRS,l,2.0NRT,313.6,5.36,D
24.21634,87.81219,334.24,0.39,0.36,2026-04-10,718,N21,VIIRS,l,2.0NRT,304.75,2.06,D
24.22294,82.36135,348.25,0.42,0.45,2026-04-10,718,N21,VIIRS,n,2.0NRT,315.34,6.65,D
24.22315,83.04184,337.17,0.38,0.43,2026-04-10,718,N21,VIIRS,n,2.0NRT,309.64,1.79,D
24.22484,88.84219,330.32,0.39,0.36,2026-04-10,718,N21,VIIRS,l,2.0NRT,304.34,2,D
24.22633,89.17086,343.36,0.39,0.36,2026-04-10,718,N21,VIIRS,n,2.0NRT,309.67,5.76,D
24.22688,89.17464,336.79,0.39,0.36,2026-04-10,718,N21,VIIRS,l,2.0NRT,308.53,5.15,D
24.22704,82.36049,341.16,0.42,0.45,2026-04-10,718,N21,VIIRS,l,2.0NRT,315.64,6.65,D
24.23172,77.44447,355.18,0.42,0.61,2026-04-10,718,N21,VIIRS,n,2.0NRT,319.81,13.42,D
24.23265,77.44844,343.99,0.42,0.61,2026-04-10,718,N21,VIIRS,n,2.0NRT,312.66,13.42,D
24.23769,82.74006,344.24,0.4,0.44,2026-04-10,718,N21,VIIRS,n,2.0NRT,314.27,24.46,D
24.23946,88.93995,335.93,0.39,0.36,2026-04-10,718,N21,VIIRS,l,2.0NRT,308.25,5.02,D
24.24093,82.73528,367,0.4,0.44,2026-04-10,718,N21,VIIRS,l,2.0NRT,328.66,108.16,D
24.24168,82.73915,343.42,0.4,0.44,2026-04-10,718,N21,VIIRS,n,2.0NRT,313.77,24.46,D
24.24187,84.1739,333.42,0.5,0.41,2026-04-10,718,N21,VIIRS,l,2.0NRT,307.95,2.24,D
24.24347,85.36008,347.56,0.44,0.39,2026-04-10,718,N21,VIIRS,n,2.0NRT,308.81,7.93,D
24.24589,84.03859,338.21,0.51,0.41,2026-04-10,718,N21,VIIRS,n,2.0NRT,312.74,4.17,D
24.2505,89.15105,331.38,0.39,0.36,2026-04-10,718,N21,VIIRS,l,2.0NRT,304.88,3.35,D
24.25237,84.60825,354.44,0.48,0.4,2026-04-10,718,N21,VIIRS,n,2.0NRT,312.47,11.12,D
24.2538,78.18623,347.11,0.38,0.59,2026-04-10,718,N21,VIIRS,n,2.0NRT,316.1,6.25,D
24.2568,84.61198,335.57,0.48,0.4,2026-04-10,718,N21,VIIRS,l,2.0NRT,309.72,2.76,D
24.25895,84.00491,343.73,0.51,0.41,2026-04-10,718,N21,VIIRS,n,2.0NRT,313.24,5.6,D
24.26687,77.3192,343.58,0.43,0.62,2026-04-10,718,N21,VIIRS,n,2.0NRT,312.75,1.5,D
24.26984,80.48135,338.9,0.54,0.51,2026-04-10,718,N21,VIIRS,n,2.0NRT,311.13,3.12,D
24.27035,78.71655,338.98,0.35,0.57,2026-04-10,718,N21,VIIRS,n,2.0NRT,312.37,2.87,D
24.27082,77.31727,344.1,0.43,0.62,2026-04-10,718,N21,VIIRS,n,2.0NRT,314.9,4.75,D
24.27276,74.41841,331.74,0.65,0.73,2026-04-10,718,N21,VIIRS,l,2.0NRT,303.68,11.82,D
24.27276,78.71457,339.17,0.35,0.57,2026-04-10,718,N21,VIIRS,n,2.0NRT,311.84,3.62,D
24.28037,84.5973,343.8,0.48,0.4,2026-04-10,718,N21,VIIRS,n,2.0NRT,315.01,18.3,D
24.28385,73.75979,335.96,0.71,0.75,2026-04-10,718,N21,VIIRS,n,2.0NRT,303.46,3.17,D
24.29634,88.70589,345.36,0.38,0.36,2026-04-10,718,N21,VIIRS,n,2.0NRT,312.16,12.43,D
24.31614,78.98694,350.42,0.34,0.56,2026-04-10,718,N21,VIIRS,n,2.0NRT,312.48,4.93,D
24.31684,78.99017,348.37,0.34,0.56,2026-04-10,718,N21,VIIRS,n,2.0NRT,313.41,4.93,D
24.32427,86.38224,367,0.41,0.37,2026-04-10,718,N21,VIIRS,h,2.0NRT,316.07,10.76,D
24.33117,75.25695,334.82,0.58,0.69,2026-04-10,718,N21,VIIRS,n,2.0NRT,305.91,5.11,D
24.3349,75.25427,339.99,0.57,0.69,2026-04-10,718,N21,VIIRS,n,2.0NRT,305.97,5.2,D
24.33917,88.11752,346.57,0.38,0.36,2026-04-10,718,N21,VIIRS,n,2.0NRT,307.5,5.08,D
24.34501,85.75021,339.11,0.43,0.38,2026-04-10,718,N21,VIIRS,n,2.0NRT,312.61,4.09,D
24.34939,87.83022,342.91,0.39,0.36,2026-04-10,718,N21,VIIRS,n,2.0NRT,312.84,7.46,D
24.35116,87.84148,341.72,0.39,0.36,2026-04-10,718,N21,VIIRS,n,2.0NRT,311.05,6.15,D
24.35175,87.84523,343.31,0.39,0.36,2026-04-10,718,N21,VIIRS,n,2.0NRT,311.38,6.15,D
24.35199,87.86835,351.37,0.39,0.36,2026-04-10,718,N21,VIIRS,n,2.0NRT,308.21,8.02,D
24.35209,87.82584,340.1,0.39,0.36,2026-04-10,718,N21,VIIRS,l,2.0NRT,312.33,8.25,D
24.35655,87.83274,348.49,0.39,0.36,2026-04-10,718,N21,VIIRS,n,2.0NRT,312.87,6.86,D
24.35915,87.87089,337.01,0.39,0.36,2026-04-10,718,N21,VIIRS,l,2.0NRT,309.42,3.39,D
24.36218,74.68838,337.34,0.62,0.72,2026-04-10,718,N21,VIIRS,l,2.0NRT,309.02,5.49,D
24.36259,78.49465,340.47,0.36,0.57,2026-04-10,718,N21,VIIRS,n,2.0NRT,310.98,6.67,D
24.36267,87.8934,334.66,0.39,0.36,2026-04-10,718,N21,VIIRS,l,2.0NRT,308.72,6.25,D
24.36336,78.49807,367,0.36,0.57,2026-04-10,718,N21,VIIRS,h,2.0NRT,312.41,6.67,D
24.36463,87.81963,337.77,0.39,0.36,2026-04-10,718,N21,VIIRS,l,2.0NRT,312.05,3.44,D
24.36481,79.86636,342.81,0.59,0.53,2026-04-10,718,N21,VIIRS,l,2.0NRT,316.48,25.29,D
24.36522,87.82339,345.87,0.39,0.36,2026-04-10,718,N21,VIIRS,n,2.0NRT,310.85,6.28,D
24.36536,87.88904,336.11,0.39,0.36,2026-04-10,718,N21,VIIRS,l,2.0NRT,309.57,2.2,D
24.36771,87.90405,335.6,0.39,0.36,2026-04-10,718,N21,VIIRS,l,2.0NRT,307.83,4.15,D
24.36774,78.49341,336.71,0.36,0.57,2026-04-10,718,N21,VIIRS,n,2.0NRT,311.12,6.67,D
24.36852,78.49683,367,0.36,0.57,2026-04-10,718,N21,VIIRS,h,2.0NRT,314.92,6.67,D
24.36923,87.89218,341.09,0.39,0.36,2026-04-10,718,N21,VIIRS,l,2.0NRT,311.66,6.38,D
24.36982,87.89593,353.04,0.39,0.36,2026-04-10,718,N21,VIIRS,n,2.0NRT,312.88,6.38,D
24.37041,87.89968,354.32,0.39,0.36,2026-04-10,718,N21,VIIRS,n,2.0NRT,313.56,8.22,D
24.37099,87.90343,344.36,0.39,0.36,2026-04-10,718,N21,VIIRS,n,2.0NRT,309.91,8.22,D
24.37251,87.89156,342.18,0.39,0.36,2026-04-10,718,N21,VIIRS,n,2.0NRT,311.01,6.38,D
24.37333,87.91843,341.65,0.39,0.36,2026-04-10,718,N21,VIIRS,n,2.0NRT,310.26,11.16,D
24.37369,87.89907,338.78,0.39,0.36,2026-04-10,718,N21,VIIRS,n,2.0NRT,309.57,8.22,D
24.37671,87.98339,335.55,0.38,0.36,2026-04-10,718,N21,VIIRS,l,2.0NRT,307.91,6.14,D
24.3772,87.92157,338.2,0.39,0.36,2026-04-10,718,N21,VIIRS,l,2.0NRT,309.34,2.59,D
24.3799,87.91721,343.43,0.39,0.36,2026-04-10,718,N21,VIIRS,n,2.0NRT,309.07,3.15,D
24.37999,87.98278,349.66,0.38,0.36,2026-04-10,718,N21,VIIRS,n,2.0NRT,308.41,6.14,D
24.38046,87.81281,344.06,0.39,0.36,2026-04-10,718,N21,VIIRS,n,2.0NRT,311.87,4.75,D
24.38247,87.84723,342.07,0.39,0.36,2026-04-10,718,N21,VIIRS,n,2.0NRT,309.58,3.98,D
24.38259,87.91286,332.51,0.39,0.36,2026-04-10,718,N21,VIIRS,l,2.0NRT,307.42,3.15,D
24.38269,87.97842,333.52,0.38,0.36,2026-04-10,718,N21,VIIRS,l,2.0NRT,305.21,4.98,D
24.38315,87.80844,337.92,0.39,0.36,2026-04-10,718,N21,VIIRS,n,2.0NRT,311.54,2.29,D
24.38374,87.81219,348.68,0.39,0.36,2026-04-10,718,N21,VIIRS,n,2.0NRT,312.36,6.97,D
24.38639,92.64342,330.72,0.51,0.41,2026-04-10,718,N21,VIIRS,n,2.0NRT,298.25,7.83,D
24.38655,87.98157,336.41,0.38,0.36,2026-04-10,718,N21,VIIRS,n,2.0NRT,301.66,4.87,D
24.398,80.20723,343.8,0.56,0.52,2026-04-10,718,N21,VIIRS,l,2.0NRT,314.74,12.14,D
24.39981,87.93666,339.68,0.38,0.36,2026-04-10,718,N21,VIIRS,n,2.0NRT,310.43,4.38,D
24.40034,80.1953,343.35,0.56,0.52,2026-04-10,718,N21,VIIRS,l,2.0NRT,316.71,19.19,D
24.4004,87.94042,343.82,0.38,0.36,2026-04-10,718,N21,VIIRS,n,2.0NRT,311.69,6.22,D
24.40149,80.20071,350.39,0.56,0.52,2026-04-10,718,N21,VIIRS,l,2.0NRT,321.35,12.14,D
24.40264,80.20611,343.14,0.56,0.52,2026-04-10,718,N21,VIIRS,l,2.0NRT,315.19,12.14,D
24.4031,87.93606,355.35,0.38,0.36,2026-04-10,718,N21,VIIRS,n,2.0NRT,316.33,9.91,D
24.40368,87.93981,346.27,0.38,0.36,2026-04-10,718,N21,VIIRS,n,2.0NRT,313.15,4.64,D
24.40498,80.19419,344.97,0.56,0.52,2026-04-10,718,N21,VIIRS,l,2.0NRT,317.73,8.69,D
24.40613,80.19959,348.85,0.56,0.52,2026-04-10,718,N21,VIIRS,n,2.0NRT,316.84,7.89,D
24.4062,85.16171,337.04,0.45,0.39,2026-04-10,718,N21,VIIRS,n,2.0NRT,307.76,2.28,D
24.40638,87.93545,341.33,0.38,0.36,2026-04-10,718,N21,VIIRS,l,2.0NRT,313.79,9.91,D
24.40696,87.9392,337.65,0.38,0.36,2026-04-10,718,N21,VIIRS,l,2.0NRT,311.84,4.64,D
24.4097,85.16087,337.34,0.45,0.39,2026-04-10,718,N21,VIIRS,n,2.0NRT,308.73,3.93,D
24.4132,85.16007,340.7,0.45,0.39,2026-04-10,718,N21,VIIRS,n,2.0NRT,310.35,3.93,D
24.41452,80.00748,343.43,0.58,0.52,2026-04-10,718,N21,VIIRS,n,2.0NRT,316.76,5.99,D
24.41671,85.15931,338.26,0.45,0.39,2026-04-10,718,N21,VIIRS,n,2.0NRT,309.15,4.16,D
24.44143,87.77046,334.09,0.39,0.36,2026-04-10,718,N21,VIIRS,l,2.0NRT,308,1.57,D
24.44689,80.13831,346.14,0.57,0.52,2026-04-10,718,N21,VIIRS,l,2.0NRT,320.34,26.03,D
24.46674,79.0549,342.1,0.33,0.55,2026-04-10,718,N21,VIIRS,l,2.0NRT,312.93,7.98,D
24.46817,79.03775,353.14,0.33,0.55,2026-04-10,718,N21,VIIRS,n,2.0NRT,312.66,5.02,D
24.46918,78.11714,367,0.38,0.59,2026-04-10,718,N21,VIIRS,h,2.0NRT,314.98,7.07,D
24.47071,78.11846,367,0.38,0.59,2026-04-10,718,N21,VIIRS,h,2.0NRT,315.94,10.48,D
24.47117,78.9327,351.13,0.34,0.56,2026-04-10,718,N21,VIIRS,n,2.0NRT,312.5,10.57,D
24.47188,78.93591,367,0.34,0.56,2026-04-10,718,N21,VIIRS,h,2.0NRT,313.06,13.6,D
24.4724,79.05678,351.05,0.33,0.55,2026-04-10,718,N21,VIIRS,n,2.0NRT,311.75,6.96,D
24.47443,78.11582,353.11,0.38,0.59,2026-04-10,718,N21,VIIRS,n,2.0NRT,315.13,4.01,D
24.47665,79.05233,367,0.33,0.55,2026-04-10,718,N21,VIIRS,h,2.0NRT,314.22,7.66,D
24.47735,79.05549,338.25,0.33,0.55,2026-04-10,718,N21,VIIRS,n,2.0NRT,312.45,5.22,D
24.47969,78.1145,342.97,0.38,0.59,2026-04-10,718,N21,VIIRS,n,2.0NRT,312.6,4.01,D
24.4939,87.81847,337.56,0.39,0.36,2026-04-10,718,N21,VIIRS,l,2.0NRT,312.35,10.74,D
24.49448,87.82223,344.37,0.39,0.36,2026-04-10,718,N21,VIIRS,n,2.0NRT,314.64,17.55,D
24.4946,75.86771,350.12,0.52,0.67,2026-04-10,718,N21,VIIRS,n,2.0NRT,314.16,12.19,D
24.49582,75.87263,367,0.52,0.67,2026-04-10,718,N21,VIIRS,h,2.0NRT,315.56,12.19,D
24.49649,78.55225,355.11,0.36,0.57,2026-04-10,718,N21,VIIRS,n,2.0NRT,317.51,6.81,D
24.49746,78.95628,353.21,0.34,0.56,2026-04-10,718,N21,VIIRS,n,2.0NRT,314.88,5.18,D
24.49816,78.95947,347.93,0.34,0.56,2026-04-10,718,N21,VIIRS,n,2.0NRT,312.68,5.18,D
24.49914,75.86868,367,0.52,0.67,2026-04-10,718,N21,VIIRS,h,2.0NRT,317.67,23.56,D
24.50226,80.31113,339.93,0.55,0.51,2026-04-10,718,N21,VIIRS,n,2.0NRT,314.13,3.36,D
24.50535,80.30874,339.9,0.55,0.51,2026-04-10,718,N21,VIIRS,l,2.0NRT,313.3,6.48,D
24.51024,88.09722,337.94,0.38,0.36,2026-04-10,718,N21,VIIRS,n,2.0NRT,307.53,2.66,D
24.51188,85.87917,334.92,0.42,0.38,2026-04-10,718,N21,VIIRS,n,2.0NRT,308.67,3.05,D
24.52451,87.86304,367,0.39,0.36,2026-04-10,718,N21,VIIRS,h,2.0NRT,314.89,10.83,D
24.52779,87.86243,352.34,0.39,0.36,2026-04-10,718,N21,VIIRS,n,2.0NRT,313.47,6.76,D
24.52837,87.86618,343.57,0.39,0.36,2026-04-10,718,N21,VIIRS,n,2.0NRT,310.81,6.76,D
24.53699,82.3059,336.83,0.42,0.45,2026-04-10,718,N21,VIIRS,l,2.0NRT,310.8,3.36,D
24.53797,87.40684,336.1,0.39,0.36,2026-04-10,718,N21,VIIRS,n,2.0NRT,308.81,4.86,D
24.54269,85.1707,336.2,0.45,0.39,2026-04-10,718,N21,VIIRS,l,2.0NRT,309.09,1.55,D
24.5453,79.22227,367,0.32,0.55,2026-04-10,718,N21,VIIRS,h,2.0NRT,316.08,7.97,D
24.54916,85.31275,342.46,0.44,0.39,2026-04-10,718,N21,VIIRS,n,2.0NRT,310.29,3.88,D
24.55021,79.22104,346.41,0.32,0.55,2026-04-10,718,N21,VIIRS,n,2.0NRT,311.96,7.97,D
24.58163,85.72978,333.12,0.43,0.38,2026-04-10,718,N21,VIIRS,l,2.0NRT,308,1.52,D
24.58728,74.43961,334.69,0.64,0.72,2026-04-10,718,N21,VIIRS,n,2.0NRT,308.8,4.59,D
24.59218,81.84955,344.57,0.44,0.46,2026-04-10,718,N21,VIIRS,n,2.0NRT,314.31,6.92,D
24.59266,81.84972,345.32,0.44,0.46,2026-04-10,718,N21,VIIRS,n,2.0NRT,314.06,5.49,D
24.59616,78.6976,336.42,0.35,0.56,2026-04-10,718,N21,VIIRS,l,2.0NRT,309.76,2.11,D
24.60381,85.77657,333.01,0.42,0.38,2026-04-10,718,N21,VIIRS,l,2.0NRT,307.15,3.47,D
24.61334,88.05927,340.21,0.38,0.36,2026-04-10,718,N21,VIIRS,n,2.0NRT,309.22,3.48,D
24.62726,86.77723,341.78,0.4,0.37,2026-04-10,718,N21,VIIRS,n,2.0NRT,312.7,4.27,D
24.67231,73.56524,330.09,0.72,0.76,2026-04-10,718,N21,VIIRS,l,2.0NRT,304.15,7.7,D
24.67347,73.56335,330.37,0.72,0.75,2026-04-10,718,N21,VIIRS,l,2.0NRT,304.88,8.28,D
24.67627,83.74317,343.5,0.52,0.41,2026-04-10,718,N21,VIIRS,n,2.0NRT,314.54,9.05,D
24.69876,86.48573,335.55,0.4,0.37,2026-04-10,718,N21,VIIRS,n,2.0NRT,308.91,1.99,D
24.70286,78.51567,340.48,0.35,0.57,2026-04-10,718,N21,VIIRS,l,2.0NRT,313.72,6.46,D
24.70437,78.52237,348.55,0.35,0.57,2026-04-10,718,N21,VIIRS,n,2.0NRT,313.05,5.44,D
24.7072,78.51098,346.81,0.35,0.57,2026-04-10,718,N21,VIIRS,n,2.0NRT,313.61,5.17,D
24.70871,78.51771,345.52,0.35,0.57,2026-04-10,718,N21,VIIRS,n,2.0NRT,313.5,10.29,D
24.7189,78.34517,346.66,0.36,0.58,2026-04-10,718,N21,VIIRS,n,2.0NRT,313,3.96,D
24.72678,81.00852,339.67,0.49,0.49,2026-04-10,718,N21,VIIRS,n,2.0NRT,311.14,4.97,D
24.74171,83.93046,341.36,0.51,0.41,2026-04-10,718,N21,VIIRS,l,2.0NRT,311.48,6.57,D
24.74261,83.93536,352.94,0.51,0.41,2026-04-10,718,N21,VIIRS,n,2.0NRT,314.65,11.76,D
24.75933,87.7534,336.05,0.39,0.36,2026-04-10,718,N21,VIIRS,l,2.0NRT,308.55,5.68,D
24.77449,87.7583,338.46,0.39,0.36,2026-04-10,718,N21,VIIRS,l,2.0NRT,311.97,4.01,D
24.78028,73.16629,333.18,0.76,0.77,2026-04-10,718,N21,VIIRS,n,2.0NRT,305.26,6.61,D
24.78788,77.32272,354.88,0.42,0.61,2026-04-10,718,N21,VIIRS,n,2.0NRT,311.48,4.98,D
24.79428,85.44415,334.25,0.43,0.38,2026-04-10,718,N21,VIIRS,l,2.0NRT,306.32,0.8,D
24.80075,78.81141,336.09,0.34,0.56,2026-04-10,718,N21,VIIRS,l,2.0NRT,310.11,2.09,D
24.80401,83.29639,336.71,0.55,0.42,2026-04-10,718,N21,VIIRS,l,2.0NRT,310.82,4.45,D
24.80817,87.8875,343.8,0.38,0.36,2026-04-10,718,N21,VIIRS,n,2.0NRT,310.06,5.8,D
24.80819,84.17107,341.28,0.49,0.4,2026-04-10,718,N21,VIIRS,n,2.0NRT,309.38,14.11,D
24.81185,84.17027,345.53,0.49,0.4,2026-04-10,718,N21,VIIRS,n,2.0NRT,315.58,14.9,D
24.81236,87.76283,346.98,0.39,0.36,2026-04-10,718,N21,VIIRS,n,2.0NRT,311.81,7.95,D
24.8127,84.17506,336.94,0.49,0.4,2026-04-10,718,N21,VIIRS,l,2.0NRT,311.93,14.9,D
24.81354,87.77036,345.56,0.39,0.36,2026-04-10,718,N21,VIIRS,n,2.0NRT,310.98,3.23,D
24.8163,87.40051,341.28,0.39,0.36,2026-04-10,718,N21,VIIRS,n,2.0NRT,306.36,3.53,D
24.81682,87.76974,335.16,0.39,0.36,2026-04-10,718,N21,VIIRS,l,2.0NRT,307.6,3.23,D
24.81815,87.36552,335.45,0.39,0.36,2026-04-10,718,N21,VIIRS,l,2.0NRT,309.5,2.95,D
24.82083,87.36108,335.08,0.39,0.36,2026-04-10,718,N21,VIIRS,l,2.0NRT,308.13,3.31,D
24.82117,87.81927,340.85,0.38,0.36,2026-04-10,718,N21,VIIRS,n,2.0NRT,309.27,3.9,D
24.82626,85.3906,340.33,0.44,0.38,2026-04-10,718,N21,VIIRS,n,2.0NRT,312.64,3.4,D
24.83216,79.60004,341.46,0.6,0.53,2026-04-10,718,N21,VIIRS,n,2.0NRT,310.84,11.51,D
24.83725,76.67269,344.06,0.46,0.63,2026-04-10,718,N21,VIIRS,l,2.0NRT,316.27,7.85,D
24.83762,77.58698,351.12,0.4,0.6,2026-04-10,718,N21,VIIRS,n,2.0NRT,312.66,4.31,D
24.83915,85.53952,336.91,0.43,0.38,2026-04-10,718,N21,VIIRS,n,2.0NRT,310.53,7.8,D
24.84401,77.06605,350.96,0.43,0.62,2026-04-10,718,N21,VIIRS,n,2.0NRT,312.57,9.77,D
24.86321,83.48492,337.16,0.53,0.42,2026-04-10,718,N21,VIIRS,n,2.0NRT,309.79,2.07,D
24.87165,78.24062,367,0.36,0.58,2026-04-10,718,N21,VIIRS,h,2.0NRT,314.48,7.92,D
24.8761,87.8903,338.4,0.38,0.36,2026-04-10,718,N21,VIIRS,n,2.0NRT,303.45,4.12,D
24.87938,87.88968,330.15,0.38,0.36,2026-04-10,718,N21,VIIRS,l,2.0NRT,304.83,13.43,D
24.87997,87.89344,332.59,0.38,0.36,2026-04-10,718,N21,VIIRS,l,2.0NRT,305.03,13.43,D
24.88293,87.80384,332.21,0.38,0.36,2026-04-10,718,N21,VIIRS,l,2.0NRT,306.42,2.79,D
24.88325,87.89283,348.85,0.38,0.36,2026-04-10,718,N21,VIIRS,n,2.0NRT,314.37,13.43,D
24.88532,82.25096,342.11,0.41,0.45,2026-04-10,718,N21,VIIRS,n,2.0NRT,312.04,4.79,D
24.88787,77.82968,348.76,0.39,0.59,2026-04-10,718,N21,VIIRS,n,2.0NRT,314.96,6.47,D
24.88925,80.40432,339,0.53,0.5,2026-04-10,718,N21,VIIRS,l,2.0NRT,309.04,9.13,D
24.8919,84.80961,345.65,0.46,0.39,2026-04-10,718,N21,VIIRS,l,2.0NRT,314.11,9.96,D
24.89315,77.82828,348.34,0.39,0.59,2026-04-10,718,N21,VIIRS,n,2.0NRT,314.6,5.62,D
24.89484,80.40824,337.75,0.53,0.5,2026-04-10,718,N21,VIIRS,l,2.0NRT,312.4,9.13,D
24.91625,85.55959,340.45,0.43,0.38,2026-04-10,718,N21,VIIRS,n,2.0NRT,310.15,3.69,D
24.9167,77.10696,346.74,0.43,0.62,2026-04-10,718,N21,VIIRS,n,2.0NRT,312.7,17.22,D
24.91767,77.11106,367,0.43,0.62,2026-04-10,718,N21,VIIRS,h,2.0NRT,317.45,34.01,D
24.93356,78.12603,349.51,0.37,0.58,2026-04-10,718,N21,VIIRS,n,2.0NRT,312.62,5.63,D
24.94348,83.75056,341.91,0.51,0.41,2026-04-10,718,N21,VIIRS,n,2.0NRT,312.43,8.65,D
24.94529,87.85076,337.03,0.38,0.36,2026-04-10,718,N21,VIIRS,n,2.0NRT,309.84,2.48,D
24.94904,77.21925,367,0.42,0.61,2026-04-10,718,N21,VIIRS,h,2.0NRT,313.45,8.45,D
24.94998,77.22322,353.11,0.42,0.61,2026-04-10,718,N21,VIIRS,n,2.0NRT,310.83,12.02,D
24.95406,87.90723,349.02,0.38,0.36,2026-04-10,718,N21,VIIRS,n,2.0NRT,313.91,20.21,D
24.95451,77.21776,339.73,0.42,0.61,2026-04-10,718,N21,VIIRS,n,2.0NRT,314.01,8.45,D
24.95809,77.20824,341.42,0.42,0.61,2026-04-10,718,N21,VIIRS,l,2.0NRT,311.92,5.94,D
24.95997,77.21627,342.59,0.42,0.61,2026-04-10,718,N21,VIIRS,l,2.0NRT,313.36,8.81,D
24.9664,86.04198,331.3,0.41,0.37,2026-04-10,718,N21,VIIRS,l,2.0NRT,305.63,0.84,D
24.98213,77.6376,301.3,0.4,0.6,2026-04-10,718,N21,VIIRS,l,2.0NRT,316.88,23.99,D
24.983,77.6414,367,0.4,0.6,2026-04-10,718,N21,VIIRS,h,2.0NRT,320.79,23.99,D
24.98747,77.63619,336.55,0.4,0.6,2026-04-10,718,N21,VIIRS,n,2.0NRT,311.52,23.99,D
24.98834,77.64,338.41,0.4,0.6,2026-04-10,718,N21,VIIRS,n,2.0NRT,313.2,23.99,D
24.99134,87.79951,344.23,0.38,0.36,2026-04-10,718,N21,VIIRS,n,2.0NRT,306.48,1.81,D
24.99202,81.60771,345.43,0.45,0.47,2026-04-10,718,N21,VIIRS,n,2.0NRT,310.92,7.22,D
24.99225,81.60696,344.48,0.45,0.47,2026-04-10,718,N21,VIIRS,n,2.0NRT,312.15,7.01,D
24.99327,83.53177,334.37,0.53,0.42,2026-04-10,718,N21,VIIRS,l,2.0NRT,308.57,2.88,D
24.997,77.07999,353.34,0.43,0.62,2026-04-10,718,N21,VIIRS,n,2.0NRT,314.74,17.56,D
24.99785,84.97668,339.36,0.45,0.39,2026-04-10,718,N21,VIIRS,n,2.0NRT,307.22,2.86,D
24.99797,77.08406,367,0.43,0.62,2026-04-10,718,N21,VIIRS,h,2.0NRT,316.82,17.56,D
24.99836,77.08064,351.02,0.43,0.62,2026-04-10,718,N21,VIIRS,n,2.0NRT,317.73,22.45,D
24.99894,77.08813,351.38,0.43,0.62,2026-04-10,718,N21,VIIRS,n,2.0NRT,312.17,10.07,D
24.9993,77.08472,367,0.43,0.62,2026-04-10,718,N21,VIIRS,h,2.0NRT,316.2,22.45,D
25.00136,84.97594,337.74,0.45,0.39,2026-04-10,718,N21,VIIRS,n,2.0NRT,308.65,2.86,D
25.00609,87.86636,330.04,0.38,0.36,2026-04-10,718,N21,VIIRS,l,2.0NRT,304.6,2.46,D
25.00645,85.57177,337.05,0.43,0.38,2026-04-10,718,N21,VIIRS,l,2.0NRT,309.3,3.19,D
25.01652,87.86828,346.06,0.38,0.36,2026-04-10,718,N21,VIIRS,n,2.0NRT,309.13,11.26,D
25.03118,87.37937,336.25,0.39,0.36,2026-04-10,718,N21,VIIRS,l,2.0NRT,310.46,5.41,D
25.03327,87.37115,345.31,0.39,0.36,2026-04-10,718,N21,VIIRS,n,2.0NRT,314.41,6.48,D
25.03387,87.37495,348.19,0.39,0.36,2026-04-10,718,N21,VIIRS,n,2.0NRT,314.1,6.48,D
25.03905,87.38157,336.88,0.39,0.36,2026-04-10,718,N21,VIIRS,n,2.0NRT,308.59,3.64,D
25.04441,85.7526,343.8,0.42,0.38,2026-04-10,718,N21,VIIRS,l,2.0NRT,310.07,8.18,D
25.04511,85.75671,338.54,0.42,0.38,2026-04-10,718,N21,VIIRS,l,2.0NRT,311.58,3.57,D
25.05743,81.71423,342.31,0.44,0.46,2026-04-10,718,N21,VIIRS,n,2.0NRT,313.14,12.78,D
25.05888,85.30428,343.52,0.44,0.38,2026-04-10,718,N21,VIIRS,n,2.0NRT,312.02,6.07,D
25.07178,86.29822,346.79,0.41,0.37,2026-04-10,718,N21,VIIRS,n,2.0NRT,307.94,6.01,D
25.07244,86.30221,334.33,0.41,0.37,2026-04-10,718,N21,VIIRS,l,2.0NRT,307.02,3.86,D
25.09192,79.41594,334.9,0.61,0.53,2026-04-10,718,N21,VIIRS,n,2.0NRT,309.78,3.78,D
25.11957,86.40736,332.4,0.4,0.37,2026-04-10,718,N21,VIIRS,n,2.0NRT,305.87,2.1,D
25.12715,84.11798,346.4,0.49,0.4,2026-04-10,718,N21,VIIRS,n,2.0NRT,315.02,13.22,D
25.12909,84.10764,337.49,0.49,0.4,2026-04-10,718,N21,VIIRS,n,2.0NRT,310.99,5.99,D
25.13002,77.8525,345.43,0.38,0.59,2026-04-10,718,N21,VIIRS,n,2.0NRT,312.48,4.91,D
25.13274,84.10684,339.43,0.49,0.4,2026-04-10,718,N21,VIIRS,n,2.0NRT,313.62,5.99,D
25.14011,87.85268,335.44,0.38,0.36,2026-04-10,718,N21,VIIRS,n,2.0NRT,309,2.84,D
25.17099,87.66062,342.55,0.39,0.36,2026-04-10,718,N21,VIIRS,n,2.0NRT,311.25,5.13,D
25.17224,86.28649,335.72,0.41,0.37,2026-04-10,718,N21,VIIRS,l,2.0NRT,306.34,3.75,D
25.17695,84.03899,354.78,0.49,0.41,2026-04-10,718,N21,VIIRS,n,2.0NRT,315.61,20.73,D
25.17782,84.04379,351.49,0.49,0.4,2026-04-10,718,N21,VIIRS,n,2.0NRT,313.81,20.73,D
25.18061,84.03819,367,0.49,0.41,2026-04-10,718,N21,VIIRS,h,2.0NRT,314.88,15.6,D
25.18148,84.04299,367,0.49,0.4,2026-04-10,718,N21,VIIRS,h,2.0NRT,314.09,15.6,D
25.18445,87.63861,339.36,0.39,0.36,2026-04-10,718,N21,VIIRS,n,2.0NRT,307.88,3.69,D
25.18504,87.6424,334.99,0.39,0.36,2026-04-10,718,N21,VIIRS,n,2.0NRT,308.09,3.69,D
25.18706,84.03179,342.08,0.49,0.41,2026-04-10,718,N21,VIIRS,l,2.0NRT,313.09,15.34,D
25.18706,87.67702,334.57,0.39,0.36,2026-04-10,718,N21,VIIRS,n,2.0NRT,306.28,1.38,D
25.19493,87.65659,339.71,0.39,0.36,2026-04-10,718,N21,VIIRS,n,2.0NRT,309.83,4.93,D
25.20107,83.44824,367,0.53,0.42,2026-04-10,718,N21,VIIRS,h,2.0NRT,313.49,14.81,D
25.20202,83.45337,339.93,0.53,0.42,2026-04-10,718,N21,VIIRS,n,2.0NRT,310.49,14.81,D
25.2039,83.44226,336.27,0.53,0.42,2026-04-10,718,N21,VIIRS,n,2.0NRT,310.42,3.6,D
25.20485,83.4474,367,0.53,0.42,2026-04-10,718,N21,VIIRS,h,2.0NRT,314.7,18.11,D
25.20751,83.81786,344.82,0.5,0.41,2026-04-10,718,N21,VIIRS,n,2.0NRT,312.73,10.39,D
25.2103,83.81214,336.07,0.51,0.41,2026-04-10,718,N21,VIIRS,l,2.0NRT,309.73,5.26,D
25.21121,83.81705,342.71,0.5,0.41,2026-04-10,718,N21,VIIRS,n,2.0NRT,310.84,5.26,D
25.21941,84.16851,348.85,0.49,0.4,2026-04-10,718,N21,VIIRS,n,2.0NRT,314.2,18.07,D
25.22305,84.16772,352.23,0.49,0.4,2026-04-10,718,N21,VIIRS,n,2.0NRT,317.18,18.07,D
25.2239,84.17245,346.54,0.49,0.4,2026-04-10,718,N21,VIIRS,l,2.0NRT,317.15,18.07,D
25.25211,83.95521,351.84,0.5,0.41,2026-04-10,718,N21,VIIRS,n,2.0NRT,312.4,9.94,D
25.25489,83.94957,346.45,0.5,0.41,2026-04-10,718,N21,VIIRS,l,2.0NRT,318.07,25.71,D
25.25578,83.95441,350.69,0.5,0.41,2026-04-10,718,N21,VIIRS,n,2.0NRT,313.74,9.94,D
25.25857,83.94876,350.85,0.5,0.41,2026-04-10,718,N21,VIIRS,n,2.0NRT,314.03,15.95,D
25.2595,88.25675,332.62,0.38,0.36,2026-04-10,718,N21,VIIRS,n,2.0NRT,307.25,2.26,D
25.28823,92.79897,338.49,0.53,0.42,2026-04-10,718,N21,VIIRS,n,2.0NRT,296.9,9.38,D
25.29091,88.66676,335.46,0.39,0.36,2026-04-10,718,N21,VIIRS,l,2.0NRT,307.69,4.37,D
25.29694,88.37012,335.32,0.38,0.36,2026-04-10,718,N21,VIIRS,n,2.0NRT,308.41,6.53,D
25.3039,84.19691,341.82,0.48,0.4,2026-04-10,718,N21,VIIRS,l,2.0NRT,316.12,10.74,D
25.31605,88.2895,340.65,0.38,0.36,2026-04-10,718,N21,VIIRS,n,2.0NRT,309.29,3.1,D
25.34344,88.29221,340.36,0.38,0.36,2026-04-10,718,N21,VIIRS,n,2.0NRT,310.64,5.89,D
25.355,88.30173,335.5,0.38,0.36,2026-04-10,718,N21,VIIRS,n,2.0NRT,309.09,3.7,D
25.35557,88.30551,367,0.38,0.36,2026-04-10,718,N21,VIIRS,h,2.0NRT,313.14,8.62,D
25.35614,88.30929,347.12,0.38,0.36,2026-04-10,718,N21,VIIRS,n,2.0NRT,311.76,8.62,D
25.35813,88.68246,342.45,0.39,0.36,2026-04-10,718,N21,VIIRS,n,2.0NRT,306.48,6.88,D
25.35942,88.30869,340.74,0.38,0.36,2026-04-10,718,N21,VIIRS,n,2.0NRT,309.01,4.46,D
25.35999,88.31246,343.05,0.38,0.36,2026-04-10,718,N21,VIIRS,n,2.0NRT,305.65,5.24,D
25.36086,88.67808,336.08,0.39,0.36,2026-04-10,718,N21,VIIRS,l,2.0NRT,306.83,4.44,D
25.36143,88.68187,337.6,0.39,0.36,2026-04-10,718,N21,VIIRS,n,2.0NRT,306.03,4.44,D
25.36985,76.67352,341.19,0.44,0.63,2026-04-10,718,N21,VIIRS,n,2.0NRT,309.78,4.86,D
25.3742,88.22833,334.14,0.38,0.36,2026-04-10,718,N21,VIIRS,l,2.0NRT,304.39,4.63,D
25.37748,88.22772,345.33,0.38,0.36,2026-04-10,718,N21,VIIRS,n,2.0NRT,310.38,4.63,D
25.37805,88.23151,343.33,0.38,0.36,2026-04-10,718,N21,VIIRS,n,2.0NRT,310.54,7.87,D
25.37936,76.97911,367,0.43,0.62,2026-04-10,718,N21,VIIRS,h,2.0NRT,312.47,13.18,D
25.38076,88.22713,367,0.38,0.36,2026-04-10,718,N21,VIIRS,h,2.0NRT,312.95,15.46,D
25.38104,76.67049,334.53,0.44,0.63,2026-04-10,718,N21,VIIRS,l,2.0NRT,309.09,4.61,D
25.38133,88.2309,367,0.38,0.36,2026-04-10,718,N21,VIIRS,h,2.0NRT,310.91,13.61,D
25.38206,76.67477,336.44,0.44,0.63,2026-04-10,718,N21,VIIRS,l,2.0NRT,308.66,4.61,D
25.38425,88.63091,333.69,0.39,0.36,2026-04-10,718,N21,VIIRS,n,2.0NRT,304.52,2.71,D
25.3957,84.9779,347.19,0.45,0.39,2026-04-10,718,N21,VIIRS,n,2.0NRT,313.6,11.55,D
25.41589,88.59396,336.18,0.39,0.36,2026-04-10,718,N21,VIIRS,l,2.0NRT,309.01,4.73,D
25.42832,77.0407,340.23,0.42,0.61,2026-04-10,718,N21,VIIRS,n,2.0NRT,310.11,3.18,D
25.42849,77.03985,346.25,0.42,0.61,2026-04-10,718,N21,VIIRS,n,2.0NRT,310.88,6.17,D
25.43303,88.61816,345.96,0.39,0.36,2026-04-10,718,N21,VIIRS,n,2.0NRT,307.87,3.86,D
25.45469,77.02922,335.75,0.42,0.61,2026-04-10,718,N21,VIIRS,l,2.0NRT,308.86,2.13,D
25.4961,79.73125,341.71,0.57,0.52,2026-04-10,718,N21,VIIRS,n,2.0NRT,310.33,12.59,D
25.49727,78.50518,338.51,0.34,0.56,2026-04-10,718,N21,VIIRS,l,2.0NRT,311.01,5.63,D
25.51154,76.7564,367,0.44,0.62,2026-04-10,718,N21,VIIRS,h,2.0NRT,316.02,12.46,D
25.51594,78.51756,367,0.34,0.56,2026-04-10,718,N21,VIIRS,h,2.0NRT,314.3,19.12,D
25.51682,78.59292,340.09,0.34,0.56,2026-04-10,718,N21,VIIRS,n,2.0NRT,308.38,2.7,D
25.51708,76.75482,342.15,0.44,0.62,2026-04-10,718,N21,VIIRS,n,2.0NRT,310.97,12.46,D
25.53284,90.43298,330.26,0.42,0.38,2026-04-10,718,N21,VIIRS,n,2.0NRT,293.92,6.81,D
25.54372,88.39916,337.27,0.39,0.36,2026-04-10,718,N21,VIIRS,n,2.0NRT,308.4,2.35,D
25.54656,88.41811,336.32,0.39,0.36,2026-04-10,718,N21,VIIRS,n,2.0NRT,307.53,9.45,D
25.54713,88.42191,367,0.39,0.36,2026-04-10,718,N21,VIIRS,h,2.0NRT,312.19,9.45,D
25.5477,88.4257,336.17,0.39,0.36,2026-04-10,718,N21,VIIRS,n,2.0NRT,307.77,4.11,D
25.54928,88.41372,350.63,0.39,0.36,2026-04-10,718,N21,VIIRS,n,2.0NRT,309.09,8.44,D
25.54985,88.41751,351.83,0.39,0.36,2026-04-10,718,N21,VIIRS,n,2.0NRT,311.94,9.45,D
25.55199,88.40932,355.16,0.39,0.36,2026-04-10,718,N21,VIIRS,n,2.0NRT,311.48,6.16,D
25.55313,88.41691,350.03,0.39,0.36,2026-04-10,718,N21,VIIRS,n,2.0NRT,311.25,6.87,D
25.5537,88.4207,338.82,0.39,0.36,2026-04-10,718,N21,VIIRS,l,2.0NRT,313.19,6.87,D
25.55528,88.40872,338.86,0.39,0.36,2026-04-10,718,N21,VIIRS,l,2.0NRT,310.92,6.16,D
25.57897,88.43166,332.46,0.39,0.36,2026-04-10,718,N21,VIIRS,l,2.0NRT,306.69,1.56,D
25.60007,76.73945,341.89,0.44,0.62,2026-04-10,718,N21,VIIRS,n,2.0NRT,310.48,3.98,D
25.6167,76.78426,338.28,0.43,0.62,2026-04-10,718,N21,VIIRS,n,2.0NRT,310.99,4.17,D
25.65569,78.79253,347.84,0.32,0.55,2026-04-10,718,N21,VIIRS,n,2.0NRT,308.84,5.32,D
25.71502,79.61244,336.55,0.58,0.52,2026-04-10,718,N21,VIIRS,l,2.0NRT,308.31,3.77,D
25.87909,92.02512,334.09,0.5,0.41,2026-04-10,718,N21,VIIRS,n,2.0NRT,296.5,3.44,D
25.89605,80.1428,338.38,0.53,0.5,2026-04-10,718,N21,VIIRS,n,2.0NRT,309.12,5.4,D
25.89715,80.14793,336.61,0.53,0.5,2026-04-10,718,N21,VIIRS,l,2.0NRT,310.44,5.4,D
25.8993,80.14009,337.1,0.53,0.5,2026-04-10,718,N21,VIIRS,l,2.0NRT,307.9,5.8,D
25.90036,80.14523,343.81,0.53,0.5,2026-04-10,718,N21,VIIRS,n,2.0NRT,309.9,5.8,D
25.90056,80.14168,343.01,0.53,0.5,2026-04-10,718,N21,VIIRS,n,2.0NRT,308.45,5.4,D
25.93975,76.8502,337.28,0.42,0.61,2026-04-10,718,N21,VIIRS,l,2.0NRT,308.73,3.7,D
25.94041,76.85053,336.29,0.42,0.61,2026-04-10,718,N21,VIIRS,l,2.0NRT,308.78,3.56,D
25.95544,79.63799,337.45,0.57,0.52,2026-04-10,718,N21,VIIRS,n,2.0NRT,307.94,4.38,D
25.99851,82.17514,342.36,0.4,0.44,2026-04-10,718,N21,VIIRS,n,2.0NRT,307.99,4.9,D
26.00173,82.1703,367,0.4,0.44,2026-04-10,718,N21,VIIRS,h,2.0NRT,316.77,30.43,D
26.0025,82.1742,349.83,0.4,0.44,2026-04-10,718,N21,VIIRS,n,2.0NRT,317.57,30.43,D
26.00418,82.16156,339.02,0.4,0.44,2026-04-10,718,N21,VIIRS,l,2.0NRT,309.34,10.76,D
26.00495,82.16546,354.28,0.4,0.44,2026-04-10,718,N21,VIIRS,n,2.0NRT,312.08,10.76,D
26.00572,82.16936,353.26,0.4,0.44,2026-04-10,718,N21,VIIRS,n,2.0NRT,313.97,30.43,D
26.00817,82.16063,352.85,0.4,0.44,2026-04-10,718,N21,VIIRS,n,2.0NRT,313.23,13.6,D
26.0114,82.15578,349.3,0.4,0.44,2026-04-10,718,N21,VIIRS,n,2.0NRT,312.36,7.89,D
26.04266,79.77969,332.81,0.55,0.51,2026-04-10,718,N21,VIIRS,n,2.0NRT,306.3,3.74,D
26.04432,79.78134,336.15,0.55,0.51,2026-04-10,718,N21,VIIRS,n,2.0NRT,306.89,4.47,D
26.28764,92.87427,344.21,0.55,0.43,2026-04-10,718,N21,VIIRS,n,2.0NRT,299.03,18.74,D
26.30013,93.0482,334.59,0.57,0.43,2026-04-10,718,N21,VIIRS,n,2.0NRT,294.02,16.22,D
26.30081,93.05402,367,0.57,0.43,2026-04-10,718,N21,VIIRS,h,2.0NRT,294.24,16.22,D
26.30409,93.04783,333.53,0.57,0.43,2026-04-10,718,N21,VIIRS,n,2.0NRT,291.42,16.22,D
26.32506,93.19299,353.97,0.38,0.44,2026-04-10,718,N21,VIIRS,n,2.0NRT,295.42,12.9,D
26.32905,93.19247,334.98,0.38,0.44,2026-04-10,718,N21,VIIRS,n,2.0NRT,291.65,12.9,D
26.33675,83.93002,336.93,0.48,0.4,2026-04-10,718,N21,VIIRS,l,2.0NRT,310.78,5.22,D
26.34606,83.77423,340.1,0.49,0.4,2026-04-10,718,N21,VIIRS,n,2.0NRT,312.31,4.87,D
26.34727,83.96694,345.93,0.48,0.4,2026-04-10,718,N21,VIIRS,n,2.0NRT,314.19,34.53,D
26.35429,83.63127,340.74,0.5,0.41,2026-04-10,718,N21,VIIRS,n,2.0NRT,310.47,7.44,D
26.35518,83.63615,347.44,0.5,0.41,2026-04-10,718,N21,VIIRS,n,2.0NRT,310.83,7.44,D
26.35707,83.62556,348.27,0.5,0.41,2026-04-10,718,N21,VIIRS,n,2.0NRT,311.45,13.73,D
26.35907,83.62183,340.94,0.5,0.41,2026-04-10,718,N21,VIIRS,n,2.0NRT,310.12,8,D
26.37756,83.51548,340.07,0.5,0.41,2026-04-10,718,N21,VIIRS,n,2.0NRT,309.1,6.84,D
26.38035,83.48911,341.1,0.5,0.41,2026-04-10,718,N21,VIIRS,n,2.0NRT,310.07,17.84,D
26.38127,83.49406,339.57,0.5,0.41,2026-04-10,718,N21,VIIRS,n,2.0NRT,308.96,5.18,D
26.38219,83.49901,336.94,0.5,0.41,2026-04-10,718,N21,VIIRS,l,2.0NRT,311.54,5.18,D
26.38313,83.48333,348.69,0.5,0.41,2026-04-10,718,N21,VIIRS,n,2.0NRT,313.35,17.84,D
26.38402,83.50888,345.99,0.5,0.41,2026-04-10,718,N21,VIIRS,n,2.0NRT,310.83,8.89,D
26.3859,83.47754,338.22,0.5,0.41,2026-04-10,718,N21,VIIRS,l,2.0NRT,311.15,4.81,D
26.38866,83.49239,350.12,0.5,0.41,2026-04-10,718,N21,VIIRS,n,2.0NRT,311.15,9.78,D
26.39052,83.48167,341.48,0.5,0.41,2026-04-10,718,N21,VIIRS,l,2.0NRT,312.03,8.04,D
26.41862,80.35245,331.73,0.5,0.49,2026-04-10,718,N21,VIIRS,n,2.0NRT,302.4,2.65,D
26.45192,84.06208,337.2,0.47,0.4,2026-04-10,718,N21,VIIRS,l,2.0NRT,310.01,5.2,D
26.46616,87.24253,334.92,0.39,0.36,2026-04-10,718,N21,VIIRS,n,2.0NRT,302.67,3.18,D
26.47686,83.54224,349.47,0.5,0.41,2026-04-10,718,N21,VIIRS,n,2.0NRT,313.98,10.76,D
26.49928,88.42107,333.06,0.39,0.36,2026-04-10,718,N21,VIIRS,n,2.0NRT,300.72,3.3,D
26.53374,84.49354,345.76,0.45,0.39,2026-04-10,718,N21,VIIRS,n,2.0NRT,309.25,10.84,D
26.53454,84.49799,338.63,0.45,0.39,2026-04-10,718,N21,VIIRS,n,2.0NRT,309.1,10.84,D
26.53727,84.49277,349.63,0.45,0.39,2026-04-10,718,N21,VIIRS,n,2.0NRT,310.41,10.84,D
26.54406,78.77964,340.97,0.62,0.54,2026-04-10,718,N21,VIIRS,n,2.0NRT,307.32,4.98,D
26.58081,83.40754,347.3,0.5,0.41,2026-04-10,718,N21,VIIRS,n,2.0NRT,310.69,13.89,D
26.58266,83.39674,352.84,0.51,0.41,2026-04-10,718,N21,VIIRS,n,2.0NRT,312.27,8.61,D
26.58358,83.40173,353.75,0.51,0.41,2026-04-10,718,N21,VIIRS,n,2.0NRT,311.12,12.44,D
26.58451,83.38596,355,0.51,0.41,2026-04-10,718,N21,VIIRS,n,2.0NRT,312.6,16,D
26.58543,83.39094,345.1,0.51,0.41,2026-04-10,718,N21,VIIRS,n,2.0NRT,310.36,8.61,D
26.60115,83.41331,335.15,0.5,0.41,2026-04-10,718,N21,VIIRS,l,2.0NRT,310.03,12.44,D
26.75037,83.26459,342.91,0.51,0.41,2026-04-10,718,N21,VIIRS,n,2.0NRT,313.92,12.4,D
26.75226,83.27462,341.66,0.51,0.41,2026-04-10,718,N21,VIIRS,n,2.0NRT,310.48,4.28,D
26.75773,83.24192,351.9,0.51,0.41,2026-04-10,718,N21,VIIRS,n,2.0NRT,313.96,5.09,D
26.75868,83.24696,334.59,0.51,0.41,2026-04-10,718,N21,VIIRS,l,2.0NRT,307.42,5.09,D
26.76429,83.25619,339.51,0.51,0.41,2026-04-10,718,N21,VIIRS,l,2.0NRT,312.5,7.04,D
26.78739,78.6181,335.5,0.63,0.54,2026-04-10,718,N21,VIIRS,n,2.0NRT,308.28,8.57,D
26.78878,78.62424,340.2,0.63,0.54,2026-04-10,718,N21,VIIRS,n,2.0NRT,304.91,6.42,D
26.79064,78.61993,346.65,0.63,0.54,2026-04-10,718,N21,VIIRS,n,2.0NRT,308.29,16.27,D
26.84321,78.28555,335.4,0.33,0.55,2026-04-10,718,N21,VIIRS,l,2.0NRT,305.47,2.28,D
26.85627,83.32628,337.94,0.5,0.41,2026-04-10,718,N21,VIIRS,n,2.0NRT,309.34,4.05,D
26.89406,85.38203,335.47,0.42,0.37,2026-04-10,718,N21,VIIRS,n,2.0NRT,307.79,3.04,D
26.89488,82.90827,343.97,0.53,0.42,2026-04-10,718,N21,VIIRS,n,2.0NRT,313.52,14.35,D
26.8965,82.87759,334.81,0.53,0.42,2026-04-10,718,N21,VIIRS,l,2.0NRT,308.53,5.14,D
26.8975,82.88283,336.19,0.53,0.42,2026-04-10,718,N21,VIIRS,l,2.0NRT,310.64,6.45,D
26.90269,82.97156,337.08,0.53,0.42,2026-04-10,718,N21,VIIRS,n,2.0NRT,310.16,3.42,D
26.90311,82.9738,334.93,0.52,0.42,2026-04-10,718,N21,VIIRS,l,2.0NRT,309.44,3.13,D
26.92495,82.88194,336.85,0.53,0.42,2026-04-10,718,N21,VIIRS,l,2.0NRT,311.2,10.04,D
26.92872,82.88107,341.62,0.53,0.42,2026-04-10,718,N21,VIIRS,n,2.0NRT,315.62,10.04,D
26.93957,85.39855,333.28,0.42,0.37,2026-04-10,718,N21,VIIRS,l,2.0NRT,307.11,3.97,D
26.9681,82.178,346.79,0.38,0.43,2026-04-10,718,N21,VIIRS,n,2.0NRT,305.18,5.56,D
26.96876,82.17764,344.98,0.38,0.44,2026-04-10,718,N21,VIIRS,n,2.0NRT,305.1,6.22,D
26.97663,85.08018,345.9,0.43,0.38,2026-04-10,718,N21,VIIRS,l,2.0NRT,308.36,5.91,D
26.97736,85.0844,342.24,0.43,0.38,2026-04-10,718,N21,VIIRS,l,2.0NRT,309.29,3.87,D
26.9855,82.88969,346.96,0.53,0.42,2026-04-10,718,N21,VIIRS,n,2.0NRT,312.01,16.05,D
26.98647,82.89491,367,0.53,0.42,2026-04-10,718,N21,VIIRS,h,2.0NRT,314.95,18.93,D
26.98721,82.88087,338.83,0.53,0.42,2026-04-10,718,N21,VIIRS,l,2.0NRT,313.42,6.24,D
26.98733,82.87836,339.86,0.53,0.42,2026-04-10,718,N21,VIIRS,l,2.0NRT,311.66,7.11,D
26.98745,82.90012,355.61,0.53,0.42,2026-04-10,718,N21,VIIRS,n,2.0NRT,312.58,18.93,D
26.98922,82.89129,349.96,0.53,0.42,2026-04-10,718,N21,VIIRS,n,2.0NRT,311.97,47.48,D
26.99022,82.8965,343.26,0.53,0.42,2026-04-10,718,N21,VIIRS,n,2.0NRT,311.82,15.89,D
26.99025,82.89403,351.23,0.53,0.42,2026-04-10,718,N21,VIIRS,n,2.0NRT,316.14,42.07,D
26.99099,82.88,341.37,0.53,0.42,2026-04-10,718,N21,VIIRS,l,2.0NRT,312.57,6.24,D
26.99199,82.88522,353.27,0.53,0.42,2026-04-10,718,N21,VIIRS,n,2.0NRT,316.3,47.48,D
26.99208,82.88271,350.24,0.53,0.42,2026-04-10,718,N21,VIIRS,n,2.0NRT,313.97,87.73,D
26.99299,82.89043,367,0.53,0.42,2026-04-10,718,N21,VIIRS,l,2.0NRT,328.24,47.48,D
26.99399,82.89563,342.08,0.53,0.42,2026-04-10,718,N21,VIIRS,n,2.0NRT,310.37,15.89,D
26.99402,82.89316,349.48,0.53,0.42,2026-04-10,718,N21,VIIRS,n,2.0NRT,318.25,42.07,D
26.99573,85.06738,341.16,0.43,0.38,2026-04-10,718,N21,VIIRS,l,2.0NRT,311.66,9.28,D
27.00323,83.09,345.34,0.52,0.41,2026-04-10,718,N21,VIIRS,n,2.0NRT,314.57,10.1,D
27.00602,83.08403,349.75,0.52,0.41,2026-04-10,718,N21,VIIRS,n,2.0NRT,312.93,10.1,D
27.00697,83.08913,339.14,0.52,0.41,2026-04-10,718,N21,VIIRS,l,2.0NRT,310.85,10.1,D
27.01079,83.13064,343.13,0.51,0.41,2026-04-10,718,N21,VIIRS,n,2.0NRT,313.59,16.58,D
27.01451,83.12978,347.76,0.51,0.41,2026-04-10,718,N21,VIIRS,n,2.0NRT,312.16,16.58,D
27.02731,85.14791,346.4,0.42,0.38,2026-04-10,718,N21,VIIRS,n,2.0NRT,309.22,5.55,D
27.04793,82.9103,346.67,0.53,0.42,2026-04-10,718,N21,VIIRS,n,2.0NRT,310.73,4.29,D
27.05514,82.86515,346.31,0.53,0.42,2026-04-10,718,N21,VIIRS,n,2.0NRT,310.04,14.69,D
27.08934,82.90069,340.83,0.53,0.42,2026-04-10,718,N21,VIIRS,n,2.0NRT,310.64,7.36,D
27.09213,82.89462,338.54,0.53,0.42,2026-04-10,718,N21,VIIRS,l,2.0NRT,311.75,6.16,D
27.09396,82.88334,343.52,0.53,0.42,2026-04-10,718,N21,VIIRS,n,2.0NRT,312.82,13.53,D
27.09583,85.30196,332.02,0.42,0.37,2026-04-10,718,N21,VIIRS,n,2.0NRT,302.55,1.62,D
27.0959,82.89374,348.29,0.53,0.42,2026-04-10,718,N21,VIIRS,n,2.0NRT,310.83,6.16,D
27.10266,82.93007,335.88,0.52,0.42,2026-04-10,718,N21,VIIRS,l,2.0NRT,309.97,3.68,D
27.10711,82.93215,339.35,0.52,0.42,2026-04-10,718,N21,VIIRS,n,2.0NRT,310.84,4.91,D
27.10738,82.93437,337.12,0.52,0.42,2026-04-10,718,N21,VIIRS,l,2.0NRT,311.49,2.63,D
27.11144,82.8933,341.21,0.53,0.42,2026-04-10,718,N21,VIIRS,n,2.0NRT,310.62,4.85,D
27.11322,84.90718,331.3,0.43,0.38,2026-04-10,718,N21,VIIRS,l,2.0NRT,305.92,1.8,D
27.11564,83.25039,334.01,0.5,0.41,2026-04-10,718,N21,VIIRS,l,2.0NRT,306.41,3.83,D
27.11841,83.2653,334.25,0.5,0.41,2026-04-10,718,N21,VIIRS,l,2.0NRT,307.11,8.16,D
27.12119,83.25952,354.04,0.5,0.41,2026-04-10,718,N21,VIIRS,n,2.0NRT,307.41,19.47,D
27.12304,83.24873,341.65,0.5,0.41,2026-04-10,718,N21,VIIRS,n,2.0NRT,304.64,7.78,D
27.12396,83.25372,350.12,0.5,0.41,2026-04-10,718,N21,VIIRS,n,2.0NRT,304.9,7.78,D
27.12669,82.91142,337.2,0.52,0.42,2026-04-10,718,N21,VIIRS,n,2.0NRT,308.27,7.74,D
27.12703,84.84208,335.37,0.43,0.38,2026-04-10,718,N21,VIIRS,l,2.0NRT,306.07,4.71,D
27.12767,82.91659,338.24,0.52,0.42,2026-04-10,718,N21,VIIRS,n,2.0NRT,309.37,7.74,D
27.12845,84.8383,347.23,0.43,0.38,2026-04-10,718,N21,VIIRS,l,2.0NRT,313.47,13.23,D
27.12974,84.83704,335.08,0.43,0.38,2026-04-10,718,N21,VIIRS,l,2.0NRT,309.46,8.78,D
27.13045,82.91054,346.95,0.52,0.42,2026-04-10,718,N21,VIIRS,n,2.0NRT,311.85,7.74,D
27.13048,84.84134,343.69,0.43,0.38,2026-04-10,718,N21,VIIRS,n,2.0NRT,308.89,4.71,D
27.13143,82.91572,367,0.52,0.42,2026-04-10,718,N21,VIIRS,h,2.0NRT,313.75,7.74,D
27.13218,84.71684,334.67,0.44,0.38,2026-04-10,718,N21,VIIRS,n,2.0NRT,309.62,2.03,D
27.13359,82.74055,336.1,0.53,0.42,2026-04-10,718,N21,VIIRS,l,2.0NRT,310.18,7.34,D
27.1342,82.90968,351.41,0.52,0.42,2026-04-10,718,N21,VIIRS,n,2.0NRT,308.05,13.13,D
27.1346,82.74583,341.34,0.53,0.42,2026-04-10,718,N21,VIIRS,l,2.0NRT,311.45,12.07,D
27.14271,82.91311,345.01,0.52,0.42,2026-04-10,718,N21,VIIRS,n,2.0NRT,311.03,11.16,D
27.14876,82.73701,339.19,0.53,0.42,2026-04-10,718,N21,VIIRS,n,2.0NRT,310.42,5.34,D
27.15102,84.72177,345.31,0.44,0.38,2026-04-10,718,N21,VIIRS,n,2.0NRT,312.57,5.92,D
27.16754,82.71052,342.29,0.54,0.42,2026-04-10,718,N21,VIIRS,l,2.0NRT,313.99,4.48,D
27.17134,82.70963,337.19,0.54,0.42,2026-04-10,718,N21,VIIRS,l,2.0NRT,311.64,4.48,D
27.17149,84.69488,337.76,0.44,0.38,2026-04-10,718,N21,VIIRS,l,2.0NRT,310.55,7.61,D
27.17225,84.69922,351.68,0.44,0.38,2026-04-10,718,N21,VIIRS,n,2.0NRT,314.82,22.87,D
27.1727,83.33044,339.06,0.5,0.41,2026-04-10,718,N21,VIIRS,l,2.0NRT,311.24,5.14,D
27.1729,82.60085,334.09,0.54,0.42,2026-04-10,718,N21,VIIRS,l,2.0NRT,309.04,5.54,D
27.173,84.70356,353.53,0.44,0.38,2026-04-10,718,N21,VIIRS,n,2.0NRT,315.38,22.87,D
27.17571,84.69848,347.41,0.44,0.38,2026-04-10,718,N21,VIIRS,n,2.0NRT,308.92,12.57,D
27.17646,84.7028,347.51,0.44,0.38,2026-04-10,718,N21,VIIRS,n,2.0NRT,312.64,12.57,D
27.17842,84.69338,336.89,0.44,0.38,2026-04-10,718,N21,VIIRS,l,2.0NRT,311.43,5.59,D
27.18324,84.74174,339.8,0.44,0.38,2026-04-10,718,N21,VIIRS,n,2.0NRT,307.43,3.07,D
27.18364,82.61513,348.62,0.54,0.42,2026-04-10,718,N21,VIIRS,n,2.0NRT,312.74,13.21,D
27.18467,82.62047,336.48,0.54,0.42,2026-04-10,718,N21,VIIRS,n,2.0NRT,311.32,13.21,D
27.18518,84.62874,342.23,0.44,0.38,2026-04-10,718,N21,VIIRS,n,2.0NRT,309.53,5.68,D
27.19199,83.33117,337.27,0.5,0.41,2026-04-10,718,N21,VIIRS,l,2.0NRT,312.05,9.95,D
27.19289,83.33611,337.2,0.5,0.41,2026-04-10,718,N21,VIIRS,l,2.0NRT,309.76,4.52,D
27.19398,83.32822,348.67,0.5,0.41,2026-04-10,718,N21,VIIRS,n,2.0NRT,311.79,10.64,D
27.19491,83.33316,346.48,0.5,0.41,2026-04-10,718,N21,VIIRS,n,2.0NRT,312.88,10.64,D
27.19951,83.33724,353.25,0.5,0.41,2026-04-10,718,N21,VIIRS,n,2.0NRT,315.84,18.11,D
27.20346,82.8393,334.55,0.53,0.42,2026-04-10,718,N21,VIIRS,l,2.0NRT,309.3,4.85,D
27.20358,82.842,334.54,0.53,0.42,2026-04-10,718,N21,VIIRS,l,2.0NRT,308.73,3.51,D
27.21495,82.75739,336.68,0.53,0.42,2026-04-10,718,N21,VIIRS,l,2.0NRT,311.35,27.1,D
27.21548,85.09281,335.73,0.42,0.38,2026-04-10,718,N21,VIIRS,n,2.0NRT,304.14,3.56,D
27.21686,84.63625,341.17,0.44,0.38,2026-04-10,718,N21,VIIRS,l,2.0NRT,312.11,10.02,D
27.21773,82.75125,349.82,0.53,0.42,2026-04-10,718,N21,VIIRS,n,2.0NRT,309.73,27.1,D
27.22109,84.89851,330.53,0.43,0.38,2026-04-10,718,N21,VIIRS,l,2.0NRT,304.08,2.49,D
27.2234,84.6529,333.32,0.44,0.38,2026-04-10,718,N21,VIIRS,l,2.0NRT,306.75,2.99,D
27.22831,82.76525,367,0.53,0.42,2026-04-10,718,N21,VIIRS,l,2.0NRT,328.18,75.9,D
27.22931,82.7705,340.07,0.53,0.42,2026-04-10,718,N21,VIIRS,l,2.0NRT,313.13,29.94,D
27.23109,82.75912,338.01,0.53,0.42,2026-04-10,718,N21,VIIRS,l,2.0NRT,311.65,10.7,D
27.23203,84.8035,333.3,0.43,0.38,2026-04-10,718,N21,VIIRS,n,2.0NRT,303.46,4.88,D
27.23209,82.76437,346.31,0.53,0.42,2026-04-10,718,N21,VIIRS,n,2.0NRT,313.22,10.7,D
27.23279,84.80781,339.98,0.43,0.38,2026-04-10,718,N21,VIIRS,n,2.0NRT,303.74,4.88,D
27.2339,84.80688,346.75,0.43,0.38,2026-04-10,718,N21,VIIRS,n,2.0NRT,307.13,15.2,D
27.23624,84.80708,333.33,0.43,0.38,2026-04-10,718,N21,VIIRS,n,2.0NRT,302.71,4.88,D
27.23643,82.72488,342.39,0.53,0.42,2026-04-10,718,N21,VIIRS,n,2.0NRT,312.12,7.34,D
27.23969,84.80635,339.55,0.43,0.38,2026-04-10,718,N21,VIIRS,n,2.0NRT,304.61,4.68,D
27.24379,82.70108,334.19,0.54,0.42,2026-04-10,718,N21,VIIRS,l,2.0NRT,305.86,6.1,D
27.2468,82.71693,350,0.53,0.42,2026-04-10,718,N21,VIIRS,n,2.0NRT,312.57,10.29,D
27.24759,82.70019,349.73,0.54,0.42,2026-04-10,718,N21,VIIRS,n,2.0NRT,313.29,6.1,D
27.2498,84.88425,337.8,0.43,0.38,2026-04-10,718,N21,VIIRS,n,2.0NRT,302.96,4.01,D
27.25028,83.88213,336.71,0.47,0.4,2026-04-10,718,N21,VIIRS,l,2.0NRT,309.43,7.55,D
27.25112,83.8868,340.17,0.47,0.4,2026-04-10,718,N21,VIIRS,n,2.0NRT,309.19,7.55,D
27.25138,82.6993,340.2,0.54,0.42,2026-04-10,718,N21,VIIRS,n,2.0NRT,313.08,6.28,D
27.25324,84.88354,330.13,0.43,0.38,2026-04-10,718,N21,VIIRS,n,2.0NRT,302.08,2.77,D
27.25399,84.88782,331.2,0.43,0.38,2026-04-10,718,N21,VIIRS,n,2.0NRT,302.15,1.98,D
27.2547,83.88599,350.95,0.47,0.4,2026-04-10,718,N21,VIIRS,n,2.0NRT,315.57,7.55,D
27.26234,82.75731,349.44,0.53,0.42,2026-04-10,718,N21,VIIRS,n,2.0NRT,311.71,12.85,D
27.26323,84.96097,333.81,0.43,0.38,2026-04-10,718,N21,VIIRS,n,2.0NRT,302.35,3.67,D
27.26333,82.76257,340.25,0.53,0.42,2026-04-10,718,N21,VIIRS,l,2.0NRT,311,6.86,D
27.26414,82.7459,345.51,0.53,0.42,2026-04-10,718,N21,VIIRS,n,2.0NRT,309.98,6.69,D
27.26513,82.75117,348.69,0.53,0.42,2026-04-10,718,N21,VIIRS,n,2.0NRT,311.48,12.85,D
27.26612,82.75643,347.2,0.53,0.42,2026-04-10,718,N21,VIIRS,n,2.0NRT,311.29,12.85,D
27.26774,82.72305,346.69,0.53,0.42,2026-04-10,718,N21,VIIRS,n,2.0NRT,315.76,25.97,D
27.26792,82.74503,345.27,0.53,0.42,2026-04-10,718,N21,VIIRS,n,2.0NRT,309.7,9.67,D
27.26891,82.75029,335.74,0.53,0.42,2026-04-10,718,N21,VIIRS,l,2.0NRT,310.53,64.78,D
27.2699,82.75555,367,0.53,0.42,2026-04-10,718,N21,VIIRS,l,2.0NRT,326.08,64.78,D
27.27041,82.82101,346.91,0.53,0.42,2026-04-10,718,N21,VIIRS,n,2.0NRT,317.58,28.62,D
27.27053,82.71688,341.9,0.53,0.42,2026-04-10,718,N21,VIIRS,n,2.0NRT,310.61,9.82,D
27.27089,82.7608,336.35,0.53,0.42,2026-04-10,718,N21,VIIRS,l,2.0NRT,307.82,20.86,D
27.27139,82.82622,343.47,0.53,0.42,2026-04-10,718,N21,VIIRS,n,2.0NRT,311.41,26.25,D
27.27368,82.75466,352.13,0.53,0.42,2026-04-10,718,N21,VIIRS,n,2.0NRT,312.43,64.78,D
27.27418,82.82014,351.67,0.53,0.42,2026-04-10,718,N21,VIIRS,n,2.0NRT,314.59,15.82,D
27.2745,82.73799,343.1,0.53,0.42,2026-04-10,718,N21,VIIRS,n,2.0NRT,310.01,7.81,D
27.27467,82.75992,350.24,0.53,0.42,2026-04-10,718,N21,VIIRS,n,2.0NRT,312.88,20.86,D
27.27566,82.76517,341.43,0.53,0.42,2026-04-10,718,N21,VIIRS,n,2.0NRT,316.24,20.86,D
27.2763,82.72656,339.16,0.53,0.42,2026-04-10,718,N21,VIIRS,l,2.0NRT,313.23,7.88,D
27.27828,82.73711,333.92,0.53,0.42,2026-04-10,718,N21,VIIRS,l,2.0NRT,308.88,7.81,D
27.27975,82.80792,348.32,0.53,0.42,2026-04-10,718,N21,VIIRS,n,2.0NRT,311.49,6.23,D
27.28598,82.6993,335.47,0.53,0.42,2026-04-10,718,N21,VIIRS,l,2.0NRT,309.73,2.97,D
27.28849,82.70716,338.75,0.53,0.42,2026-04-10,718,N21,VIIRS,l,2.0NRT,312.51,8.09,D
27.29116,83.37782,335.39,0.49,0.41,2026-04-10,718,N21,VIIRS,l,2.0NRT,308.41,5.48,D
27.29181,82.70897,340.59,0.53,0.42,2026-04-10,718,N21,VIIRS,l,2.0NRT,312.7,5.52,D
27.29195,83.18365,335.3,0.51,0.41,2026-04-10,718,N21,VIIRS,l,2.0NRT,310.03,5.1,D
27.29326,82.71157,343.89,0.53,0.42,2026-04-10,718,N21,VIIRS,n,2.0NRT,312.65,8.46,D
27.29713,86.02131,331.3,0.4,0.37,2026-04-10,718,N21,VIIRS,n,2.0NRT,300.17,5.27,D
27.30027,83.38596,342.44,0.49,0.41,2026-04-10,718,N21,VIIRS,n,2.0NRT,310.02,9.44,D
27.30155,83.37755,338.76,0.49,0.41,2026-04-10,718,N21,VIIRS,l,2.0NRT,310.41,2.5,D
27.30215,83.37531,351.68,0.49,0.41,2026-04-10,718,N21,VIIRS,n,2.0NRT,312.77,11.53,D
27.30429,83.37182,345.57,0.49,0.41,2026-04-10,718,N21,VIIRS,n,2.0NRT,311.26,7.07,D
27.30521,83.37672,336.16,0.49,0.41,2026-04-10,718,N21,VIIRS,l,2.0NRT,309.6,2.5,D
27.31153,83.26745,335.21,0.5,0.41,2026-04-10,718,N21,VIIRS,l,2.0NRT,309.77,9.35,D
27.31254,83.43609,353.25,0.49,0.4,2026-04-10,718,N21,VIIRS,n,2.0NRT,313.58,25.64,D
27.31282,83.43398,347.41,0.49,0.4,2026-04-10,718,N21,VIIRS,n,2.0NRT,311.46,24.4,D
27.3148,82.7256,336.42,0.53,0.42,2026-04-10,718,N21,VIIRS,n,2.0NRT,309.54,3.7,D
27.31481,83.40302,339.68,0.49,0.41,2026-04-10,718,N21,VIIRS,n,2.0NRT,311.09,16.06,D
27.31647,83.43316,347.22,0.49,0.4,2026-04-10,718,N21,VIIRS,n,2.0NRT,309.1,49.88,D
27.31757,82.71946,339.08,0.53,0.42,2026-04-10,718,N21,VIIRS,n,2.0NRT,309.57,16.94,D
27.31802,83.42471,338.13,0.49,0.4,2026-04-10,718,N21,VIIRS,l,2.0NRT,308.51,11.93,D
27.31858,82.72472,367,0.53,0.42,2026-04-10,718,N21,VIIRS,h,2.0NRT,316.27,16.94,D
27.31893,83.42957,341.51,0.49,0.4,2026-04-10,718,N21,VIIRS,n,2.0NRT,310.04,11.93,D
27.31924,83.42744,344.96,0.49,0.4,2026-04-10,718,N21,VIIRS,n,2.0NRT,310.85,10.59,D
27.31985,83.43443,347.65,0.49,0.4,2026-04-10,718,N21,VIIRS,n,2.0NRT,313.05,80.41,D
27.32013,83.43231,355.7,0.49,0.4,2026-04-10,718,N21,VIIRS,n,2.0NRT,311.2,49.88,D
27.32076,83.4393,367,0.49,0.4,2026-04-10,718,N21,VIIRS,h,2.0NRT,328.64,80.41,D
27.32077,83.39865,334.32,0.49,0.4,2026-04-10,718,N21,VIIRS,l,2.0NRT,306.55,1.66,D
27.32101,83.43719,367,0.49,0.4,2026-04-10,718,N21,VIIRS,h,2.0NRT,335.02,49.88,D
27.32136,82.71857,350.93,0.53,0.42,2026-04-10,718,N21,VIIRS,n,2.0NRT,315.59,16.94,D
27.32168,83.42387,346.54,0.49,0.4,2026-04-10,718,N21,VIIRS,n,2.0NRT,308.55,11.93,D
27.32231,83.09805,346.91,0.51,0.41,2026-04-10,718,N21,VIIRS,n,2.0NRT,312.95,13.07,D
27.32236,82.72384,352.15,0.53,0.42,2026-04-10,718,N21,VIIRS,n,2.0NRT,320.11,16.94,D
27.32259,83.42873,345.16,0.49,0.4,2026-04-10,718,N21,VIIRS,l,2.0NRT,315.73,11.93,D
27.32325,83.1031,349.27,0.51,0.41,2026-04-10,718,N21,VIIRS,n,2.0NRT,312.6,13.13,D
27.32337,82.7291,345.55,0.53,0.42,2026-04-10,718,N21,VIIRS,n,2.0NRT,317.51,120.93,D
27.32414,82.71243,355.51,0.53,0.42,2026-04-10,718,N21,VIIRS,n,2.0NRT,317.21,19.79,D
27.32441,83.43847,348.88,0.49,0.4,2026-04-10,718,N21,VIIRS,n,2.0NRT,311.85,80.41,D
27.32515,82.7177,353.06,0.53,0.42,2026-04-10,718,N21,VIIRS,n,2.0NRT,318.6,37.88,D
27.32615,82.72296,343.61,0.53,0.42,2026-04-10,718,N21,VIIRS,n,2.0NRT,318.34,37.88,D
27.32624,83.4279,348.21,0.49,0.4,2026-04-10,718,N21,VIIRS,n,2.0NRT,312.99,18.9,D
27.32692,82.70627,354.12,0.53,0.42,2026-04-10,718,N21,VIIRS,n,2.0NRT,316.67,19.79,D
27.32792,82.71154,342.62,0.53,0.42,2026-04-10,718,N21,VIIRS,l,2.0NRT,313.57,19.79,D
27.3307,82.70538,352.89,0.53,0.42,2026-04-10,718,N21,VIIRS,n,2.0NRT,313.26,11.39,D
27.33248,84.3841,330.5,0.45,0.39,2026-04-10,718,N21,VIIRS,l,2.0NRT,304.88,3.96,D
27.33494,82.74834,338.56,0.53,0.42,2026-04-10,718,N21,VIIRS,l,2.0NRT,308.71,5.66,D
27.33772,82.7422,350.92,0.53,0.42,2026-04-10,718,N21,VIIRS,n,2.0NRT,318.22,49.97,D
27.33872,82.74745,339.98,0.53,0.42,2026-04-10,718,N21,VIIRS,l,2.0NRT,311.88,6.01,D
27.33879,84.88354,344.04,0.43,0.38,2026-04-10,718,N21,VIIRS,n,2.0NRT,302.11,8.4,D
27.34002,84.86994,332.52,0.43,0.38,2026-04-10,718,N21,VIIRS,n,2.0NRT,300.84,2.44,D
27.34128,82.71941,337.77,0.53,0.42,2026-04-10,718,N21,VIIRS,l,2.0NRT,311.5,7.14,D
27.3435,82.75181,336.67,0.53,0.42,2026-04-10,718,N21,VIIRS,l,2.0NRT,309.88,6.01,D
27.34986,83.47314,353.74,0.49,0.4,2026-04-10,718,N21,VIIRS,n,2.0NRT,313.42,14.36,D
27.35005,82.74478,346.09,0.53,0.42,2026-04-10,718,N21,VIIRS,n,2.0NRT,311.68,14.24,D
27.35205,82.75527,335.9,0.53,0.42,2026-04-10,718,N21,VIIRS,l,2.0NRT,309.72,7.89,D
27.35261,83.46746,334.12,0.49,0.4,2026-04-10,718,N21,VIIRS,l,2.0NRT,308.42,14.36,D
27.35263,82.71674,343.39,0.53,0.42,2026-04-10,718,N21,VIIRS,n,2.0NRT,312.04,7.87,D
27.35363,82.72199,345.31,0.53,0.42,2026-04-10,718,N21,VIIRS,n,2.0NRT,312.25,6.46,D
27.35462,82.72725,338.41,0.53,0.42,2026-04-10,718,N21,VIIRS,l,2.0NRT,310.69,6.46,D
27.35733,82.37719,352.63,0.55,0.43,2026-04-10,718,N21,VIIRS,n,2.0NRT,311.49,13.23,D
27.35755,83.05824,339.4,0.51,0.41,2026-04-10,718,N21,VIIRS,n,2.0NRT,309.7,5.41,D
27.35813,83.05497,343.52,0.51,0.41,2026-04-10,718,N21,VIIRS,n,2.0NRT,310.86,10.22,D
27.36126,83.05737,338.09,0.51,0.41,2026-04-10,718,N21,VIIRS,n,2.0NRT,310.47,5.41,D
27.37227,84.63107,335.86,0.44,0.38,2026-04-10,718,N21,VIIRS,n,2.0NRT,301.76,4.56,D
27.3916,81.80182,336.58,0.4,0.44,2026-04-10,718,N21,VIIRS,l,2.0NRT,308.96,4.35,D
27.39237,81.80573,340.88,0.4,0.44,2026-04-10,718,N21,VIIRS,n,2.0NRT,308.16,4.22,D
27.39289,83.13636,348.66,0.51,0.41,2026-04-10,718,N21,VIIRS,n,2.0NRT,317.08,13.64,D
27.39666,83.1564,347.98,0.5,0.41,2026-04-10,718,N21,VIIRS,n,2.0NRT,315.32,9,D
27.40311,83.14969,342.99,0.51,0.41,2026-04-10,718,N21,VIIRS,n,2.0NRT,312.36,8.59,D
27.40406,83.1547,355.25,0.5,0.41,2026-04-10,718,N21,VIIRS,n,2.0NRT,315.61,8.59,D
27.50388,83.85532,330.19,0.47,0.4,2026-04-10,718,N21,VIIRS,n,2.0NRT,304.31,4.4,D
27.51803,84.79759,330.74,0.43,0.38,2026-04-10,718,N21,VIIRS,n,2.0NRT,300.03,4.75,D
27.53948,84.5198,331.91,0.44,0.38,2026-04-10,718,N21,VIIRS,n,2.0NRT,296.55,3.74,D
27.53987,84.54241,338.41,0.44,0.38,2026-04-10,718,N21,VIIRS,n,2.0NRT,302.52,14.03,D
27.54954,82.63818,337.39,0.53,0.42,2026-04-10,718,N21,VIIRS,n,2.0NRT,307.65,4.47,D
27.55058,82.56029,336.54,0.54,0.42,2026-04-10,718,N21,VIIRS,n,2.0NRT,310.1,6.1,D
27.55438,82.55939,335.46,0.54,0.42,2026-04-10,718,N21,VIIRS,n,2.0NRT,307.7,3.78,D
27.55724,84.45669,334.7,0.44,0.38,2026-04-10,718,N21,VIIRS,n,2.0NRT,299.91,2.42,D
27.56018,82.75624,335.89,0.53,0.42,2026-04-10,718,N21,VIIRS,n,2.0NRT,310.77,9.3,D
27.5712,82.36665,335.31,0.55,0.43,2026-04-10,718,N21,VIIRS,l,2.0NRT,308.86,2.69,D
27.58449,79.13516,332.29,0.56,0.52,2026-04-10,718,N21,VIIRS,n,2.0NRT,306.56,3.11,D
27.60798,82.71791,334.04,0.53,0.42,2026-04-10,718,N21,VIIRS,n,2.0NRT,305.15,3.28,D
27.63243,82.70384,340.64,0.53,0.42,2026-04-10,718,N21,VIIRS,n,2.0NRT,305.29,3.67,D
27.63942,82.7403,332.45,0.52,0.42,2026-04-10,718,N21,VIIRS,l,2.0NRT,305.92,4.55,D
27.64279,82.92543,353.15,0.51,0.41,2026-04-10,718,N21,VIIRS,n,2.0NRT,308.27,11.24,D
27.64652,82.92458,338.47,0.51,0.41,2026-04-10,718,N21,VIIRS,n,2.0NRT,307.33,2.94,D
27.65437,83.896,332.6,0.46,0.39,2026-04-10,718,N21,VIIRS,n,2.0NRT,298.91,4.06,D
27.65758,82.87928,334.93,0.52,0.41,2026-04-10,718,N21,VIIRS,n,2.0NRT,308.86,2.5,D
27.65792,83.89521,339.76,0.46,0.39,2026-04-10,718,N21,VIIRS,n,2.0NRT,299.63,4.06,D
27.6586,82.88142,335.47,0.52,0.41,2026-04-10,718,N21,VIIRS,n,2.0NRT,308.21,4.08,D
27.67495,82.51181,339.67,0.54,0.42,2026-04-10,718,N21,VIIRS,n,2.0NRT,308.06,5.21,D
27.67775,82.50561,341.96,0.54,0.42,2026-04-10,718,N21,VIIRS,n,2.0NRT,307.73,5.72,D
27.67876,82.51096,352.54,0.54,0.42,2026-04-10,718,N21,VIIRS,n,2.0NRT,308.7,11.19,D
27.69642,82.40359,334.47,0.55,0.42,2026-04-10,718,N21,VIIRS,l,2.0NRT,309.18,12.03,D
27.70594,82.57591,342.36,0.53,0.42,2026-04-10,718,N21,VIIRS,n,2.0NRT,308.25,6.15,D
27.70716,82.57768,336.68,0.53,0.42,2026-04-10,718,N21,VIIRS,l,2.0NRT,307.02,4.73,D
27.71382,77.75093,330.71,0.34,0.56,2026-04-10,718,N21,VIIRS,l,2.0NRT,305.54,4.19,D
27.72793,82.91882,346.31,0.51,0.41,2026-04-10,718,N21,VIIRS,n,2.0NRT,305.84,7.1,D
27.72803,84.66316,337.18,0.43,0.38,2026-04-10,718,N21,VIIRS,n,2.0NRT,297.59,4.11,D
27.72955,82.86512,344.24,0.52,0.41,2026-04-10,718,N21,VIIRS,n,2.0NRT,306.42,8.6,D
27.73053,82.87035,334.35,0.52,0.41,2026-04-10,718,N21,VIIRS,n,2.0NRT,304,3.78,D
27.73181,82.9603,331.24,0.51,0.41,2026-04-10,718,N21,VIIRS,l,2.0NRT,303.25,5.87,D
27.73429,82.86962,331.42,0.52,0.41,2026-04-10,718,N21,VIIRS,l,2.0NRT,305.76,3.78,D
27.74044,83.58061,330.01,0.48,0.4,2026-04-10,718,N21,VIIRS,n,2.0NRT,297.22,3.58,D
27.75277,83.17574,332.05,0.5,0.41,2026-04-10,718,N21,VIIRS,l,2.0NRT,302.12,5.28,D
27.77695,83.46896,333.4,0.48,0.4,2026-04-10,718,N21,VIIRS,n,2.0NRT,297.06,4.73,D
27.81069,82.15586,332.97,0.56,0.43,2026-04-10,718,N21,VIIRS,n,2.0NRT,304.31,5.83,D
27.81176,82.16142,331.35,0.56,0.43,2026-04-10,718,N21,VIIRS,n,2.0NRT,304.32,5.83,D
27.85448,84.84399,332.71,0.42,0.38,2026-04-10,718,N21,VIIRS,n,2.0NRT,303.73,4.28,D
27.8595,82.45249,334.62,0.54,0.42,2026-04-10,718,N21,VIIRS,l,2.0NRT,309.56,14.43,D
27.85987,82.82883,344.12,0.52,0.41,2026-04-10,718,N21,VIIRS,n,2.0NRT,303.72,6.94,D
27.8611,82.83137,339.87,0.52,0.41,2026-04-10,718,N21,VIIRS,n,2.0NRT,304.14,8.91,D
27.89028,82.04037,337.67,0.57,0.43,2026-04-10,718,N21,VIIRS,n,2.0NRT,302.23,7.52,D
27.90005,83.03551,334.45,0.5,0.41,2026-04-10,718,N21,VIIRS,n,2.0NRT,298.13,4.14,D
27.93075,81.87349,332.68,0.38,0.43,2026-04-10,718,N21,VIIRS,n,2.0NRT,303.44,2.25,D
27.93672,82.30208,332.55,0.55,0.42,2026-04-10,718,N21,VIIRS,n,2.0NRT,303.75,4.47,D
27.94056,82.3012,343.94,0.55,0.42,2026-04-10,718,N21,VIIRS,n,2.0NRT,307.66,4.47,D
27.9457,81.94937,336.59,0.57,0.43,2026-04-10,718,N21,VIIRS,l,2.0NRT,307.2,22.33,D
27.98576,82.35921,331.89,0.54,0.42,2026-04-10,718,N21,VIIRS,l,2.0NRT,304.75,7.59,D
27.98781,82.36059,343.68,0.54,0.42,2026-04-10,718,N21,VIIRS,n,2.0NRT,305.11,8.17,D
27.99059,82.36353,332.23,0.54,0.42,2026-04-10,718,N21,VIIRS,l,2.0NRT,304.24,3.04,D
28.10674,81.33458,338.48,0.41,0.45,2026-04-10,718,N21,VIIRS,n,2.0NRT,306.97,3.33,D
28.12152,82.07842,344.53,0.56,0.43,2026-04-10,718,N21,VIIRS,n,2.0NRT,302.39,12.69,D
28.12252,82.08363,345.3,0.56,0.43,2026-04-10,718,N21,VIIRS,n,2.0NRT,300.77,9.82,D
28.15317,82.05035,330.18,0.56,0.43,2026-04-10,718,N21,VIIRS,n,2.0NRT,299.93,5.1,D
28.24952,80.66128,334.72,0.44,0.46,2026-04-10,718,N21,VIIRS,n,2.0NRT,302.41,2.35,D
28.32075,80.23632,340.08,0.47,0.48,2026-04-10,718,N21,VIIRS,n,2.0NRT,306.73,18.84,D
28.36623,84.88109,345.19,0.42,0.38,2026-04-10,718,N21,VIIRS,n,2.0NRT,294.01,8.96,D
28.59661,81.24347,350.04,0.4,0.45,2026-04-10,718,N21,VIIRS,n,2.0NRT,305.35,12.59,D
28.03366,77.25108,367,0.36,0.57,2026-04-10,720,N21,VIIRS,h,2.0NRT,304.95,6.12,D
28.49255,77.47604,347.8,0.34,0.56,2026-04-10,720,N21,VIIRS,n,2.0NRT,305.6,6.45,D
28.56599,80.35789,339,0.45,0.47,2026-04-10,720,N21,VIIRS,n,2.0NRT,302.04,5.69,D
28.65305,75.79086,334.37,0.42,0.61,2026-04-10,720,N21,VIIRS,n,2.0NRT,304.27,4.98,D
28.65386,75.79179,351.88,0.42,0.61,2026-04-10,720,N21,VIIRS,n,2.0NRT,305.56,6.79,D
28.65408,75.795,345.8,0.42,0.61,2026-04-10,720,N21,VIIRS,n,2.0NRT,304.84,6.42,D
28.67438,77.8364,334.56,0.32,0.54,2026-04-10,720,N21,VIIRS,n,2.0NRT,303.11,2.73,D
28.68981,76.70787,343.23,0.37,0.58,2026-04-10,720,N21,VIIRS,n,2.0NRT,304.64,8.13,D
28.69499,76.70634,367,0.37,0.58,2026-04-10,720,N21,VIIRS,h,2.0NRT,304.38,8.13,D
28.81315,71.12152,332.68,0.79,0.78,2026-04-10,720,N21,VIIRS,n,2.0NRT,294.09,9.26,D
28.84916,81.53004,333.1,0.39,0.44,2026-04-10,720,N21,VIIRS,n,2.0NRT,299.74,2.66,D
28.91411,78.05593,339.11,0.61,0.53,2026-04-10,720,N21,VIIRS,n,2.0NRT,302.6,11.54,D
28.91548,78.06199,332.29,0.61,0.53,2026-04-10,720,N21,VIIRS,n,2.0NRT,302.64,9.34,D
28.92739,76.91332,330.74,0.36,0.57,2026-04-10,720,N21,VIIRS,l,2.0NRT,305.15,2.37,D
29.02567,72.09173,337.16,0.69,0.74,2026-04-10,720,N21,VIIRS,n,2.0NRT,298.64,5.68,D
29.18071,72.5085,332.69,0.64,0.72,2026-04-10,720,N21,VIIRS,n,2.0NRT,298.29,4.51,D
29.18394,72.69637,330.4,0.63,0.72,2026-04-10,720,N21,VIIRS,n,2.0NRT,297.55,3.27,D
29.21278,71.90269,332.06,0.69,0.75,2026-04-10,720,N21,VIIRS,n,2.0NRT,295.91,3.26,D
29.22443,72.64263,331.59,0.63,0.72,2026-04-10,720,N21,VIIRS,n,2.0NRT,295.26,3.82,D
29.24757,72.55054,331.12,0.63,0.72,2026-04-10,720,N21,VIIRS,n,2.0NRT,294.92,2.91,D
29.5878,79.91225,330.68,0.46,0.47,2026-04-10,720,N21,VIIRS,n,2.0NRT,295.06,4.33,D
29.58885,79.91133,332.73,0.46,0.47,2026-04-10,720,N21,VIIRS,n,2.0NRT,295.74,3.23,D
29.65146,73.01411,331.56,0.58,0.7,2026-04-10,720,N21,VIIRS,n,2.0NRT,296.45,6.18,D
30.589,74.03484,335.31,0.48,0.65,2026-04-10,720,N21,VIIRS,n,2.0NRT,295.32,2.08,D
31.90072,75.54887,333.79,0.37,0.58,2026-04-10,720,N21,VIIRS,n,2.0NRT,301.75,3.34,D
32.92301,74.71349,346.71,0.39,0.59,2026-04-10,720,N21,VIIRS,n,2.0NRT,294.08,4.05,D
32.92588,74.71159,331.18,0.39,0.59,2026-04-10,720,N21,VIIRS,n,2.0NRT,292.6,2.51,D
9.75443,77.8625,333.09,0.53,0.67,2026-04-10,854,N21,VIIRS,n,2.0NRT,295.96,6.59,D
10.22196,77.14785,333.57,0.48,0.65,2026-04-10,854,N21,VIIRS,n,2.0NRT,298.08,7.89,D
10.22603,77.14751,331.77,0.49,0.65,2026-04-10,854,N21,VIIRS,n,2.0NRT,298.63,7.25,D
10.96477,78.92055,333.3,0.66,0.73,2026-04-10,854,N21,VIIRS,n,2.0NRT,297.26,3.09,D
11.07343,76.66679,352.39,0.46,0.64,2026-04-10,854,N21,VIIRS,n,2.0NRT,295.77,8.75,D
11.09555,78.96542,334.69,0.66,0.73,2026-04-10,854,N21,VIIRS,n,2.0NRT,299.15,5.57,D
11.09853,78.96442,336.55,0.66,0.73,2026-04-10,854,N21,VIIRS,n,2.0NRT,298.61,5.79,D
11.73334,79.40613,337.74,0.72,0.76,2026-04-10,854,N21,VIIRS,n,2.0NRT,293.58,6.4,D
11.95516,78.80306,338.54,0.66,0.73,2026-04-10,854,N21,VIIRS,n,2.0NRT,297.31,11.9,D
13.05416,76.58038,331.15,0.48,0.65,2026-04-10,856,N21,VIIRS,n,2.0NRT,299.46,4.86,D
13.25994,75.32746,330.36,0.4,0.6,2026-04-10,856,N21,VIIRS,n,2.0NRT,299.04,2.28,D
13.28453,75.88998,352.67,0.44,0.62,2026-04-10,856,N21,VIIRS,n,2.0NRT,302.94,8.1,D
13.28768,75.89097,343.48,0.44,0.62,2026-04-10,856,N21,VIIRS,n,2.0NRT,302.86,9.54,D
13.43943,75.61364,367,0.42,0.61,2026-04-10,856,N21,VIIRS,h,2.0NRT,295.39,10.06,D
13.4616,77.1706,332.94,0.54,0.68,2026-04-10,856,N21,VIIRS,n,2.0NRT,298.73,5.56,D
13.50307,77.14984,347.25,0.54,0.68,2026-04-10,856,N21,VIIRS,n,2.0NRT,301.39,13.12,D
13.78077,78.23495,337.31,0.64,0.72,2026-04-10,856,N21,VIIRS,n,2.0NRT,298.1,10.66,D
13.97376,76.83612,342.46,0.52,0.67,2026-04-10,856,N21,VIIRS,n,2.0NRT,301.7,6.1,D
14.63449,76.03027,349.12,0.46,0.64,2026-04-10,856,N21,VIIRS,n,2.0NRT,306.19,6.71,D
14.79112,75.62727,340.81,0.44,0.62,2026-04-10,856,N21,VIIRS,n,2.0NRT,310.12,4.76,D
14.81769,75.71063,340,0.44,0.63,2026-04-10,856,N21,VIIRS,n,2.0NRT,309.34,5.2,D
14.91441,79.20934,331.47,0.77,0.77,2026-04-10,856,N21,VIIRS,n,2.0NRT,289.41,15.31,D
15.10063,74.53575,334.32,0.37,0.58,2026-04-10,856,N21,VIIRS,n,2.0NRT,300.68,3.97,D
15.54009,74.02801,333.47,0.35,0.57,2026-04-10,856,N21,VIIRS,n,2.0NRT,302.36,1.63,D
15.54491,74.02427,334.57,0.35,0.57,2026-04-10,856,N21,VIIRS,n,2.0NRT,302.8,5.43,D
15.63663,74.80469,339.57,0.39,0.6,2026-04-10,856,N21,VIIRS,n,2.0NRT,307.43,3.2,D
15.65541,74.34209,342.8,0.37,0.58,2026-04-10,856,N21,VIIRS,n,2.0NRT,306.77,8.76,D
15.65817,73.98868,335.3,0.35,0.56,2026-04-10,856,N21,VIIRS,n,2.0NRT,306.33,2.41,D
15.66064,74.34102,335.79,0.37,0.58,2026-04-10,856,N21,VIIRS,n,2.0NRT,297.28,2.8,D
15.80731,78.47538,331.38,0.7,0.75,2026-04-10,856,N21,VIIRS,n,2.0NRT,290.46,14.11,D
15.99664,74.00784,331,0.35,0.57,2026-04-10,856,N21,VIIRS,l,2.0NRT,303.68,2.78,D
16.03044,73.84581,336.65,0.34,0.56,2026-04-10,856,N21,VIIRS,l,2.0NRT,307.45,3.41,D
16.04653,74.07499,334.08,0.36,0.57,2026-04-10,856,N21,VIIRS,l,2.0NRT,304.75,4.49,D
16.1253,73.57338,345.62,0.33,0.55,2026-04-10,856,N21,VIIRS,n,2.0NRT,308.12,5.13,D
16.21211,73.83815,333.09,0.34,0.56,2026-04-10,856,N21,VIIRS,l,2.0NRT,306.73,1.34,D
16.23606,78.56233,337.05,0.72,0.76,2026-04-10,856,N21,VIIRS,n,2.0NRT,292.98,8.83,D
16.2365,78.56398,339.28,0.72,0.76,2026-04-10,856,N21,VIIRS,n,2.0NRT,293.2,7.97,D
16.28938,74.37882,341.73,0.38,0.58,2026-04-10,856,N21,VIIRS,l,2.0NRT,311.94,5.28,D
16.31495,74.5579,336.59,0.39,0.59,2026-04-10,856,N21,VIIRS,l,2.0NRT,308.09,7.5,D
16.44732,73.70766,338.22,0.34,0.56,2026-04-10,856,N21,VIIRS,l,2.0NRT,310.66,4.48,D
16.47357,74.07284,335.19,0.36,0.57,2026-04-10,856,N21,VIIRS,l,2.0NRT,309.82,3.63,D
16.49871,73.9112,333.69,0.35,0.57,2026-04-10,856,N21,VIIRS,l,2.0NRT,306.28,3.06,D
16.55808,74.98268,338.17,0.42,0.61,2026-04-10,856,N21,VIIRS,l,2.0NRT,308.39,3.99,D
16.6143,74.23937,331.56,0.37,0.58,2026-04-10,856,N21,VIIRS,l,2.0NRT,306.03,2.16,D
16.61538,74.24028,332.96,0.37,0.58,2026-04-10,856,N21,VIIRS,l,2.0NRT,306.37,1.95,D
16.63982,73.43559,334.66,0.33,0.55,2026-04-10,856,N21,VIIRS,l,2.0NRT,308.68,2.86,D
16.64406,73.43214,347.09,0.33,0.55,2026-04-10,856,N21,VIIRS,n,2.0NRT,310.12,7.83,D
16.64439,73.43509,367,0.33,0.55,2026-04-10,856,N21,VIIRS,h,2.0NRT,315.69,10.51,D
16.64471,73.43803,353.39,0.33,0.55,2026-04-10,856,N21,VIIRS,n,2.0NRT,311.02,10.51,D
16.64504,73.44098,349.05,0.33,0.55,2026-04-10,856,N21,VIIRS,n,2.0NRT,309.03,7.16,D
16.67449,73.66183,334.84,0.34,0.56,2026-04-10,856,N21,VIIRS,l,2.0NRT,307.5,3.48,D
16.67746,73.88188,330.52,0.35,0.57,2026-04-10,856,N21,VIIRS,n,2.0NRT,301.8,1.61,D
16.72106,77.55415,340.35,0.63,0.72,2026-04-10,856,N21,VIIRS,n,2.0NRT,299.32,2.77,D
16.72162,77.5534,338.44,0.62,0.72,2026-04-10,856,N21,VIIRS,n,2.0NRT,298.73,4.64,D
16.80495,73.63985,332.61,0.34,0.56,2026-04-10,856,N21,VIIRS,l,2.0NRT,306.38,1.16,D
16.81013,73.63969,354.46,0.34,0.56,2026-04-10,856,N21,VIIRS,n,2.0NRT,307.83,4.26,D
16.8286,76.56066,349.55,0.54,0.68,2026-04-10,856,N21,VIIRS,n,2.0NRT,308.89,19.89,D
16.88023,73.84406,342.26,0.35,0.57,2026-04-10,856,N21,VIIRS,n,2.0NRT,306.97,4.76,D
16.93198,73.58863,331.92,0.34,0.56,2026-04-10,856,N21,VIIRS,l,2.0NRT,306.8,1.35,D
16.94801,73.77798,337.76,0.35,0.57,2026-04-10,856,N21,VIIRS,l,2.0NRT,308.12,2.8,D
16.97451,77.16638,338.8,0.59,0.7,2026-04-10,856,N21,VIIRS,n,2.0NRT,305.62,5.39,D
16.97687,73.66321,339.93,0.34,0.56,2026-04-10,856,N21,VIIRS,n,2.0NRT,310.28,2.88,D
16.97949,73.66274,337.56,0.34,0.56,2026-04-10,856,N21,VIIRS,l,2.0NRT,308.6,2.96,D
17.02114,75.33565,334.1,0.45,0.63,2026-04-10,856,N21,VIIRS,l,2.0NRT,308.37,3.52,D
17.07895,74.04379,337.41,0.37,0.58,2026-04-10,856,N21,VIIRS,l,2.0NRT,312.05,5.41,D
17.09096,77.42314,334.87,0.62,0.71,2026-04-10,856,N21,VIIRS,l,2.0NRT,308.31,6.37,D
17.16463,73.66376,345.4,0.34,0.56,2026-04-10,856,N21,VIIRS,n,2.0NRT,308.6,6.1,D
17.19433,74.22431,349.29,0.38,0.59,2026-04-10,856,N21,VIIRS,n,2.0NRT,312.58,5.42,D
17.19493,76.76009,336.56,0.56,0.69,2026-04-10,856,N21,VIIRS,l,2.0NRT,308.86,8.41,D
17.19758,76.76266,346.19,0.56,0.69,2026-04-10,856,N21,VIIRS,n,2.0NRT,309.86,12.12,D
17.21908,73.9131,354.37,0.36,0.57,2026-04-10,856,N21,VIIRS,n,2.0NRT,310.01,7.47,D
17.21946,73.91152,367,0.36,0.57,2026-04-10,856,N21,VIIRS,h,2.0NRT,310.31,6.12,D
17.22422,73.91158,340.58,0.36,0.57,2026-04-10,856,N21,VIIRS,l,2.0NRT,311.12,6.97,D
17.24126,77.33948,336.3,0.61,0.71,2026-04-10,856,N21,VIIRS,l,2.0NRT,309.11,6.59,D
17.2457,77.31846,335.02,0.61,0.71,2026-04-10,856,N21,VIIRS,l,2.0NRT,308.06,8.79,D
17.31101,74.69073,336.8,0.41,0.6,2026-04-10,856,N21,VIIRS,l,2.0NRT,309.48,3.38,D
17.31121,74.69002,337.98,0.41,0.6,2026-04-10,856,N21,VIIRS,l,2.0NRT,308.93,4.91,D
17.32826,73.73353,334.67,0.35,0.57,2026-04-10,856,N21,VIIRS,l,2.0NRT,307.14,8,D
17.34625,73.46991,335.17,0.34,0.56,2026-04-10,856,N21,VIIRS,l,2.0NRT,306.14,3.36,D
17.34661,73.47311,334.92,0.34,0.56,2026-04-10,856,N21,VIIRS,l,2.0NRT,305.92,2.29,D
17.35656,73.33347,338,0.33,0.55,2026-04-10,856,N21,VIIRS,n,2.0NRT,308.13,3.12,D
17.37084,76.44796,335.83,0.54,0.68,2026-04-10,856,N21,VIIRS,l,2.0NRT,308.54,6.19,D
17.37398,73.44096,345,0.34,0.56,2026-04-10,856,N21,VIIRS,n,2.0NRT,305.57,7.63,D
17.37432,73.44396,367,0.34,0.56,2026-04-10,856,N21,VIIRS,h,2.0NRT,307.97,13.96,D
17.40507,73.80892,333.37,0.36,0.57,2026-04-10,856,N21,VIIRS,n,2.0NRT,307.76,2.6,D
17.48659,78.15591,331.95,0.7,0.75,2026-04-10,856,N21,VIIRS,l,2.0NRT,304.17,6.45,D
17.49697,76.46541,352.05,0.54,0.68,2026-04-10,856,N21,VIIRS,n,2.0NRT,311.57,16.85,D
17.49738,76.46392,343.03,0.54,0.68,2026-04-10,856,N21,VIIRS,n,2.0NRT,309.74,18.64,D
17.50464,73.63233,336.84,0.35,0.56,2026-04-10,856,N21,VIIRS,l,2.0NRT,308.41,2.12,D
17.50652,76.17613,367,0.52,0.66,2026-04-10,856,N21,VIIRS,h,2.0NRT,311.92,17.51,D
17.53401,73.66212,347.44,0.35,0.57,2026-04-10,856,N21,VIIRS,n,2.0NRT,311.59,7.04,D
17.53437,73.66552,340.27,0.35,0.57,2026-04-10,856,N21,VIIRS,l,2.0NRT,310.35,7.04,D
17.53543,73.62653,350.83,0.35,0.56,2026-04-10,856,N21,VIIRS,n,2.0NRT,311.86,7.65,D
17.54572,73.96923,332.76,0.37,0.58,2026-04-10,856,N21,VIIRS,l,2.0NRT,306.87,1.15,D
17.54663,73.44289,350.75,0.34,0.56,2026-04-10,856,N21,VIIRS,n,2.0NRT,309.07,5.05,D
17.5542,75.82996,335.12,0.49,0.65,2026-04-10,856,N21,VIIRS,l,2.0NRT,307.48,5.36,D
17.55987,73.65851,341.67,0.35,0.57,2026-04-10,856,N21,VIIRS,n,2.0NRT,309.21,3.98,D
17.57781,73.97314,335.4,0.37,0.58,2026-04-10,856,N21,VIIRS,l,2.0NRT,308.39,2.82,D
17.6052,73.83153,343.39,0.36,0.57,2026-04-10,856,N21,VIIRS,n,2.0NRT,308.59,5.6,D
17.61581,73.64231,341.48,0.35,0.57,2026-04-10,856,N21,VIIRS,n,2.0NRT,311.19,4.64,D
17.61775,73.64248,344.1,0.35,0.57,2026-04-10,856,N21,VIIRS,n,2.0NRT,311.89,6.39,D
17.64368,75.54034,339.01,0.47,0.64,2026-04-10,856,N21,VIIRS,n,2.0NRT,307.56,4.39,D
17.65743,73.57291,339.86,0.35,0.56,2026-04-10,856,N21,VIIRS,n,2.0NRT,309.45,3,D
17.6755,73.5947,335.56,0.35,0.56,2026-04-10,856,N21,VIIRS,l,2.0NRT,309.57,3.19,D
17.69597,76.39709,335.11,0.54,0.68,2026-04-10,856,N21,VIIRS,l,2.0NRT,307.56,5.54,D
17.69968,77.53896,333.39,0.64,0.72,2026-04-10,856,N21,VIIRS,l,2.0NRT,305.8,3.64,D
17.74347,73.67418,353.76,0.35,0.57,2026-04-10,856,N21,VIIRS,n,2.0NRT,307.9,6.54,D
17.77193,77.312,332.8,0.62,0.71,2026-04-10,856,N21,VIIRS,l,2.0NRT,306.42,2.87,D
17.79291,73.45618,338.52,0.34,0.56,2026-04-10,856,N21,VIIRS,n,2.0NRT,309.91,1.72,D
17.7964,73.39497,353.63,0.34,0.56,2026-04-10,856,N21,VIIRS,n,2.0NRT,312.08,8.2,D
17.7996,73.39291,337.99,0.34,0.56,2026-04-10,856,N21,VIIRS,l,2.0NRT,311.61,2.78,D
17.84772,73.65043,346.67,0.35,0.57,2026-04-10,856,N21,VIIRS,n,2.0NRT,307.25,3.7,D
17.87477,77.06578,334.09,0.6,0.7,2026-04-10,856,N21,VIIRS,l,2.0NRT,307.35,4.88,D
17.88046,77.20301,332.93,0.61,0.71,2026-04-10,856,N21,VIIRS,l,2.0NRT,305.83,4.52,D
17.92729,76.4825,340.03,0.55,0.68,2026-04-10,856,N21,VIIRS,n,2.0NRT,309.94,5.26,D
17.9285,76.48288,339.66,0.55,0.68,2026-04-10,856,N21,VIIRS,l,2.0NRT,310.11,7.44,D
17.96418,76.47343,353.69,0.55,0.68,2026-04-10,856,N21,VIIRS,n,2.0NRT,314.06,11.52,D
18.00268,73.42043,344.62,0.34,0.56,2026-04-10,856,N21,VIIRS,n,2.0NRT,313.36,5.89,D
18.01581,73.53857,341.11,0.35,0.56,2026-04-10,856,N21,VIIRS,l,2.0NRT,312.89,3.85,D
18.01705,73.59728,341.48,0.35,0.57,2026-04-10,856,N21,VIIRS,n,2.0NRT,309.48,3.7,D
18.0193,73.33773,336.93,0.34,0.56,2026-04-10,856,N21,VIIRS,l,2.0NRT,311.72,2.27,D
18.02093,73.53751,340.23,0.35,0.56,2026-04-10,856,N21,VIIRS,l,2.0NRT,311.2,3.85,D
18.02133,73.54111,344.03,0.35,0.56,2026-04-10,856,N21,VIIRS,n,2.0NRT,311.42,9.1,D
18.02989,78.45966,346.18,0.74,0.76,2026-04-10,856,N21,VIIRS,n,2.0NRT,300.15,16.7,D
18.04023,73.40461,346.6,0.34,0.56,2026-04-10,856,N21,VIIRS,n,2.0NRT,311.32,5.26,D
18.08198,76.02449,339.8,0.51,0.66,2026-04-10,856,N21,VIIRS,n,2.0NRT,308.56,6.26,D
18.08376,76.02553,344.05,0.51,0.66,2026-04-10,856,N21,VIIRS,n,2.0NRT,308.57,6.96,D
18.0885,73.37126,336.26,0.34,0.56,2026-04-10,856,N21,VIIRS,l,2.0NRT,311.02,3.8,D
18.08885,73.37441,354.36,0.34,0.56,2026-04-10,856,N21,VIIRS,n,2.0NRT,314.54,3.8,D
18.0892,73.37759,351.63,0.34,0.56,2026-04-10,856,N21,VIIRS,n,2.0NRT,313.95,4.51,D
18.08953,73.38062,338.33,0.34,0.56,2026-04-10,856,N21,VIIRS,l,2.0NRT,312.02,4.51,D
18.09262,73.55218,346.69,0.35,0.57,2026-04-10,856,N21,VIIRS,n,2.0NRT,312.52,9.13,D
18.09665,77.85403,338.72,0.68,0.74,2026-04-10,856,N21,VIIRS,n,2.0NRT,304.19,8.05,D
18.10056,73.43346,344.9,0.34,0.56,2026-04-10,856,N21,VIIRS,n,2.0NRT,314.43,7.73,D
18.11472,76.09368,335.24,0.52,0.67,2026-04-10,856,N21,VIIRS,l,2.0NRT,308.69,5.51,D
18.12106,73.76666,337.72,0.36,0.57,2026-04-10,856,N21,VIIRS,l,2.0NRT,309.33,5.25,D
18.12394,73.59834,338.5,0.35,0.57,2026-04-10,856,N21,VIIRS,n,2.0NRT,307.73,4.1,D
18.12889,78.30727,336.23,0.73,0.76,2026-04-10,856,N21,VIIRS,n,2.0NRT,299.87,7.59,D
18.14801,74.07018,339.44,0.38,0.59,2026-04-10,856,N21,VIIRS,l,2.0NRT,311.87,6.99,D
18.1813,74.89033,334.58,0.43,0.62,2026-04-10,856,N21,VIIRS,l,2.0NRT,307.28,2.36,D
18.18371,74.88979,335.97,0.43,0.62,2026-04-10,856,N21,VIIRS,l,2.0NRT,308.11,2.55,D
18.18932,78.19948,332.16,0.72,0.75,2026-04-10,856,N21,VIIRS,l,2.0NRT,302.43,13.15,D
18.18943,78.19866,332.75,0.72,0.75,2026-04-10,856,N21,VIIRS,n,2.0NRT,302.53,8.22,D
18.20363,73.49523,344.09,0.35,0.56,2026-04-10,856,N21,VIIRS,n,2.0NRT,311.78,11.17,D
18.20396,73.49831,343.15,0.35,0.56,2026-04-10,856,N21,VIIRS,n,2.0NRT,312.16,9.98,D
18.21179,73.20345,340.89,0.33,0.55,2026-04-10,856,N21,VIIRS,l,2.0NRT,313.83,7.39,D
18.32559,75.89342,331.83,0.5,0.66,2026-04-10,856,N21,VIIRS,l,2.0NRT,305.43,3.08,D
18.33941,73.91491,343.11,0.37,0.58,2026-04-10,856,N21,VIIRS,l,2.0NRT,316.02,3.85,D
18.33979,73.91857,341.77,0.37,0.58,2026-04-10,856,N21,VIIRS,l,2.0NRT,314.35,3.85,D
18.34475,73.9145,339.39,0.37,0.58,2026-04-10,856,N21,VIIRS,l,2.0NRT,310.59,3.67,D
18.36286,73.47742,332.5,0.35,0.57,2026-04-10,856,N21,VIIRS,l,2.0NRT,305.7,1.51,D
18.47159,73.49653,336.45,0.35,0.57,2026-04-10,856,N21,VIIRS,n,2.0NRT,306.56,4.12,D
18.47361,78.50505,330,0.76,0.77,2026-04-10,856,N21,VIIRS,l,2.0NRT,303.51,6.65,D
18.49976,73.41638,367,0.35,0.56,2026-04-10,856,N21,VIIRS,h,2.0NRT,311.16,11.78,D
18.50048,78.33199,333.18,0.74,0.76,2026-04-10,856,N21,VIIRS,l,2.0NRT,303.42,8.29,D
18.50141,78.33305,336.73,0.74,0.76,2026-04-10,856,N21,VIIRS,n,2.0NRT,303.73,6.28,D
18.51043,74.48525,341.52,0.41,0.6,2026-04-10,856,N21,VIIRS,n,2.0NRT,309.02,5.35,D
18.5139,73.59853,367,0.36,0.57,2026-04-10,856,N21,VIIRS,h,2.0NRT,308.03,5.58,D
18.51421,73.60146,335.25,0.36,0.57,2026-04-10,856,N21,VIIRS,n,2.0NRT,306.04,5.58,D
18.55683,73.14628,336.56,0.33,0.55,2026-04-10,856,N21,VIIRS,l,2.0NRT,307.15,3.4,D
18.57452,72.23959,338.31,0.58,0.52,2026-04-10,856,N21,VIIRS,n,2.0NRT,298.01,8.36,D
18.79914,73.67603,350.74,0.36,0.58,2026-04-10,856,N21,VIIRS,n,2.0NRT,313.3,6.35,D
18.79937,73.67683,351.44,0.36,0.58,2026-04-10,856,N21,VIIRS,n,2.0NRT,312.22,6.55,D
18.81543,76.41043,334.66,0.55,0.68,2026-04-10,856,N21,VIIRS,l,2.0NRT,308.19,3.98,D
18.8168,76.63541,338.36,0.57,0.69,2026-04-10,856,N21,VIIRS,l,2.0NRT,309.73,6.13,D
18.84163,73.18512,335.9,0.34,0.56,2026-04-10,856,N21,VIIRS,n,2.0NRT,305.82,2.35,D
18.84586,73.3665,334.17,0.35,0.56,2026-04-10,856,N21,VIIRS,l,2.0NRT,307.16,1.68,D
18.87252,73.4669,333.95,0.35,0.57,2026-04-10,856,N21,VIIRS,l,2.0NRT,306.79,1.95,D
18.87448,73.53358,345.91,0.36,0.57,2026-04-10,856,N21,VIIRS,n,2.0NRT,311.58,6.39,D
18.88402,76.28241,338.93,0.54,0.68,2026-04-10,856,N21,VIIRS,n,2.0NRT,308.77,5.19,D
18.89028,73.31994,334.94,0.34,0.56,2026-04-10,856,N21,VIIRS,l,2.0NRT,309.21,3.86,D
18.9018,75.03699,342.43,0.45,0.63,2026-04-10,856,N21,VIIRS,n,2.0NRT,309.42,5.97,D
18.94494,75.47758,331.72,0.48,0.65,2026-04-10,856,N21,VIIRS,l,2.0NRT,306.32,4.73,D
18.9454,75.48239,342.11,0.48,0.65,2026-04-10,856,N21,VIIRS,n,2.0NRT,306.17,4.83,D
18.95092,75.47754,338.32,0.48,0.65,2026-04-10,856,N21,VIIRS,l,2.0NRT,308.51,5.31,D
18.95138,75.48229,332.91,0.48,0.65,2026-04-10,856,N21,VIIRS,l,2.0NRT,306.95,5.04,D
18.97348,73.46115,367,0.35,0.57,2026-04-10,856,N21,VIIRS,h,2.0NRT,308,5.9,D
19.00925,75.17147,337.43,0.46,0.64,2026-04-10,856,N21,VIIRS,l,2.0NRT,310.12,4.36,D
19.01338,73.83323,341.79,0.37,0.58,2026-04-10,856,N21,VIIRS,n,2.0NRT,308.64,4.44,D
19.02804,73.51876,335.44,0.36,0.57,2026-04-10,856,N21,VIIRS,l,2.0NRT,309.78,5.69,D
19.04126,73.39341,367,0.35,0.57,2026-04-10,856,N21,VIIRS,h,2.0NRT,308.5,7.64,D
19.04161,73.39671,367,0.35,0.57,2026-04-10,856,N21,VIIRS,h,2.0NRT,311.4,7.64,D
19.0745,77.84644,333.29,0.69,0.75,2026-04-10,856,N21,VIIRS,l,2.0NRT,307.51,7.21,D
19.07967,75.10491,334.93,0.46,0.63,2026-04-10,856,N21,VIIRS,l,2.0NRT,308.01,2.64,D
19.09395,75.01064,333.46,0.45,0.63,2026-04-10,856,N21,VIIRS,l,2.0NRT,308.18,3.43,D
19.0985,74.21088,337.6,0.4,0.6,2026-04-10,856,N21,VIIRS,l,2.0NRT,308.28,4.11,D
19.10011,74.00916,337.95,0.39,0.59,2026-04-10,856,N21,VIIRS,n,2.0NRT,306.5,4.25,D
19.14818,77.60719,332.49,0.67,0.74,2026-04-10,856,N21,VIIRS,l,2.0NRT,306.91,2.39,D
19.19551,78.46839,331.84,0.77,0.77,2026-04-10,856,N21,VIIRS,l,2.0NRT,305.22,3.24,D
19.20432,78.48949,330.84,0.77,0.77,2026-04-10,856,N21,VIIRS,l,2.0NRT,303.36,3.46,D
19.23253,78.33376,345.24,0.75,0.77,2026-04-10,856,N21,VIIRS,n,2.0NRT,301.87,15.16,D
19.23308,78.3409,350.64,0.75,0.77,2026-04-10,856,N21,VIIRS,n,2.0NRT,303.49,15.16,D
19.23436,78.3346,367,0.75,0.77,2026-04-10,856,N21,VIIRS,h,2.0NRT,302.51,30.08,D
19.23495,78.3417,342.68,0.75,0.77,2026-04-10,856,N21,VIIRS,n,2.0NRT,303.43,23.07,D
19.23842,78.31831,330.87,0.75,0.77,2026-04-10,856,N21,VIIRS,l,2.0NRT,301.31,6.33,D
19.24017,78.31927,334.95,0.75,0.77,2026-04-10,856,N21,VIIRS,n,2.0NRT,302.12,5.4,D
19.26546,78.30231,331.56,0.75,0.77,2026-04-10,856,N21,VIIRS,l,2.0NRT,303.33,3.98,D
19.3037,77.81338,340.17,0.7,0.75,2026-04-10,856,N21,VIIRS,n,2.0NRT,305.65,9.39,D
19.30873,77.81202,348.57,0.7,0.75,2026-04-10,856,N21,VIIRS,n,2.0NRT,306.54,9.83,D
19.09789,73.46923,340.42,0.35,0.57,2026-04-10,858,N21,VIIRS,n,2.0NRT,310.28,5.07,D
19.1303,73.3251,336.68,0.35,0.56,2026-04-10,858,N21,VIIRS,l,2.0NRT,311.55,3.19,D
19.21782,73.29246,339.45,0.35,0.56,2026-04-10,858,N21,VIIRS,l,2.0NRT,309.58,2.4,D
19.23704,73.37613,340.79,0.35,0.57,2026-04-10,858,N21,VIIRS,n,2.0NRT,309.92,4.25,D
19.26671,73.3093,342.9,0.35,0.57,2026-04-10,858,N21,VIIRS,n,2.0NRT,310.52,4.57,D
19.27188,73.30862,336.96,0.35,0.57,2026-04-10,858,N21,VIIRS,l,2.0NRT,310.69,2.39,D
19.27223,73.31188,338.51,0.35,0.57,2026-04-10,858,N21,VIIRS,n,2.0NRT,311.12,3.05,D
19.34122,73.70726,335.69,0.37,0.58,2026-04-10,858,N21,VIIRS,l,2.0NRT,308.84,4.24,D
19.35384,73.47314,367,0.36,0.57,2026-04-10,858,N21,VIIRS,h,2.0NRT,314.63,8.28,D
19.35682,73.71136,367,0.37,0.58,2026-04-10,858,N21,VIIRS,h,2.0NRT,309,11.58,D
19.35913,75.83544,335.27,0.51,0.66,2026-04-10,858,N21,VIIRS,n,2.0NRT,306.07,3.3,D
19.36035,73.6931,367,0.37,0.58,2026-04-10,858,N21,VIIRS,h,2.0NRT,312.13,15.24,D
19.3607,73.69654,367,0.37,0.58,2026-04-10,858,N21,VIIRS,h,2.0NRT,311.27,17.66,D
19.36124,75.79105,353.51,0.51,0.66,2026-04-10,858,N21,VIIRS,n,2.0NRT,309.26,15.22,D
19.36886,71.35326,339.66,0.52,0.5,2026-04-10,858,N21,VIIRS,n,2.0NRT,298.38,10.45,D
19.40564,73.66347,367,0.37,0.58,2026-04-10,858,N21,VIIRS,h,2.0NRT,313.81,8.59,D
19.44509,73.32632,343.27,0.35,0.57,2026-04-10,858,N21,VIIRS,n,2.0NRT,310.58,2.64,D
19.48888,73.69931,348.72,0.37,0.58,2026-04-10,858,N21,VIIRS,n,2.0NRT,308.19,9.24,D
19.48911,73.70158,345.9,0.37,0.58,2026-04-10,858,N21,VIIRS,n,2.0NRT,307.64,8.32,D
19.54751,73.23418,367,0.35,0.56,2026-04-10,858,N21,VIIRS,h,2.0NRT,314.85,9.82,D
19.55233,73.23032,351.89,0.35,0.56,2026-04-10,858,N21,VIIRS,n,2.0NRT,311.05,5.67,D
19.55268,73.23359,354.39,0.35,0.56,2026-04-10,858,N21,VIIRS,n,2.0NRT,312.21,5.67,D
19.58128,73.35592,342.15,0.35,0.57,2026-04-10,858,N21,VIIRS,l,2.0NRT,313.44,9.75,D
19.58691,73.56312,346.03,0.36,0.58,2026-04-10,858,N21,VIIRS,n,2.0NRT,312.68,5.87,D
19.59711,72.9351,337.34,0.33,0.55,2026-04-10,858,N21,VIIRS,n,2.0NRT,306.72,3.67,D
19.59798,73.19618,346.21,0.34,0.56,2026-04-10,858,N21,VIIRS,n,2.0NRT,310.94,4,D
19.60548,73.06576,341.92,0.34,0.56,2026-04-10,858,N21,VIIRS,l,2.0NRT,313.69,5.61,D
19.6058,73.06889,348.89,0.34,0.56,2026-04-10,858,N21,VIIRS,n,2.0NRT,314.34,5.61,D
19.6066,75.5015,331.11,0.49,0.65,2026-04-10,858,N21,VIIRS,l,2.0NRT,305.46,1.5,D
19.63619,77.69753,337.35,0.69,0.74,2026-04-10,858,N21,VIIRS,n,2.0NRT,304.77,6.5,D
19.63671,77.70397,334.1,0.69,0.74,2026-04-10,858,N21,VIIRS,l,2.0NRT,306.42,6.5,D
19.66382,73.37837,350.3,0.36,0.57,2026-04-10,858,N21,VIIRS,n,2.0NRT,310.83,5.75,D
19.67188,73.45669,338.49,0.36,0.57,2026-04-10,858,N21,VIIRS,l,2.0NRT,308.86,5.96,D
19.67679,73.71732,337.47,0.37,0.58,2026-04-10,858,N21,VIIRS,l,2.0NRT,309.63,3.87,D
19.68099,73.70526,337.33,0.37,0.58,2026-04-10,858,N21,VIIRS,l,2.0NRT,308.19,2.82,D
19.68595,75.30318,347.3,0.48,0.65,2026-04-10,858,N21,VIIRS,n,2.0NRT,308.7,6.12,D
19.68635,75.30768,339.54,0.48,0.65,2026-04-10,858,N21,VIIRS,n,2.0NRT,307.75,6.12,D
19.68747,75.30438,367,0.48,0.65,2026-04-10,858,N21,VIIRS,h,2.0NRT,309.46,9.81,D
19.69705,74.103,336.22,0.4,0.6,2026-04-10,858,N21,VIIRS,n,2.0NRT,305.03,0.84,D
19.69935,74.45701,338.61,0.42,0.61,2026-04-10,858,N21,VIIRS,n,2.0NRT,306.07,4.82,D
19.72599,75.09219,335.65,0.46,0.64,2026-04-10,858,N21,VIIRS,l,2.0NRT,306.55,3.02,D
19.75804,76.26618,336.32,0.56,0.68,2026-04-10,858,N21,VIIRS,l,2.0NRT,308.44,4.88,D
19.7761,73.97952,332.31,0.39,0.59,2026-04-10,858,N21,VIIRS,l,2.0NRT,307.04,1.23,D
19.77987,73.7927,332.45,0.38,0.59,2026-04-10,858,N21,VIIRS,l,2.0NRT,307.08,2.85,D
19.78719,73.89348,336.5,0.39,0.59,2026-04-10,858,N21,VIIRS,l,2.0NRT,309.19,4.12,D
19.78969,73.89308,336.77,0.39,0.59,2026-04-10,858,N21,VIIRS,l,2.0NRT,308.63,3.23,D
19.81156,75.00002,331.9,0.46,0.63,2026-04-10,858,N21,VIIRS,l,2.0NRT,306.5,1.61,D
19.84633,75.05759,341.25,0.46,0.64,2026-04-10,858,N21,VIIRS,n,2.0NRT,308.82,8.35,D
19.85323,73.8723,342.03,0.39,0.59,2026-04-10,858,N21,VIIRS,n,2.0NRT,310.01,2.6,D
19.87255,78.31951,333.91,0.76,0.77,2026-04-10,858,N21,VIIRS,l,2.0NRT,307.13,4.22,D
19.93541,74.12912,344.61,0.4,0.6,2026-04-10,858,N21,VIIRS,n,2.0NRT,308.64,4.25,D
19.94161,73.85658,335.55,0.39,0.59,2026-04-10,858,N21,VIIRS,l,2.0NRT,308.03,2.33,D
19.94687,77.56406,339.18,0.68,0.74,2026-04-10,858,N21,VIIRS,n,2.0NRT,308.06,4.22,D
20.00189,76.42104,333.72,0.57,0.69,2026-04-10,858,N21,VIIRS,l,2.0NRT,307.61,2.95,D
20.02105,74.20528,345.69,0.41,0.6,2026-04-10,858,N21,VIIRS,n,2.0NRT,309.33,5.6,D
20.0211,74.20486,342.19,0.41,0.6,2026-04-10,858,N21,VIIRS,n,2.0NRT,309.29,5.61,D
20.03123,73.37633,333.85,0.36,0.57,2026-04-10,858,N21,VIIRS,l,2.0NRT,306.05,2.84,D
20.10118,73.64943,349.57,0.38,0.58,2026-04-10,858,N21,VIIRS,n,2.0NRT,308.28,3.17,D
20.109,75.74586,367,0.52,0.67,2026-04-10,858,N21,VIIRS,h,2.0NRT,309.42,12.58,D
20.1237,77.40671,333.02,0.67,0.73,2026-04-10,858,N21,VIIRS,l,2.0NRT,306.85,4.44,D
20.12615,76.41677,333.67,0.57,0.69,2026-04-10,858,N21,VIIRS,l,2.0NRT,307.04,1.48,D
20.12895,76.41644,335.23,0.57,0.69,2026-04-10,858,N21,VIIRS,l,2.0NRT,308.31,2.46,D
20.13709,73.9036,367,0.39,0.59,2026-04-10,858,N21,VIIRS,h,2.0NRT,311.44,14.51,D
20.1553,73.59729,332.75,0.37,0.58,2026-04-10,858,N21,VIIRS,l,2.0NRT,307.1,2.91,D
20.15758,75.80591,337.76,0.52,0.67,2026-04-10,858,N21,VIIRS,n,2.0NRT,307.56,2.51,D
20.15923,77.12143,336.65,0.64,0.72,2026-04-10,858,N21,VIIRS,l,2.0NRT,309.37,3.22,D
20.18835,73.29527,343.28,0.36,0.57,2026-04-10,858,N21,VIIRS,n,2.0NRT,307.78,2.82,D
20.1943,73.62295,340.28,0.37,0.58,2026-04-10,858,N21,VIIRS,n,2.0NRT,309.27,3.85,D
20.20037,75.44978,334.85,0.5,0.65,2026-04-10,858,N21,VIIRS,l,2.0NRT,309.4,4.43,D
20.21273,78.01667,337.05,0.73,0.76,2026-04-10,858,N21,VIIRS,n,2.0NRT,306.43,4.69,D
20.23315,72.7933,332.13,0.33,0.55,2026-04-10,858,N21,VIIRS,l,2.0NRT,305.61,1.84,D
20.24003,73.38503,336.59,0.36,0.57,2026-04-10,858,N21,VIIRS,l,2.0NRT,308.62,1.39,D
20.24354,73.41888,335.6,0.36,0.58,2026-04-10,858,N21,VIIRS,l,2.0NRT,307.8,1.45,D
20.26672,78.38881,332.54,0.78,0.78,2026-04-10,858,N21,VIIRS,l,2.0NRT,305.43,4.4,D
20.26961,78.38579,331.78,0.78,0.78,2026-04-10,858,N21,VIIRS,l,2.0NRT,305.54,5.58,D
20.28317,77.84614,336.42,0.72,0.75,2026-04-10,858,N21,VIIRS,l,2.0NRT,306.98,6.35,D
20.33659,73.54947,345.06,0.37,0.58,2026-04-10,858,N21,VIIRS,n,2.0NRT,310.2,5.18,D
20.33899,73.57333,346.5,0.37,0.58,2026-04-10,858,N21,VIIRS,n,2.0NRT,310.26,5.77,D
20.33936,73.57693,347.1,0.37,0.58,2026-04-10,858,N21,VIIRS,n,2.0NRT,308.72,6.12,D
20.34108,77.59436,336.71,0.69,0.74,2026-04-10,858,N21,VIIRS,l,2.0NRT,308.21,3.56,D
20.36328,73.49469,343.69,0.37,0.58,2026-04-10,858,N21,VIIRS,n,2.0NRT,308.67,4.64,D
20.38577,73.08906,336.31,0.35,0.56,2026-04-10,858,N21,VIIRS,l,2.0NRT,307.46,3.31,D
20.41042,73.65738,342.62,0.38,0.59,2026-04-10,858,N21,VIIRS,n,2.0NRT,310.91,6.56,D
20.43071,73.69838,342.29,0.38,0.59,2026-04-10,858,N21,VIIRS,n,2.0NRT,309.99,3.62,D
20.43201,73.6562,334.23,0.38,0.59,2026-04-10,858,N21,VIIRS,l,2.0NRT,308.33,2.28,D
20.43523,76.94904,334.45,0.63,0.72,2026-04-10,858,N21,VIIRS,l,2.0NRT,307.96,6.51,D
20.50502,77.9202,338.65,0.73,0.76,2026-04-10,858,N21,VIIRS,n,2.0NRT,306.33,10.05,D
20.53827,73.94049,342.63,0.4,0.6,2026-04-10,858,N21,VIIRS,n,2.0NRT,309.64,4.77,D
20.5477,78.03215,340.79,0.74,0.76,2026-04-10,858,N21,VIIRS,n,2.0NRT,306.34,10,D
20.5485,78.02991,332.26,0.74,0.76,2026-04-10,858,N21,VIIRS,l,2.0NRT,306.23,4.48,D
20.54905,78.03704,334.5,0.74,0.76,2026-04-10,858,N21,VIIRS,l,2.0NRT,305.76,8.94,D
20.59354,78.33878,331.87,0.78,0.78,2026-04-10,858,N21,VIIRS,l,2.0NRT,305.14,4.75,D
20.59577,73.48464,350.22,0.37,0.58,2026-04-10,858,N21,VIIRS,n,2.0NRT,309.82,6.38,D
20.59682,73.48559,354.97,0.37,0.58,2026-04-10,858,N21,VIIRS,n,2.0NRT,310.08,6.45,D
20.59743,78.33364,330.86,0.78,0.78,2026-04-10,858,N21,VIIRS,l,2.0NRT,305.09,3.64,D
20.61314,73.49731,336.38,0.37,0.58,2026-04-10,858,N21,VIIRS,l,2.0NRT,309.19,2.06,D
20.62048,74.51765,334.85,0.43,0.62,2026-04-10,858,N21,VIIRS,l,2.0NRT,306.94,2.79,D
20.62052,77.13949,334.21,0.65,0.73,2026-04-10,858,N21,VIIRS,l,2.0NRT,307.88,2.49,D
20.66015,73.53653,347.28,0.37,0.58,2026-04-10,858,N21,VIIRS,n,2.0NRT,310.71,5.42,D
20.68119,73.80389,334.39,0.39,0.59,2026-04-10,858,N21,VIIRS,n,2.0NRT,307.58,2.61,D
20.69094,73.7362,353.51,0.39,0.59,2026-04-10,858,N21,VIIRS,n,2.0NRT,309.24,5.39,D
20.7069,73.53491,335.57,0.38,0.58,2026-04-10,858,N21,VIIRS,n,2.0NRT,307.19,2.36,D
20.70725,73.53854,336.03,0.38,0.58,2026-04-10,858,N21,VIIRS,n,2.0NRT,306.26,2.76,D
20.70941,73.67551,333.86,0.38,0.59,2026-04-10,858,N21,VIIRS,l,2.0NRT,306.91,5.15,D
20.71208,73.47664,332.77,0.37,0.58,2026-04-10,858,N21,VIIRS,l,2.0NRT,307.48,2.71,D
20.71218,73.67578,334.98,0.38,0.59,2026-04-10,858,N21,VIIRS,l,2.0NRT,306.35,4.05,D
20.71803,73.67959,349.41,0.38,0.59,2026-04-10,858,N21,VIIRS,n,2.0NRT,306.4,4.88,D
20.7184,73.68326,335.88,0.38,0.59,2026-04-10,858,N21,VIIRS,n,2.0NRT,305.8,4.39,D
20.72069,73.67949,345.77,0.38,0.59,2026-04-10,858,N21,VIIRS,n,2.0NRT,305.3,6.79,D
20.72103,73.68314,333.59,0.38,0.59,2026-04-10,858,N21,VIIRS,l,2.0NRT,305.1,6.3,D
20.73227,73.51794,345.06,0.37,0.58,2026-04-10,858,N21,VIIRS,n,2.0NRT,307.87,5.94,D
20.73695,73.51062,338.68,0.37,0.58,2026-04-10,858,N21,VIIRS,n,2.0NRT,306.28,8.02,D
20.73727,73.51385,341.48,0.37,0.58,2026-04-10,858,N21,VIIRS,n,2.0NRT,306.41,5.94,D
20.73757,73.51693,355.51,0.37,0.58,2026-04-10,858,N21,VIIRS,n,2.0NRT,307.2,5.94,D
20.74946,73.75179,338.09,0.39,0.59,2026-04-10,858,N21,VIIRS,l,2.0NRT,309.02,4.25,D
20.74996,76.62296,349.11,0.6,0.71,2026-04-10,858,N21,VIIRS,n,2.0NRT,311.83,10.99,D
20.75074,73.65189,345.91,0.38,0.59,2026-04-10,858,N21,VIIRS,n,2.0NRT,310.37,3.97,D
20.75076,76.6238,344.69,0.6,0.71,2026-04-10,858,N21,VIIRS,n,2.0NRT,311.46,8.9,D
20.7973,73.42406,339.28,0.37,0.58,2026-04-10,858,N21,VIIRS,n,2.0NRT,308.11,2.98,D
20.79813,73.42281,339.3,0.37,0.58,2026-04-10,858,N21,VIIRS,n,2.0NRT,307.73,3.24,D
20.79996,73.50845,333.91,0.37,0.58,2026-04-10,858,N21,VIIRS,l,2.0NRT,306.05,1.78,D
20.80139,73.50703,334.18,0.37,0.58,2026-04-10,858,N21,VIIRS,l,2.0NRT,306.91,2.6,D
20.82315,73.72127,353.4,0.39,0.59,2026-04-10,858,N21,VIIRS,n,2.0NRT,310.24,6.11,D
20.83676,73.55374,334.71,0.38,0.59,2026-04-10,858,N21,VIIRS,l,2.0NRT,307.88,2.16,D
20.84208,73.55272,342.52,0.38,0.59,2026-04-10,858,N21,VIIRS,n,2.0NRT,309.36,6.31,D
20.84775,73.55531,351.97,0.38,0.59,2026-04-10,858,N21,VIIRS,n,2.0NRT,307.32,6.31,D
20.8481,73.55885,344.22,0.38,0.59,2026-04-10,858,N21,VIIRS,n,2.0NRT,306.11,5.56,D
20.84845,73.56246,332.54,0.38,0.59,2026-04-10,858,N21,VIIRS,l,2.0NRT,306.32,5.56,D
20.84932,76.05665,351.5,0.55,0.68,2026-04-10,858,N21,VIIRS,n,2.0NRT,311.59,8.75,D
20.88158,73.40706,343.89,0.37,0.58,2026-04-10,858,N21,VIIRS,n,2.0NRT,310.91,2.81,D
20.93798,73.69591,341.81,0.39,0.59,2026-04-10,858,N21,VIIRS,n,2.0NRT,308.72,4.19,D
20.93835,73.69956,346.81,0.39,0.59,2026-04-10,858,N21,VIIRS,n,2.0NRT,312.22,4.19,D
20.94059,73.69851,340.88,0.39,0.59,2026-04-10,858,N21,VIIRS,n,2.0NRT,309.1,4.53,D
20.95258,73.76743,345.69,0.39,0.59,2026-04-10,858,N21,VIIRS,n,2.0NRT,310.26,2.36,D
20.95803,73.76697,338.6,0.39,0.59,2026-04-10,858,N21,VIIRS,n,2.0NRT,312.45,1.1,D
20.96238,73.69747,344.48,0.39,0.59,2026-04-10,858,N21,VIIRS,n,2.0NRT,308.52,5.25,D
20.96276,73.70145,347.83,0.39,0.59,2026-04-10,858,N21,VIIRS,n,2.0NRT,307.86,7.36,D
20.99829,76.35704,336.19,0.58,0.7,2026-04-10,858,N21,VIIRS,l,2.0NRT,309.21,2.99,D
21.01144,73.69511,337.51,0.39,0.59,2026-04-10,858,N21,VIIRS,l,2.0NRT,310.56,2.53,D
21.04167,75.76003,339.94,0.53,0.67,2026-04-10,858,N21,VIIRS,l,2.0NRT,310,6.88,D
21.04703,73.87766,339.87,0.4,0.6,2026-04-10,858,N21,VIIRS,l,2.0NRT,313.13,7.18,D
21.05157,73.87761,341.52,0.4,0.6,2026-04-10,858,N21,VIIRS,n,2.0NRT,313.55,6.08,D
21.10143,72.6356,343.11,0.33,0.55,2026-04-10,858,N21,VIIRS,n,2.0NRT,308.25,4.41,D
21.10241,72.6451,336.82,0.33,0.55,2026-04-10,858,N21,VIIRS,l,2.0NRT,307,6.05,D
21.12372,76.94815,337.5,0.64,0.72,2026-04-10,858,N21,VIIRS,l,2.0NRT,308.2,5.95,D
21.12524,76.94698,335.27,0.64,0.72,2026-04-10,858,N21,VIIRS,l,2.0NRT,307.6,2.98,D
21.12995,73.70623,338.17,0.39,0.59,2026-04-10,858,N21,VIIRS,l,2.0NRT,311.95,2.42,D
21.13031,73.70991,337.89,0.39,0.59,2026-04-10,858,N21,VIIRS,l,2.0NRT,311.19,2.42,D
21.13202,73.70829,339.69,0.39,0.59,2026-04-10,858,N21,VIIRS,l,2.0NRT,313.19,7.05,D
21.2099,71.86716,336.44,0.59,0.53,2026-04-10,858,N21,VIIRS,l,2.0NRT,309.69,3.74,D
21.29106,75.48664,333.22,0.51,0.66,2026-04-10,858,N21,VIIRS,l,2.0NRT,307.38,2.11,D
21.30041,77.36307,337.4,0.68,0.74,2026-04-10,858,N21,VIIRS,l,2.0NRT,309.06,10.81,D
21.30203,73.79942,367,0.4,0.6,2026-04-10,858,N21,VIIRS,h,2.0NRT,315.07,12.62,D
21.31103,75.50425,342.98,0.51,0.66,2026-04-10,858,N21,VIIRS,n,2.0NRT,309.25,6.03,D
21.31201,75.44685,340.32,0.51,0.66,2026-04-10,858,N21,VIIRS,l,2.0NRT,312.36,7.62,D
21.31214,75.50445,346.76,0.52,0.66,2026-04-10,858,N21,VIIRS,n,2.0NRT,309.17,3.78,D
21.31281,70.96492,339.09,0.52,0.5,2026-04-10,858,N21,VIIRS,l,2.0NRT,312.41,10.41,D
21.31349,75.44705,342.2,0.51,0.66,2026-04-10,858,N21,VIIRS,n,2.0NRT,312.62,6.6,D
21.31809,73.79378,337.19,0.4,0.6,2026-04-10,858,N21,VIIRS,l,2.0NRT,311.06,7.46,D
21.31811,75.58372,338.9,0.52,0.67,2026-04-10,858,N21,VIIRS,l,2.0NRT,309.02,3.77,D
21.3187,75.58414,337.86,0.52,0.67,2026-04-10,858,N21,VIIRS,l,2.0NRT,308.7,7.9,D
21.32327,75.5724,344.45,0.52,0.67,2026-04-10,858,N21,VIIRS,n,2.0NRT,310.04,9.29,D
21.32393,75.57279,339.93,0.52,0.67,2026-04-10,858,N21,VIIRS,n,2.0NRT,309.85,8.17,D
21.368,73.908,342.24,0.4,0.6,2026-04-10,858,N21,VIIRS,n,2.0NRT,311.82,5.15,D
21.36824,73.90797,337.07,0.4,0.6,2026-04-10,858,N21,VIIRS,l,2.0NRT,311.24,6.61,D
21.37313,72.94949,336.02,0.35,0.57,2026-04-10,858,N21,VIIRS,l,2.0NRT,310.11,2.2,D
21.37584,70.32709,344.72,0.47,0.48,2026-04-10,858,N21,VIIRS,l,2.0NRT,316.4,25.5,D
21.39399,73.64916,338.03,0.39,0.59,2026-04-10,858,N21,VIIRS,n,2.0NRT,309.11,3.7,D
21.39407,73.26117,348.82,0.37,0.58,2026-04-10,858,N21,VIIRS,n,2.0NRT,309.88,18.24,D
21.39435,73.65295,338.41,0.39,0.59,2026-04-10,858,N21,VIIRS,n,2.0NRT,310.21,3.78,D
21.39443,73.26481,367,0.37,0.58,2026-04-10,858,N21,VIIRS,h,2.0NRT,316.84,18.24,D
21.39472,73.65683,338.67,0.39,0.59,2026-04-10,858,N21,VIIRS,n,2.0NRT,310.94,3.78,D
21.39863,73.25328,341.08,0.37,0.58,2026-04-10,858,N21,VIIRS,n,2.0NRT,310.32,4.36,D
21.40018,73.65653,336.42,0.39,0.59,2026-04-10,858,N21,VIIRS,l,2.0NRT,311,3.78,D
21.40424,71.03199,339.19,0.52,0.5,2026-04-10,858,N21,VIIRS,l,2.0NRT,310.6,4.2,D
21.42331,75.0005,342.74,0.48,0.65,2026-04-10,858,N21,VIIRS,l,2.0NRT,313.54,9.98,D
21.42895,74.42278,336.92,0.44,0.62,2026-04-10,858,N21,VIIRS,l,2.0NRT,309.25,3.3,D
21.42969,71.97108,343.01,0.6,0.53,2026-04-10,858,N21,VIIRS,n,2.0NRT,308.68,16.97,D
21.43379,72.70357,331.28,0.34,0.56,2026-04-10,858,N21,VIIRS,l,2.0NRT,304.77,4.03,D
21.43889,72.70296,348.06,0.34,0.56,2026-04-10,858,N21,VIIRS,n,2.0NRT,308.59,6.6,D
21.43922,72.70619,334.68,0.34,0.56,2026-04-10,858,N21,VIIRS,l,2.0NRT,306.45,6.31,D
21.4431,73.70249,340.84,0.39,0.59,2026-04-10,858,N21,VIIRS,l,2.0NRT,314.59,5.98,D
21.48506,71.52479,344.77,0.57,0.52,2026-04-10,858,N21,VIIRS,n,2.0NRT,315.51,17.45,D
21.48512,76.94818,344.13,0.64,0.72,2026-04-10,858,N21,VIIRS,n,2.0NRT,310.12,8.06,D
21.49206,78.10561,330.04,0.77,0.77,2026-04-10,858,N21,VIIRS,l,2.0NRT,304.3,6.85,D
21.49217,77.12815,352.45,0.66,0.73,2026-04-10,858,N21,VIIRS,n,2.0NRT,309.36,14.79,D
21.50328,74.16826,336.5,0.42,0.61,2026-04-10,858,N21,VIIRS,l,2.0NRT,308.44,3.95,D
21.5365,71.64568,343.41,0.58,0.52,2026-04-10,858,N21,VIIRS,n,2.0NRT,314.77,13.61,D
21.53709,71.65121,339.69,0.58,0.52,2026-04-10,858,N21,VIIRS,l,2.0NRT,313.24,11.97,D
21.5752,74.20942,342.72,0.43,0.62,2026-04-10,858,N21,VIIRS,n,2.0NRT,310.5,3.54,D
21.57676,71.51669,345.5,0.57,0.52,2026-04-10,858,N21,VIIRS,n,2.0NRT,316.57,11.62,D
21.60267,70.20074,343.01,0.47,0.47,2026-04-10,858,N21,VIIRS,n,2.0NRT,310,7.06,D
21.65364,69.8666,339.35,0.44,0.46,2026-04-10,858,N21,VIIRS,l,2.0NRT,311.55,7.67,D
21.67106,70.12946,337.14,0.46,0.47,2026-04-10,858,N21,VIIRS,l,2.0NRT,309.76,6.44,D
21.67157,70.1339,345.95,0.46,0.47,2026-04-10,858,N21,VIIRS,n,2.0NRT,311.76,6.44,D
21.67414,77.33469,335.3,0.68,0.74,2026-04-10,858,N21,VIIRS,n,2.0NRT,303.73,7.02,D
21.67466,77.3413,342.67,0.69,0.74,2026-04-10,858,N21,VIIRS,n,2.0NRT,303.88,7.02,D
21.67655,77.33965,350.55,0.69,0.74,2026-04-10,858,N21,VIIRS,n,2.0NRT,305.23,16.75,D
21.68661,73.15045,338.3,0.36,0.58,2026-04-10,858,N21,VIIRS,n,2.0NRT,309.79,7.77,D
21.68695,73.15392,367,0.36,0.58,2026-04-10,858,N21,VIIRS,h,2.0NRT,313.43,7.77,D
21.69617,73.35869,346.01,0.38,0.58,2026-04-10,858,N21,VIIRS,n,2.0NRT,310.99,6.66,D
21.70909,72.67118,336.42,0.34,0.56,2026-04-10,858,N21,VIIRS,l,2.0NRT,309.91,2.21,D
21.71058,71.2337,341.03,0.54,0.51,2026-04-10,858,N21,VIIRS,l,2.0NRT,315.69,13.66,D
21.71163,76.74596,354.32,0.63,0.72,2026-04-10,858,N21,VIIRS,n,2.0NRT,306.78,15.95,D
21.71207,76.75188,350,0.63,0.72,2026-04-10,858,N21,VIIRS,n,2.0NRT,306.9,17.5,D
21.71221,77.74924,338,0.73,0.76,2026-04-10,858,N21,VIIRS,n,2.0NRT,305.88,10.06,D
21.71238,71.16475,339.41,0.54,0.51,2026-04-10,858,N21,VIIRS,l,2.0NRT,313.9,13.15,D
21.71254,76.74513,340.54,0.63,0.72,2026-04-10,858,N21,VIIRS,n,2.0NRT,305.98,12.42,D
21.71283,77.75046,338.56,0.73,0.76,2026-04-10,858,N21,VIIRS,n,2.0NRT,305.93,11.86,D
21.71301,76.75104,367,0.63,0.72,2026-04-10,858,N21,VIIRS,h,2.0NRT,308.08,12.42,D
21.7142,72.67058,337.99,0.34,0.56,2026-04-10,858,N21,VIIRS,l,2.0NRT,309.79,3.41,D
21.71915,77.74851,338.26,0.73,0.76,2026-04-10,858,N21,VIIRS,n,2.0NRT,307.39,5.76,D
21.73484,72.77412,367,0.34,0.56,2026-04-10,858,N21,VIIRS,h,2.0NRT,315.26,8.28,D
21.73516,72.77743,350.54,0.34,0.56,2026-04-10,858,N21,VIIRS,n,2.0NRT,313.97,8.28,D
21.77544,69.87701,348.08,0.45,0.47,2026-04-10,858,N21,VIIRS,n,2.0NRT,312.12,12.65,D
21.77783,70.1616,349.09,0.47,0.47,2026-04-10,858,N21,VIIRS,n,2.0NRT,311.92,10.86,D
21.78534,73.88606,335.42,0.41,0.6,2026-04-10,858,N21,VIIRS,l,2.0NRT,309.56,1.81,D
21.8028,76.24174,348.43,0.58,0.7,2026-04-10,858,N21,VIIRS,n,2.0NRT,307.34,6.42,D
21.80392,72.70988,348.03,0.34,0.56,2026-04-10,858,N21,VIIRS,n,2.0NRT,314.9,5.65,D
21.80476,76.23939,337.82,0.58,0.7,2026-04-10,858,N21,VIIRS,n,2.0NRT,307.27,4.8,D
21.81446,76.96284,330.76,0.65,0.73,2026-04-10,858,N21,VIIRS,l,2.0NRT,305.53,7.31,D
21.81496,76.96936,330.14,0.65,0.73,2026-04-10,858,N21,VIIRS,l,2.0NRT,305.07,7.31,D
21.81638,69.97899,336.27,0.45,0.47,2026-04-10,858,N21,VIIRS,l,2.0NRT,306.82,1.71,D
21.81759,69.97625,337.26,0.45,0.47,2026-04-10,858,N21,VIIRS,l,2.0NRT,307.54,2.63,D
21.82119,72.94406,340.91,0.35,0.57,2026-04-10,858,N21,VIIRS,n,2.0NRT,311.81,2.72,D
21.8264,72.94346,367,0.35,0.57,2026-04-10,858,N21,VIIRS,h,2.0NRT,312.56,7.99,D
21.83531,71.9509,340.76,0.61,0.53,2026-04-10,858,N21,VIIRS,l,2.0NRT,315.7,7.67,D
21.89422,69.56461,341.43,0.43,0.46,2026-04-10,858,N21,VIIRS,l,2.0NRT,312.62,5.02,D
21.89469,69.56874,340.96,0.43,0.46,2026-04-10,858,N21,VIIRS,n,2.0NRT,310.86,5.02,D
21.90874,76.22191,334.76,0.58,0.7,2026-04-10,858,N21,VIIRS,l,2.0NRT,309.5,1.77,D
21.9452,69.3182,344.48,0.42,0.45,2026-04-10,858,N21,VIIRS,n,2.0NRT,307.91,4.59,D
21.94577,72.54395,340.98,0.33,0.56,2026-04-10,858,N21,VIIRS,l,2.0NRT,314.71,9.81,D
21.96312,73.32361,334.63,0.38,0.58,2026-04-10,858,N21,VIIRS,l,2.0NRT,307.65,2.31,D
21.96319,70.09504,340.92,0.46,0.47,2026-04-10,858,N21,VIIRS,l,2.0NRT,311.23,7.84,D
21.96813,73.31936,340.3,0.38,0.58,2026-04-10,858,N21,VIIRS,n,2.0NRT,310.8,3.59,D
21.9687,70.14418,345.46,0.47,0.48,2026-04-10,858,N21,VIIRS,l,2.0NRT,315.52,15.65,D
22.01281,76.04332,336.01,0.57,0.69,2026-04-10,858,N21,VIIRS,l,2.0NRT,310.2,5.61,D
22.01959,76.04835,341.94,0.57,0.69,2026-04-10,858,N21,VIIRS,n,2.0NRT,309.13,5.61,D
22.02591,76.04769,342.65,0.57,0.69,2026-04-10,858,N21,VIIRS,n,2.0NRT,309.73,6.61,D
22.02914,76.17079,336.34,0.58,0.7,2026-04-10,858,N21,VIIRS,l,2.0NRT,308.14,3.56,D
22.03065,75.33223,339.11,0.51,0.66,2026-04-10,858,N21,VIIRS,l,2.0NRT,311.34,7.03,D
22.03527,75.33265,341.82,0.51,0.66,2026-04-10,858,N21,VIIRS,n,2.0NRT,309.02,7.44,D
22.03553,76.17027,335.75,0.58,0.7,2026-04-10,858,N21,VIIRS,l,2.0NRT,308.72,3.81,D
22.03569,75.33755,353.97,0.51,0.66,2026-04-10,858,N21,VIIRS,n,2.0NRT,309.66,7.44,D
22.03712,75.33659,352.57,0.51,0.66,2026-04-10,858,N21,VIIRS,n,2.0NRT,309.01,10.98,D
22.04941,73.90441,349.73,0.41,0.61,2026-04-10,858,N21,VIIRS,n,2.0NRT,311.79,4.85,D
22.04976,73.90826,344.36,0.41,0.61,2026-04-10,858,N21,VIIRS,n,2.0NRT,310.92,4.85,D
22.05572,76.78497,336.7,0.64,0.72,2026-04-10,858,N21,VIIRS,l,2.0NRT,310.63,10.32,D
22.05748,76.78615,343.21,0.64,0.72,2026-04-10,858,N21,VIIRS,n,2.0NRT,311.5,3.25,D
22.0642,76.90214,351.91,0.65,0.73,2026-04-10,858,N21,VIIRS,n,2.0NRT,309.44,16.77,D
22.06671,76.90314,367,0.65,0.73,2026-04-10,858,N21,VIIRS,h,2.0NRT,311.49,15.8,D
22.068,72.54471,341.4,0.33,0.56,2026-04-10,858,N21,VIIRS,n,2.0NRT,312.99,5.51,D
22.07086,76.90155,367,0.65,0.73,2026-04-10,858,N21,VIIRS,h,2.0NRT,312.19,16.77,D
22.07337,76.9026,352.6,0.65,0.73,2026-04-10,858,N21,VIIRS,n,2.0NRT,310.94,15.8,D
22.09275,69.3484,337.37,0.42,0.45,2026-04-10,858,N21,VIIRS,l,2.0NRT,308.96,4.71,D
22.09499,76.43315,336.47,0.6,0.71,2026-04-10,858,N21,VIIRS,l,2.0NRT,310.97,4.69,D
22.09989,70.15982,344.03,0.47,0.48,2026-04-10,858,N21,VIIRS,l,2.0NRT,315.32,9.3,D
22.10484,76.23193,343.75,0.59,0.7,2026-04-10,858,N21,VIIRS,n,2.0NRT,311.77,6.5,D
22.10675,76.23186,339.83,0.59,0.7,2026-04-10,858,N21,VIIRS,l,2.0NRT,310.82,3.53,D
22.11446,76.43174,344.72,0.6,0.71,2026-04-10,858,N21,VIIRS,n,2.0NRT,312.27,9.66,D
22.11511,76.43204,341.19,0.6,0.71,2026-04-10,858,N21,VIIRS,l,2.0NRT,311.24,11.33,D
22.11709,71.93887,344.52,0.61,0.54,2026-04-10,858,N21,VIIRS,n,2.0NRT,316.54,12.27,D
22.17467,70.0661,351.64,0.47,0.47,2026-04-10,858,N21,VIIRS,n,2.0NRT,317.56,15.52,D
22.18018,70.79978,341.77,0.52,0.5,2026-04-10,858,N21,VIIRS,l,2.0NRT,314.53,12.72,D
22.18498,69.48499,345.27,0.43,0.46,2026-04-10,858,N21,VIIRS,n,2.0NRT,311.05,18.47,D
22.18603,69.48133,345.98,0.43,0.46,2026-04-10,858,N21,VIIRS,n,2.0NRT,314.14,22.52,D
22.18984,75.54133,335.91,0.53,0.67,2026-04-10,858,N21,VIIRS,l,2.0NRT,309.92,8.28,D
22.1947,76.17551,336.93,0.58,0.7,2026-04-10,858,N21,VIIRS,l,2.0NRT,309.98,7.99,D
22.20996,72.34353,367,0.33,0.55,2026-04-10,858,N21,VIIRS,h,2.0NRT,311.2,10.77,D
22.24387,69.43163,339.15,0.43,0.46,2026-04-10,858,N21,VIIRS,l,2.0NRT,312.05,37.75,D
22.27232,69.38634,343.79,0.42,0.45,2026-04-10,858,N21,VIIRS,n,2.0NRT,311.12,9.75,D
22.32689,75.78011,337.94,0.55,0.68,2026-04-10,858,N21,VIIRS,l,2.0NRT,312.62,9.55,D
22.33057,75.74741,345.31,0.55,0.68,2026-04-10,858,N21,VIIRS,n,2.0NRT,312.13,11.28,D
22.33099,75.75264,337.77,0.55,0.68,2026-04-10,858,N21,VIIRS,l,2.0NRT,312.47,10.67,D
22.38189,75.99223,348.49,0.57,0.69,2026-04-10,858,N21,VIIRS,n,2.0NRT,313.18,16.21,D
22.38457,75.98776,348.92,0.57,0.69,2026-04-10,858,N21,VIIRS,n,2.0NRT,311.87,12.81,D
22.39724,69.82426,336.38,0.45,0.47,2026-04-10,858,N21,VIIRS,l,2.0NRT,310.08,4.68,D
22.41239,74.83096,336.36,0.48,0.65,2026-04-10,858,N21,VIIRS,l,2.0NRT,309.4,1.22,D
22.4169,69.03959,337.73,0.41,0.45,2026-04-10,858,N21,VIIRS,l,2.0NRT,312.04,7.24,D
22.49266,75.85425,341.33,0.56,0.69,2026-04-10,858,N21,VIIRS,n,2.0NRT,312.73,3.86,D
22.49474,75.85167,339.8,0.56,0.69,2026-04-10,858,N21,VIIRS,l,2.0NRT,312.61,5.61,D
22.5394,72.3372,337.48,0.33,0.55,2026-04-10,858,N21,VIIRS,l,2.0NRT,309.23,2.24,D
22.53971,72.34039,340.59,0.33,0.55,2026-04-10,858,N21,VIIRS,n,2.0NRT,313.17,3.12,D
22.54308,73.37859,343.29,0.38,0.59,2026-04-10,858,N21,VIIRS,n,2.0NRT,310.96,8.32,D
22.54343,73.38233,367,0.39,0.59,2026-04-10,858,N21,VIIRS,h,2.0NRT,312.04,12.19,D
22.54445,72.33661,341.25,0.33,0.55,2026-04-10,858,N21,VIIRS,n,2.0NRT,312.3,1.15,D
22.56201,75.54659,349.33,0.54,0.67,2026-04-10,858,N21,VIIRS,n,2.0NRT,315.54,8.55,D
22.58169,76.7155,338.93,0.64,0.72,2026-04-10,858,N21,VIIRS,l,2.0NRT,311.78,6.57,D
22.59624,76.73258,348.43,0.64,0.72,2026-04-10,858,N21,VIIRS,n,2.0NRT,314.55,12,D
22.60431,73.74142,344.54,0.41,0.6,2026-04-10,858,N21,VIIRS,n,2.0NRT,312.64,4.02,D
22.61177,75.62539,339.83,0.54,0.68,2026-04-10,858,N21,VIIRS,l,2.0NRT,310.49,6.14,D
22.61322,72.20914,338.28,0.32,0.55,2026-04-10,858,N21,VIIRS,l,2.0NRT,312.72,3.41,D
22.61744,73.70056,337.31,0.41,0.6,2026-04-10,858,N21,VIIRS,l,2.0NRT,311.99,8.3,D
22.61947,72.22108,346.55,0.32,0.55,2026-04-10,858,N21,VIIRS,n,2.0NRT,313.28,7.96,D
22.62748,72.62864,347.32,0.34,0.56,2026-04-10,858,N21,VIIRS,n,2.0NRT,313.03,6.48,D
22.63044,72.62924,340.37,0.34,0.56,2026-04-10,858,N21,VIIRS,l,2.0NRT,310.99,7.08,D
22.65882,75.04473,367,0.5,0.66,2026-04-10,858,N21,VIIRS,h,2.0NRT,315.09,15.6,D
22.65931,70.52811,339.86,0.5,0.49,2026-04-10,858,N21,VIIRS,l,2.0NRT,314.33,17.13,D
22.67858,78.05473,331.93,0.78,0.78,2026-04-10,858,N21,VIIRS,l,2.0NRT,304.75,2.62,D
22.68181,78.05623,336.24,0.78,0.78,2026-04-10,858,N21,VIIRS,n,2.0NRT,304.38,5.68,D
22.70367,75.07455,339.17,0.5,0.66,2026-04-10,858,N21,VIIRS,l,2.0NRT,312.66,3.29,D
22.70628,75.40874,348.43,0.53,0.67,2026-04-10,858,N21,VIIRS,n,2.0NRT,313.1,6.06,D
22.71496,78.17447,332.98,0.8,0.78,2026-04-10,858,N21,VIIRS,l,2.0NRT,307.26,6.21,D
22.72577,75.65694,367,0.55,0.68,2026-04-10,858,N21,VIIRS,h,2.0NRT,312.61,8.41,D
22.72838,75.45292,367,0.53,0.67,2026-04-10,858,N21,VIIRS,h,2.0NRT,315.12,26.19,D
22.7288,75.45808,350.29,0.53,0.67,2026-04-10,858,N21,VIIRS,n,2.0NRT,314.48,26.19,D
22.72921,75.46324,367,0.53,0.67,2026-04-10,858,N21,VIIRS,h,2.0NRT,312.94,32.66,D
22.73201,75.65642,344.2,0.55,0.68,2026-04-10,858,N21,VIIRS,n,2.0NRT,313.55,4.08,D
22.73622,70.76993,344.38,0.52,0.5,2026-04-10,858,N21,VIIRS,n,2.0NRT,314.64,13.85,D
22.73874,76.43984,341.03,0.61,0.71,2026-04-10,858,N21,VIIRS,l,2.0NRT,312.24,13.96,D
22.7388,76.43894,337.43,0.61,0.71,2026-04-10,858,N21,VIIRS,l,2.0NRT,312.11,7.49,D
22.73959,75.21347,344.63,0.51,0.66,2026-04-10,858,N21,VIIRS,n,2.0NRT,314.69,5.66,D
22.76506,75.52203,344.71,0.54,0.67,2026-04-10,858,N21,VIIRS,n,2.0NRT,314.5,8.84,D
22.7676,76.29523,347.49,0.6,0.71,2026-04-10,858,N21,VIIRS,n,2.0NRT,311.14,2.94,D
22.77579,75.73276,367,0.55,0.68,2026-04-10,858,N21,VIIRS,h,2.0NRT,314.1,14.71,D
22.78158,75.41951,339.78,0.53,0.67,2026-04-10,858,N21,VIIRS,n,2.0NRT,310.99,4.67,D
22.79796,72.92103,351.4,0.36,0.58,2026-04-10,858,N21,VIIRS,n,2.0NRT,312.91,6.73,D
22.81699,78.14303,334.08,0.79,0.78,2026-04-10,858,N21,VIIRS,l,2.0NRT,306.35,4.67,D
22.81811,75.65148,348.46,0.55,0.68,2026-04-10,858,N21,VIIRS,n,2.0NRT,312.66,6.88,D
22.81837,75.94776,336.53,0.57,0.69,2026-04-10,858,N21,VIIRS,l,2.0NRT,311.15,2.33,D
22.82117,75.94514,337.5,0.57,0.69,2026-04-10,858,N21,VIIRS,n,2.0NRT,310.56,1.89,D
22.8223,76.50365,338.66,0.62,0.71,2026-04-10,858,N21,VIIRS,n,2.0NRT,309.93,2,D
22.83291,75.76266,354.9,0.56,0.69,2026-04-10,858,N21,VIIRS,n,2.0NRT,318.85,28.47,D
22.83811,75.35232,344.96,0.52,0.67,2026-04-10,858,N21,VIIRS,n,2.0NRT,314.75,7.73,D
22.83837,75.7513,340.76,0.56,0.68,2026-04-10,858,N21,VIIRS,l,2.0NRT,315.39,27.5,D
22.83919,75.7621,367,0.56,0.69,2026-04-10,858,N21,VIIRS,h,2.0NRT,314.59,28.47,D
22.85456,76.15936,345.87,0.59,0.7,2026-04-10,858,N21,VIIRS,n,2.0NRT,315.94,8.57,D
22.85603,76.15702,342.73,0.59,0.7,2026-04-10,858,N21,VIIRS,n,2.0NRT,315.94,6.97,D
22.86627,76.20822,352.78,0.6,0.7,2026-04-10,858,N21,VIIRS,n,2.0NRT,315.63,11.95,D
22.87446,75.34396,367,0.52,0.67,2026-04-10,858,N21,VIIRS,h,2.0NRT,316.96,23.13,D
22.8749,75.34122,367,0.52,0.67,2026-04-10,858,N21,VIIRS,h,2.0NRT,316.31,10.86,D
22.87528,75.34626,346.84,0.52,0.67,2026-04-10,858,N21,VIIRS,n,2.0NRT,315.22,10.86,D
22.8806,75.7261,346.12,0.55,0.68,2026-04-10,858,N21,VIIRS,n,2.0NRT,313.77,9.01,D
22.8903,72.23547,339.84,0.33,0.55,2026-04-10,858,N21,VIIRS,l,2.0NRT,313.53,4.96,D
22.89602,75.37487,340.3,0.53,0.67,2026-04-10,858,N21,VIIRS,l,2.0NRT,314.28,7.66,D
22.89698,75.46563,348.17,0.53,0.67,2026-04-10,858,N21,VIIRS,n,2.0NRT,314.84,11.24,D
22.90478,75.48831,351.78,0.53,0.67,2026-04-10,858,N21,VIIRS,n,2.0NRT,312.58,7.17,D
22.90531,75.4909,353.55,0.53,0.67,2026-04-10,858,N21,VIIRS,n,2.0NRT,312.22,10.06,D
22.9165,72.19592,343.08,0.33,0.55,2026-04-10,858,N21,VIIRS,n,2.0NRT,312.16,5.07,D
22.91701,72.1972,338.95,0.33,0.55,2026-04-10,858,N21,VIIRS,l,2.0NRT,312.11,3.47,D
22.91867,75.27102,367,0.52,0.67,2026-04-10,858,N21,VIIRS,h,2.0NRT,311.6,12.54,D
22.92003,72.17956,341.35,0.32,0.55,2026-04-10,858,N21,VIIRS,l,2.0NRT,314.06,4.02,D
22.9353,75.40203,346.29,0.53,0.67,2026-04-10,858,N21,VIIRS,n,2.0NRT,312.26,4.82,D
22.9365,75.49572,343.34,0.54,0.68,2026-04-10,858,N21,VIIRS,n,2.0NRT,314.28,6.98,D
22.93848,72.21249,342.74,0.33,0.55,2026-04-10,858,N21,VIIRS,l,2.0NRT,314.16,3.06,D
22.93984,76.50258,344.94,0.62,0.72,2026-04-10,858,N21,VIIRS,n,2.0NRT,312.77,6.49,D
22.94097,75.5527,350.42,0.54,0.68,2026-04-10,858,N21,VIIRS,n,2.0NRT,312.82,21.92,D
22.94138,75.55795,367,0.54,0.68,2026-04-10,858,N21,VIIRS,h,2.0NRT,313.41,21.92,D
22.94352,72.21189,336.23,0.33,0.55,2026-04-10,858,N21,VIIRS,l,2.0NRT,308.69,3.06,D
22.94759,75.55737,340.67,0.54,0.68,2026-04-10,858,N21,VIIRS,n,2.0NRT,312.07,5.57,D
22.95009,75.50999,351.82,0.54,0.68,2026-04-10,858,N21,VIIRS,n,2.0NRT,319.93,61.49,D
22.95372,75.32367,346.45,0.52,0.67,2026-04-10,858,N21,VIIRS,n,2.0NRT,312.73,6.83,D
22.9567,75.51461,367,0.54,0.68,2026-04-10,858,N21,VIIRS,h,2.0NRT,314.6,18.24,D
22.9629,75.51408,367,0.54,0.68,2026-04-10,858,N21,VIIRS,h,2.0NRT,314.51,18.24,D
22.96909,75.51357,346.29,0.54,0.68,2026-04-10,858,N21,VIIRS,n,2.0NRT,315.64,8.35,D
22.96957,75.59783,339.28,0.54,0.68,2026-04-10,858,N21,VIIRS,l,2.0NRT,310.24,4.56,D
22.97035,75.52918,342.49,0.54,0.68,2026-04-10,858,N21,VIIRS,n,2.0NRT,311.75,8.17,D
22.97076,75.53437,343.08,0.54,0.68,2026-04-10,858,N21,VIIRS,n,2.0NRT,310.38,8.17,D
22.97424,75.98527,343.02,0.58,0.69,2026-04-10,858,N21,VIIRS,n,2.0NRT,311.5,10.99,D
22.97892,74.37118,340.21,0.45,0.63,2026-04-10,858,N21,VIIRS,l,2.0NRT,314.45,5.44,D
22.97989,75.34158,346.36,0.52,0.67,2026-04-10,858,N21,VIIRS,n,2.0NRT,312.33,8.79,D
22.98019,75.34156,350.93,0.52,0.67,2026-04-10,858,N21,VIIRS,n,2.0NRT,312.96,5.38,D
22.98569,71.05086,337.69,0.55,0.51,2026-04-10,858,N21,VIIRS,l,2.0NRT,311.86,4.74,D
22.98711,75.66026,340.24,0.55,0.68,2026-04-10,858,N21,VIIRS,n,2.0NRT,311.56,2.55,D
22.99075,75.56424,341.01,0.54,0.68,2026-04-10,858,N21,VIIRS,l,2.0NRT,313.04,10.78,D
22.99827,72.14804,340.26,0.32,0.55,2026-04-10,858,N21,VIIRS,l,2.0NRT,314.69,5.05,D
22.99956,75.35511,339.34,0.52,0.67,2026-04-10,858,N21,VIIRS,l,2.0NRT,311.71,4.43,D
22.99976,75.35506,337.81,0.53,0.67,2026-04-10,858,N21,VIIRS,l,2.0NRT,311.71,4.1,D
23.00171,75.62723,343.69,0.55,0.68,2026-04-10,858,N21,VIIRS,n,2.0NRT,312.07,12.8,D
23.00198,77.5644,344.95,0.73,0.76,2026-04-10,858,N21,VIIRS,n,2.0NRT,306.38,9.73,D
23.0021,75.63252,339.63,0.55,0.68,2026-04-10,858,N21,VIIRS,n,2.0NRT,311.74,12.8,D
23.0025,75.63785,367,0.55,0.68,2026-04-10,858,N21,VIIRS,h,2.0NRT,318.44,48.94,D
23.0037,75.63201,341.91,0.55,0.68,2026-04-10,858,N21,VIIRS,l,2.0NRT,312.69,21.4,D
23.00393,70.65838,347.82,0.52,0.5,2026-04-10,858,N21,VIIRS,n,2.0NRT,314.07,20.8,D
23.00413,75.63731,348.9,0.55,0.68,2026-04-10,858,N21,VIIRS,n,2.0NRT,315.79,21.4,D
23.00578,77.62116,342.92,0.74,0.76,2026-04-10,858,N21,VIIRS,n,2.0NRT,307.96,10.27,D
23.00843,77.56306,345.83,0.73,0.76,2026-04-10,858,N21,VIIRS,n,2.0NRT,306,17.46,D
23.00874,76.10081,337.5,0.59,0.7,2026-04-10,858,N21,VIIRS,l,2.0NRT,311,4.94,D
23.00895,77.56386,349.47,0.73,0.76,2026-04-10,858,N21,VIIRS,n,2.0NRT,307.02,9.73,D
23.01834,75.65739,338.73,0.55,0.68,2026-04-10,858,N21,VIIRS,l,2.0NRT,312.99,11.8,D
23.02111,75.61441,349.71,0.55,0.68,2026-04-10,858,N21,VIIRS,n,2.0NRT,310.85,14.37,D
23.02402,72.15165,343.19,0.32,0.55,2026-04-10,858,N21,VIIRS,l,2.0NRT,314.75,8.51,D
23.02545,75.60889,337.29,0.55,0.68,2026-04-10,858,N21,VIIRS,l,2.0NRT,309.68,10.15,D
23.02801,72.341,345.79,0.33,0.56,2026-04-10,858,N21,VIIRS,n,2.0NRT,312.66,6.14,D
23.02919,73.74344,339.49,0.41,0.61,2026-04-10,858,N21,VIIRS,n,2.0NRT,308.87,5.36,D
23.03145,72.33784,341.29,0.33,0.56,2026-04-10,858,N21,VIIRS,n,2.0NRT,311.28,6.44,D
23.03175,72.34107,367,0.33,0.56,2026-04-10,858,N21,VIIRS,h,2.0NRT,313.34,6.44,D
23.03236,72.34754,345.31,0.33,0.56,2026-04-10,858,N21,VIIRS,n,2.0NRT,314.66,10.25,D
23.0331,72.3404,345.55,0.33,0.56,2026-04-10,858,N21,VIIRS,n,2.0NRT,311.62,6.34,D
23.03375,72.34686,346.58,0.33,0.56,2026-04-10,858,N21,VIIRS,n,2.0NRT,314.89,9.11,D
23.03492,75.65087,350.83,0.55,0.68,2026-04-10,858,N21,VIIRS,n,2.0NRT,311.55,10.01,D
23.03904,75.38237,336.88,0.53,0.67,2026-04-10,858,N21,VIIRS,n,2.0NRT,310.49,2.13,D
23.03995,75.63437,346.02,0.55,0.68,2026-04-10,858,N21,VIIRS,n,2.0NRT,311.08,7.82,D
23.04279,75.67151,342.17,0.55,0.68,2026-04-10,858,N21,VIIRS,n,2.0NRT,313.08,7.62,D
23.04722,76.6163,367,0.63,0.72,2026-04-10,858,N21,VIIRS,h,2.0NRT,315.44,28.69,D
23.0499,76.65303,367,0.64,0.72,2026-04-10,858,N21,VIIRS,h,2.0NRT,312.38,17.53,D
23.05434,76.64822,339.34,0.64,0.72,2026-04-10,858,N21,VIIRS,l,2.0NRT,311.26,6.01,D
23.05591,76.82951,349.02,0.66,0.73,2026-04-10,858,N21,VIIRS,n,2.0NRT,312.27,8.09,D
23.06056,77.39608,336.92,0.71,0.75,2026-04-10,858,N21,VIIRS,n,2.0NRT,307.53,5.03,D
23.06199,76.1893,337.79,0.6,0.7,2026-04-10,858,N21,VIIRS,l,2.0NRT,312.35,5.07,D
23.06205,77.97988,330.73,0.78,0.78,2026-04-10,858,N21,VIIRS,l,2.0NRT,305.06,6.1,D
23.06351,76.30199,342.54,0.61,0.71,2026-04-10,858,N21,VIIRS,n,2.0NRT,310.95,3.09,D
23.06566,75.80547,354.49,0.56,0.69,2026-04-10,858,N21,VIIRS,n,2.0NRT,313.53,10.96,D
23.07155,75.55683,341.68,0.54,0.68,2026-04-10,858,N21,VIIRS,n,2.0NRT,313.89,7.71,D
23.07197,75.56204,349.13,0.54,0.68,2026-04-10,858,N21,VIIRS,n,2.0NRT,313.47,7.71,D
23.07649,75.23571,340.97,0.52,0.67,2026-04-10,858,N21,VIIRS,l,2.0NRT,312.15,9.55,D
23.07771,75.23701,339.28,0.52,0.67,2026-04-10,858,N21,VIIRS,l,2.0NRT,313.86,7.29,D
23.07938,70.84038,345.63,0.53,0.5,2026-04-10,858,N21,VIIRS,n,2.0NRT,315.77,14.29,D
23.07979,71.10792,343.91,0.56,0.51,2026-04-10,858,N21,VIIRS,n,2.0NRT,314.62,15.08,D
23.0812,75.53154,341.8,0.54,0.68,2026-04-10,858,N21,VIIRS,n,2.0NRT,308.13,3.44,D
23.0819,75.52965,343.42,0.54,0.68,2026-04-10,858,N21,VIIRS,n,2.0NRT,310.63,5.87,D
23.08525,76.41837,339.8,0.62,0.71,2026-04-10,858,N21,VIIRS,l,2.0NRT,311.79,7.28,D
23.08671,75.03887,346.45,0.5,0.66,2026-04-10,858,N21,VIIRS,n,2.0NRT,314.29,4.87,D
23.08741,75.53097,334.91,0.54,0.68,2026-04-10,858,N21,VIIRS,n,2.0NRT,309.6,3.44,D
23.09009,75.65313,339.87,0.55,0.68,2026-04-10,858,N21,VIIRS,l,2.0NRT,312.59,10.39,D
23.09088,75.57807,367,0.54,0.68,2026-04-10,858,N21,VIIRS,h,2.0NRT,312.64,19.76,D
23.0923,75.58129,345.25,0.54,0.68,2026-04-10,858,N21,VIIRS,n,2.0NRT,311.44,6.27,D
23.10048,76.7055,341.82,0.64,0.72,2026-04-10,858,N21,VIIRS,n,2.0NRT,311.93,4.59,D
23.11581,76.57536,344.78,0.63,0.72,2026-04-10,858,N21,VIIRS,n,2.0NRT,311.25,5.21,D
23.13326,75.5582,367,0.54,0.68,2026-04-10,858,N21,VIIRS,h,2.0NRT,315.9,9.84,D
23.13615,76.05649,339.64,0.58,0.7,2026-04-10,858,N21,VIIRS,l,2.0NRT,311.9,4.26,D
23.13827,75.76059,341.5,0.56,0.69,2026-04-10,858,N21,VIIRS,l,2.0NRT,314.47,9.52,D
23.13948,75.55758,346.94,0.54,0.68,2026-04-10,858,N21,VIIRS,n,2.0NRT,312.7,9.84,D
23.14195,75.75692,341.02,0.56,0.69,2026-04-10,858,N21,VIIRS,l,2.0NRT,311.08,10.2,D
23.14413,74.516,345.25,0.46,0.64,2026-04-10,858,N21,VIIRS,l,2.0NRT,317.75,11.3,D
23.14593,75.39983,336.34,0.53,0.67,2026-04-10,858,N21,VIIRS,l,2.0NRT,310.52,8.04,D
23.14757,76.74102,351.95,0.65,0.73,2026-04-10,858,N21,VIIRS,n,2.0NRT,312.97,10.96,D
23.15152,75.55122,342,0.54,0.68,2026-04-10,858,N21,VIIRS,l,2.0NRT,313.75,4.58,D
23.15677,69.35723,344.14,0.43,0.46,2026-04-10,858,N21,VIIRS,n,2.0NRT,311,5.57,D
23.1677,75.51808,340.82,0.54,0.68,2026-04-10,858,N21,VIIRS,n,2.0NRT,310.03,5.76,D
23.17934,73.74237,367,0.41,0.61,2026-04-10,858,N21,VIIRS,h,2.0NRT,312.24,6.82,D
23.18084,75.45642,354.25,0.54,0.68,2026-04-10,858,N21,VIIRS,n,2.0NRT,314.42,25.1,D
23.1813,75.45363,348.43,0.54,0.67,2026-04-10,858,N21,VIIRS,n,2.0NRT,312.87,17.89,D
23.1816,75.46687,367,0.54,0.68,2026-04-10,858,N21,VIIRS,h,2.0NRT,314.46,18.79,D
23.18213,75.46401,367,0.54,0.68,2026-04-10,858,N21,VIIRS,h,2.0NRT,317.83,22.79,D
23.19077,75.17815,350.34,0.51,0.66,2026-04-10,858,N21,VIIRS,n,2.0NRT,314.56,8.38,D
23.19594,75.18044,342.43,0.51,0.66,2026-04-10,858,N21,VIIRS,l,2.0NRT,314.88,7.3,D
23.20837,77.19759,347,0.7,0.75,2026-04-10,858,N21,VIIRS,n,2.0NRT,307.93,6.48,D
23.21381,77.19955,342.86,0.7,0.75,2026-04-10,858,N21,VIIRS,n,2.0NRT,309.31,13.31,D
23.21521,77.19704,339.3,0.7,0.75,2026-04-10,858,N21,VIIRS,n,2.0NRT,310.8,6.48,D
23.21977,69.92683,347.2,0.47,0.48,2026-04-10,858,N21,VIIRS,n,2.0NRT,311.84,6.86,D
23.235,75.68008,344.25,0.55,0.68,2026-04-10,858,N21,VIIRS,n,2.0NRT,313.64,8.3,D
23.24534,75.32517,336.05,0.53,0.67,2026-04-10,858,N21,VIIRS,l,2.0NRT,310.94,4.16,D
23.25434,76.76754,336.65,0.65,0.73,2026-04-10,858,N21,VIIRS,l,2.0NRT,311.52,4.49,D
23.26576,77.23357,367,0.7,0.75,2026-04-10,858,N21,VIIRS,h,2.0NRT,312.48,20.32,D
23.26623,76.10847,367,0.59,0.7,2026-04-10,858,N21,VIIRS,h,2.0NRT,313.1,15.45,D
23.27099,76.10442,346.25,0.59,0.7,2026-04-10,858,N21,VIIRS,n,2.0NRT,314.77,21.58,D
23.2728,70.69193,339.22,0.53,0.5,2026-04-10,858,N21,VIIRS,l,2.0NRT,313.63,14.71,D
23.28607,76.78246,367,0.66,0.73,2026-04-10,858,N21,VIIRS,h,2.0NRT,313.54,24.49,D
23.28909,76.78369,367,0.65,0.73,2026-04-10,858,N21,VIIRS,h,2.0NRT,315.41,32.4,D
23.29062,75.58373,339.46,0.55,0.68,2026-04-10,858,N21,VIIRS,l,2.0NRT,311.14,12.84,D
23.29541,75.58356,337.53,0.55,0.68,2026-04-10,858,N21,VIIRS,l,2.0NRT,312.15,5.4,D
23.29886,76.38428,343.39,0.62,0.71,2026-04-10,858,N21,VIIRS,n,2.0NRT,312.9,8.52,D
23.29928,76.39033,341.63,0.62,0.71,2026-04-10,858,N21,VIIRS,n,2.0NRT,312.52,9.04,D
23.31284,69.18878,335.71,0.42,0.46,2026-04-10,858,N21,VIIRS,l,2.0NRT,309.12,4.38,D
23.32457,77.70541,345.07,0.75,0.77,2026-04-10,858,N21,VIIRS,n,2.0NRT,307.69,18.75,D
23.32743,77.00016,342.18,0.68,0.74,2026-04-10,858,N21,VIIRS,n,2.0NRT,311.51,6.37,D
23.32771,77.33247,336.01,0.71,0.75,2026-04-10,858,N21,VIIRS,l,2.0NRT,310.44,13.01,D
23.32806,77.33156,338.08,0.71,0.75,2026-04-10,858,N21,VIIRS,l,2.0NRT,310.48,5.66,D
23.33185,77.00117,367,0.68,0.74,2026-04-10,858,N21,VIIRS,h,2.0NRT,312.77,13.69,D
23.33419,76.99961,343.64,0.68,0.74,2026-04-10,858,N21,VIIRS,n,2.0NRT,311.12,6.37,D
23.33814,75.48376,341.85,0.54,0.68,2026-04-10,858,N21,VIIRS,n,2.0NRT,313.61,7.29,D
23.34504,76.5696,336.59,0.63,0.72,2026-04-10,858,N21,VIIRS,l,2.0NRT,308.73,5.98,D
23.34548,76.57581,338.24,0.64,0.72,2026-04-10,858,N21,VIIRS,l,2.0NRT,308.81,5.98,D
23.34577,75.93097,340.37,0.58,0.7,2026-04-10,858,N21,VIIRS,l,2.0NRT,312.34,6.41,D
23.34951,75.92997,347.43,0.58,0.69,2026-04-10,858,N21,VIIRS,n,2.0NRT,313.32,9.33,D
23.34985,77.35171,339.75,0.71,0.75,2026-04-10,858,N21,VIIRS,l,2.0NRT,310.94,13.23,D
23.34995,75.93562,346.42,0.58,0.7,2026-04-10,858,N21,VIIRS,n,2.0NRT,311.86,9.33,D
23.35007,77.35071,336.46,0.71,0.75,2026-04-10,858,N21,VIIRS,l,2.0NRT,310.78,10.08,D
23.35076,76.5566,340.88,0.63,0.72,2026-04-10,858,N21,VIIRS,l,2.0NRT,312.32,8.45,D
23.35214,75.93041,342.75,0.58,0.7,2026-04-10,858,N21,VIIRS,n,2.0NRT,311.23,6.41,D
23.35668,75.24314,337.2,0.52,0.67,2026-04-10,858,N21,VIIRS,l,2.0NRT,311.99,9.56,D
23.35707,75.24812,346.19,0.52,0.67,2026-04-10,858,N21,VIIRS,n,2.0NRT,312.81,7.78,D
23.35818,71.63593,343.94,0.61,0.53,2026-04-10,858,N21,VIIRS,l,2.0NRT,315.64,11.34,D
23.35878,71.64182,344.72,0.61,0.53,2026-04-10,858,N21,VIIRS,l,2.0NRT,317.86,15.78,D
23.36496,76.66206,340.74,0.64,0.72,2026-04-10,858,N21,VIIRS,l,2.0NRT,310.99,5.89,D
23.40877,73.4311,341.69,0.4,0.6,2026-04-10,858,N21,VIIRS,l,2.0NRT,316.3,4.06,D
23.41081,76.74045,338.06,0.65,0.73,2026-04-10,858,N21,VIIRS,l,2.0NRT,311.84,6.75,D
23.41663,76.1079,338.86,0.59,0.7,2026-04-10,858,N21,VIIRS,l,2.0NRT,311.14,2.53,D
23.41711,77.21399,367,0.7,0.75,2026-04-10,858,N21,VIIRS,h,2.0NRT,310.59,14.82,D
23.41806,77.20963,342.66,0.7,0.75,2026-04-10,858,N21,VIIRS,n,2.0NRT,308.17,10.68,D
23.41848,77.21635,346.46,0.7,0.75,2026-04-10,858,N21,VIIRS,n,2.0NRT,309.86,10.68,D
23.42602,75.09785,342.47,0.51,0.66,2026-04-10,858,N21,VIIRS,n,2.0NRT,312.48,5.57,D
23.42951,76.10677,351.07,0.59,0.7,2026-04-10,858,N21,VIIRS,n,2.0NRT,314.53,15.91,D
23.42967,75.46777,346.63,0.54,0.68,2026-04-10,858,N21,VIIRS,n,2.0NRT,312.61,9.82,D
23.42979,75.63938,349.61,0.55,0.68,2026-04-10,858,N21,VIIRS,n,2.0NRT,312.25,8.05,D
23.42994,76.11259,340.91,0.59,0.7,2026-04-10,858,N21,VIIRS,l,2.0NRT,313.62,14.95,D
23.43045,68.71216,334.64,0.4,0.44,2026-04-10,858,N21,VIIRS,l,2.0NRT,308.5,3.34,D
23.43069,76.82826,341.78,0.66,0.73,2026-04-10,858,N21,VIIRS,n,2.0NRT,311.93,7.81,D
23.4308,75.46994,339.89,0.54,0.68,2026-04-10,858,N21,VIIRS,l,2.0NRT,311.83,7.19,D
23.43082,77.21281,367,0.7,0.75,2026-04-10,858,N21,VIIRS,h,2.0NRT,314.33,28.74,D
23.43119,75.63069,334.42,0.55,0.68,2026-04-10,858,N21,VIIRS,l,2.0NRT,309.27,9,D
23.43176,77.20838,340,0.7,0.75,2026-04-10,858,N21,VIIRS,l,2.0NRT,311.06,13.61,D
23.43203,75.6412,367,0.55,0.68,2026-04-10,858,N21,VIIRS,h,2.0NRT,314.43,14.3,D
23.43219,77.21516,353.96,0.7,0.75,2026-04-10,858,N21,VIIRS,n,2.0NRT,313.16,13.61,D
23.43528,75.6282,355.09,0.55,0.68,2026-04-10,858,N21,VIIRS,n,2.0NRT,311.99,8.32,D
23.43606,75.63879,337.86,0.55,0.68,2026-04-10,858,N21,VIIRS,l,2.0NRT,310.45,8.05,D
23.44241,74.21312,343.14,0.45,0.63,2026-04-10,858,N21,VIIRS,n,2.0NRT,310.82,2.97,D
23.44879,75.90291,355.01,0.58,0.69,2026-04-10,858,N21,VIIRS,n,2.0NRT,314.03,20.44,D
23.45029,75.49236,345.68,0.54,0.68,2026-04-10,858,N21,VIIRS,n,2.0NRT,311.21,12.13,D
23.45189,75.89316,343.72,0.57,0.69,2026-04-10,858,N21,VIIRS,l,2.0NRT,315.49,17.08,D
23.45276,75.90442,349.43,0.58,0.69,2026-04-10,858,N21,VIIRS,n,2.0NRT,313.58,11.74,D
23.45309,73.67587,340.89,0.41,0.61,2026-04-10,858,N21,VIIRS,n,2.0NRT,313.13,3.3,D
23.45435,75.89103,341.47,0.58,0.69,2026-04-10,858,N21,VIIRS,l,2.0NRT,314.55,16.18,D
23.45674,75.57784,340.73,0.55,0.68,2026-04-10,858,N21,VIIRS,n,2.0NRT,307.66,3.59,D
23.45827,71.96952,349.67,0.32,0.55,2026-04-10,858,N21,VIIRS,n,2.0NRT,314.76,4.34,D
23.45857,71.97263,340.73,0.32,0.55,2026-04-10,858,N21,VIIRS,l,2.0NRT,313.68,4.34,D
23.46693,75.80035,345.48,0.57,0.69,2026-04-10,858,N21,VIIRS,n,2.0NRT,314.54,12,D
23.47346,76.00499,367,0.58,0.7,2026-04-10,858,N21,VIIRS,h,2.0NRT,312.29,11.84,D
23.474,77.11757,333.77,0.69,0.74,2026-04-10,858,N21,VIIRS,l,2.0NRT,307.7,9.79,D
23.47444,77.12427,338.32,0.69,0.74,2026-04-10,858,N21,VIIRS,l,2.0NRT,310.77,12.1,D
23.47521,76.00296,367,0.59,0.7,2026-04-10,858,N21,VIIRS,h,2.0NRT,312.5,11.17,D
23.47982,76.52287,338.84,0.63,0.72,2026-04-10,858,N21,VIIRS,n,2.0NRT,311.83,2.51,D
23.50348,76.5012,367,0.63,0.72,2026-04-10,858,N21,VIIRS,h,2.0NRT,315.26,19.21,D
23.50486,76.50247,367,0.63,0.72,2026-04-10,858,N21,VIIRS,h,2.0NRT,315.62,23.31,D
23.51035,76.40862,348.4,0.62,0.72,2026-04-10,858,N21,VIIRS,n,2.0NRT,310.96,9.47,D
23.51459,75.61793,367,0.55,0.68,2026-04-10,858,N21,VIIRS,h,2.0NRT,311.7,13.98,D
23.51498,75.62337,345.76,0.55,0.68,2026-04-10,858,N21,VIIRS,n,2.0NRT,309.67,13.98,D
23.51674,75.62088,367,0.55,0.68,2026-04-10,858,N21,VIIRS,h,2.0NRT,315.12,42.72,D
23.52035,75.69866,367,0.56,0.69,2026-04-10,858,N21,VIIRS,h,2.0NRT,314.13,14.78,D
23.52086,75.61731,344.93,0.55,0.68,2026-04-10,858,N21,VIIRS,n,2.0NRT,313.73,8.41,D
23.52125,75.62276,340.33,0.55,0.68,2026-04-10,858,N21,VIIRS,n,2.0NRT,311.71,8.41,D
23.52259,75.696,342.51,0.56,0.69,2026-04-10,858,N21,VIIRS,n,2.0NRT,311.11,9.73,D
23.52301,75.7014,349.89,0.56,0.69,2026-04-10,858,N21,VIIRS,n,2.0NRT,313.79,11.39,D
23.52602,74.95019,341.94,0.5,0.66,2026-04-10,858,N21,VIIRS,n,2.0NRT,310.43,5.11,D
23.53065,77.34575,344.07,0.72,0.75,2026-04-10,858,N21,VIIRS,n,2.0NRT,311.76,10.91,D
23.5308,77.34518,344.39,0.72,0.75,2026-04-10,858,N21,VIIRS,n,2.0NRT,311.63,9.11,D
23.54948,76.58995,367,0.64,0.72,2026-04-10,858,N21,VIIRS,h,2.0NRT,313.59,33.05,D
23.55072,75.85744,353.58,0.57,0.69,2026-04-10,858,N21,VIIRS,n,2.0NRT,312.04,10.36,D
23.55403,75.85464,336.67,0.57,0.69,2026-04-10,858,N21,VIIRS,l,2.0NRT,310.71,10.94,D
23.58988,75.29285,340.24,0.53,0.67,2026-04-10,858,N21,VIIRS,l,2.0NRT,311.19,5.39,D
23.59006,75.29279,339.22,0.53,0.67,2026-04-10,858,N21,VIIRS,l,2.0NRT,311.23,5.77,D
23.59679,76.59867,349.25,0.64,0.72,2026-04-10,858,N21,VIIRS,n,2.0NRT,314.41,8.68,D
23.59921,75.73563,338.68,0.56,0.69,2026-04-10,858,N21,VIIRS,l,2.0NRT,311.86,4.19,D
23.60037,76.19421,336.21,0.6,0.71,2026-04-10,858,N21,VIIRS,n,2.0NRT,309.31,3.15,D
23.6014,76.59576,342.17,0.64,0.72,2026-04-10,858,N21,VIIRS,l,2.0NRT,314.44,7.42,D
23.60943,75.62028,335.78,0.55,0.68,2026-04-10,858,N21,VIIRS,l,2.0NRT,309.05,3.17,D
23.61119,69.27097,342.18,0.43,0.46,2026-04-10,858,N21,VIIRS,l,2.0NRT,313.19,25.22,D
23.61167,69.27518,353.61,0.43,0.46,2026-04-10,858,N21,VIIRS,n,2.0NRT,318.21,25.22,D
23.61248,75.91367,367,0.58,0.7,2026-04-10,858,N21,VIIRS,h,2.0NRT,314.16,20.29,D
23.61263,69.28363,367,0.43,0.46,2026-04-10,858,N21,VIIRS,h,2.0NRT,314.01,25.67,D
23.61311,69.28785,349.22,0.43,0.46,2026-04-10,858,N21,VIIRS,n,2.0NRT,311.53,27.99,D
23.61382,76.89,342.38,0.67,0.74,2026-04-10,858,N21,VIIRS,n,2.0NRT,309.14,4.5,D
23.61678,75.8851,341.43,0.58,0.69,2026-04-10,858,N21,VIIRS,l,2.0NRT,315.4,12.58,D
23.6178,69.2915,354.07,0.43,0.46,2026-04-10,858,N21,VIIRS,n,2.0NRT,320.5,27.99,D
23.61828,69.29573,344.76,0.43,0.46,2026-04-10,858,N21,VIIRS,n,2.0NRT,311.89,16.73,D
23.62057,76.8894,347.7,0.67,0.74,2026-04-10,858,N21,VIIRS,n,2.0NRT,311.73,14.05,D
23.62249,69.29516,344.39,0.43,0.46,2026-04-10,858,N21,VIIRS,n,2.0NRT,311.53,14.1,D
23.62398,76.88477,342.12,0.67,0.74,2026-04-10,858,N21,VIIRS,l,2.0NRT,313.77,8.22,D
23.6267,69.29459,341.75,0.43,0.46,2026-04-10,858,N21,VIIRS,l,2.0NRT,314.71,14.1,D
23.62718,69.29883,344.56,0.43,0.46,2026-04-10,858,N21,VIIRS,n,2.0NRT,311.5,14.1,D
23.62994,75.88964,340.42,0.58,0.7,2026-04-10,858,N21,VIIRS,l,2.0NRT,311.6,6.29,D
23.63042,69.28978,336.72,0.43,0.46,2026-04-10,858,N21,VIIRS,l,2.0NRT,311.21,7.08,D
23.6316,75.66164,338.8,0.56,0.69,2026-04-10,858,N21,VIIRS,l,2.0NRT,313.59,5.72,D
23.63222,75.89021,348.42,0.58,0.7,2026-04-10,858,N21,VIIRS,n,2.0NRT,313.01,6.53,D
23.63505,75.8724,337.91,0.58,0.69,2026-04-10,858,N21,VIIRS,n,2.0NRT,310.21,3.98,D
23.67707,76.46052,339.45,0.63,0.72,2026-04-10,858,N21,VIIRS,n,2.0NRT,312,2.87,D
23.69597,75.71109,337.05,0.56,0.69,2026-04-10,858,N21,VIIRS,l,2.0NRT,311.65,6.85,D
23.697,75.81113,367,0.57,0.69,2026-04-10,858,N21,VIIRS,h,2.0NRT,317.07,32.46,D
23.70334,75.81054,340.16,0.57,0.69,2026-04-10,858,N21,VIIRS,n,2.0NRT,312.73,11.93,D
23.71825,77.12877,348.88,0.7,0.75,2026-04-10,858,N21,VIIRS,n,2.0NRT,307.97,21.81,D
23.71916,77.14233,348.67,0.7,0.75,2026-04-10,858,N21,VIIRS,n,2.0NRT,310.98,14.13,D
23.71952,77.13106,367,0.7,0.75,2026-04-10,858,N21,VIIRS,h,2.0NRT,310.04,24.14,D
23.72035,77.14465,347.16,0.7,0.75,2026-04-10,858,N21,VIIRS,n,2.0NRT,311.67,14.94,D
23.72342,75.68932,344.22,0.56,0.69,2026-04-10,858,N21,VIIRS,n,2.0NRT,315.32,6.99,D
23.72509,77.12817,367,0.7,0.75,2026-04-10,858,N21,VIIRS,h,2.0NRT,313.16,21.81,D
23.72636,77.13041,351.55,0.7,0.75,2026-04-10,858,N21,VIIRS,n,2.0NRT,312.08,11.64,D
23.72921,73.45567,343.21,0.4,0.6,2026-04-10,858,N21,VIIRS,n,2.0NRT,312.56,4.64,D
23.73238,77.13432,346.3,0.7,0.75,2026-04-10,858,N21,VIIRS,n,2.0NRT,309.29,11.19,D
23.73319,77.12974,340.1,0.7,0.75,2026-04-10,858,N21,VIIRS,n,2.0NRT,309.54,11.64,D
23.73838,75.7216,335.44,0.56,0.69,2026-04-10,858,N21,VIIRS,l,2.0NRT,310.37,3.41,D
23.7588,76.20921,335.89,0.61,0.71,2026-04-10,858,N21,VIIRS,l,2.0NRT,310.62,4.39,D
23.771,75.07301,367,0.51,0.66,2026-04-10,858,N21,VIIRS,h,2.0NRT,313.96,17.14,D
23.79227,77.88364,344.21,0.78,0.78,2026-04-10,858,N21,VIIRS,n,2.0NRT,311.65,12.99,D
23.79607,77.88761,340.11,0.78,0.78,2026-04-10,858,N21,VIIRS,l,2.0NRT,312.33,10.64,D
23.81458,73.47198,339.55,0.4,0.6,2026-04-10,858,N21,VIIRS,l,2.0NRT,312.07,3.85,D
23.82183,73.8912,367,0.43,0.62,2026-04-10,858,N21,VIIRS,h,2.0NRT,312.35,11.88,D
23.82409,73.88821,347.37,0.43,0.62,2026-04-10,858,N21,VIIRS,n,2.0NRT,312.03,6.54,D
23.82446,73.8923,349.32,0.43,0.62,2026-04-10,858,N21,VIIRS,n,2.0NRT,312.91,6.54,D
23.84639,76.1538,337.31,0.6,0.71,2026-04-10,858,N21,VIIRS,l,2.0NRT,308.82,5.76,D
23.87471,73.97556,341.29,0.44,0.62,2026-04-10,858,N21,VIIRS,n,2.0NRT,310.69,5.32,D
23.88112,76.6479,367,0.65,0.73,2026-04-10,858,N21,VIIRS,h,2.0NRT,314.63,30.18,D
23.88324,75.95068,353.8,0.59,0.7,2026-04-10,858,N21,VIIRS,n,2.0NRT,312.39,17.66,D
23.88368,75.9564,367,0.59,0.7,2026-04-10,858,N21,VIIRS,h,2.0NRT,313.49,17.66,D
23.88534,75.95435,367,0.59,0.7,2026-04-10,858,N21,VIIRS,h,2.0NRT,317.65,47.03,D
23.89009,75.95591,349.65,0.59,0.7,2026-04-10,858,N21,VIIRS,n,2.0NRT,313.97,17.66,D
23.94142,75.26978,352.47,0.53,0.67,2026-04-10,858,N21,VIIRS,n,2.0NRT,313.5,6.4,D
23.94148,75.27,355.09,0.53,0.67,2026-04-10,858,N21,VIIRS,n,2.0NRT,313.87,10.4,D
23.95942,73.40866,343.08,0.4,0.6,2026-04-10,858,N21,VIIRS,l,2.0NRT,314,8.98,D
23.97636,77.78461,367,0.77,0.77,2026-04-10,858,N21,VIIRS,h,2.0NRT,310.28,55.43,D
23.98059,77.78409,367,0.77,0.77,2026-04-10,858,N21,VIIRS,h,2.0NRT,313.93,62.72,D
23.98347,77.78407,346.35,0.77,0.77,2026-04-10,858,N21,VIIRS,n,2.0NRT,309.39,12.76,D
23.99686,76.15128,335.68,0.61,0.71,2026-04-10,858,N21,VIIRS,l,2.0NRT,309.36,5.93,D
23.9975,76.15206,334.26,0.61,0.71,2026-04-10,858,N21,VIIRS,l,2.0NRT,308.54,7.58,D
24.00534,74.56916,341.87,0.48,0.65,2026-04-10,858,N21,VIIRS,l,2.0NRT,314.92,3.81,D
24.06562,75.92268,338.33,0.59,0.7,2026-04-10,858,N21,VIIRS,l,2.0NRT,312.87,2.94,D
24.06709,75.92055,339.74,0.59,0.7,2026-04-10,858,N21,VIIRS,n,2.0NRT,313.2,4.81,D
24.09418,75.0835,337.51,0.52,0.67,2026-04-10,858,N21,VIIRS,l,2.0NRT,310.82,3.45,D
24.12843,77.55785,367,0.75,0.77,2026-04-10,858,N21,VIIRS,h,2.0NRT,308.81,17.85,D
24.13042,75.40617,367,0.54,0.68,2026-04-10,858,N21,VIIRS,h,2.0NRT,313.24,11.34,D
24.13079,75.41153,338.9,0.54,0.68,2026-04-10,858,N21,VIIRS,n,2.0NRT,311.46,14.23,D
24.13146,75.40401,343.55,0.54,0.68,2026-04-10,858,N21,VIIRS,n,2.0NRT,310.91,6.49,D
24.13187,75.40932,343.65,0.54,0.68,2026-04-10,858,N21,VIIRS,n,2.0NRT,312.96,8.65,D
24.13229,75.41469,343.31,0.54,0.68,2026-04-10,858,N21,VIIRS,n,2.0NRT,310.98,8.65,D
24.14215,74.51151,345.56,0.48,0.64,2026-04-10,858,N21,VIIRS,n,2.0NRT,314.7,9.23,D
24.18969,73.42339,338.45,0.41,0.6,2026-04-10,858,N21,VIIRS,l,2.0NRT,311.72,3.58,D
24.19596,74.38278,343.14,0.47,0.64,2026-04-10,858,N21,VIIRS,n,2.0NRT,311.85,8.46,D
24.2044,77.44219,347.63,0.74,0.76,2026-04-10,858,N21,VIIRS,n,2.0NRT,308.66,13.6,D
24.20561,77.44289,349.46,0.74,0.76,2026-04-10,858,N21,VIIRS,n,2.0NRT,309.69,8.62,D
24.20609,77.45013,338.67,0.74,0.76,2026-04-10,858,N21,VIIRS,l,2.0NRT,308.95,8.62,D
24.20686,74.29771,347.57,0.46,0.64,2026-04-10,858,N21,VIIRS,n,2.0NRT,313.85,9.99,D
24.21182,77.4489,336.68,0.74,0.76,2026-04-10,858,N21,VIIRS,l,2.0NRT,309.49,17.13,D
24.21356,74.4557,367,0.47,0.64,2026-04-10,858,N21,VIIRS,h,2.0NRT,311.48,12.52,D
24.21822,73.70028,338.74,0.42,0.61,2026-04-10,858,N21,VIIRS,n,2.0NRT,310.98,2.49,D
24.21987,73.6993,338.28,0.42,0.61,2026-04-10,858,N21,VIIRS,l,2.0NRT,311.14,3.1,D
24.23316,68.31358,344.68,0.39,0.44,2026-04-10,858,N21,VIIRS,l,2.0NRT,314.76,7.57,D
24.2344,74.98001,351.4,0.51,0.66,2026-04-10,858,N21,VIIRS,n,2.0NRT,315.22,8.87,D
24.23572,74.97959,350.81,0.51,0.66,2026-04-10,858,N21,VIIRS,n,2.0NRT,315.71,8.97,D
24.23622,73.78174,347.06,0.43,0.62,2026-04-10,858,N21,VIIRS,n,2.0NRT,311.34,3.5,D
24.23844,73.78078,343.12,0.43,0.62,2026-04-10,858,N21,VIIRS,n,2.0NRT,310.76,3.13,D
24.2407,68.30865,343.75,0.39,0.44,2026-04-10,858,N21,VIIRS,n,2.0NRT,313.17,7.12,D
24.24419,74.69319,353.73,0.49,0.65,2026-04-10,858,N21,VIIRS,n,2.0NRT,309.62,6.55,D
24.25016,74.69253,367,0.49,0.65,2026-04-10,858,N21,VIIRS,h,2.0NRT,317.57,14.11,D
24.25053,74.6973,340.91,0.49,0.65,2026-04-10,858,N21,VIIRS,n,2.0NRT,312.77,14.11,D
24.2886,73.40302,335.96,0.41,0.6,2026-04-10,858,N21,VIIRS,l,2.0NRT,309.93,1.62,D
24.33906,73.15163,339.03,0.39,0.59,2026-04-10,858,N21,VIIRS,l,2.0NRT,312.55,4.51,D
24.34878,73.26202,335.18,0.4,0.6,2026-04-10,858,N21,VIIRS,l,2.0NRT,306.42,2.31,D
24.34907,73.26529,334.75,0.4,0.6,2026-04-10,858,N21,VIIRS,l,2.0NRT,306.37,2.31,D
24.41462,74.25214,348.17,0.46,0.64,2026-04-10,858,N21,VIIRS,n,2.0NRT,314.23,6.54,D
24.42593,73.37735,338.2,0.41,0.6,2026-04-10,858,N21,VIIRS,l,2.0NRT,312.14,2.64,D
24.42603,68.5494,344.01,0.4,0.44,2026-04-10,858,N21,VIIRS,n,2.0NRT,312.73,4.72,D
24.44456,74.71094,339.6,0.49,0.65,2026-04-10,858,N21,VIIRS,l,2.0NRT,311.64,4.4,D
24.47508,73.1776,335.74,0.39,0.6,2026-04-10,858,N21,VIIRS,l,2.0NRT,310.11,3.27,D
24.48092,68.10911,340.78,0.57,0.43,2026-04-10,858,N21,VIIRS,n,2.0NRT,306.6,6.91,D
24.48652,74.70712,367,0.49,0.65,2026-04-10,858,N21,VIIRS,h,2.0NRT,315.63,15.82,D
24.51753,76.56933,336.68,0.65,0.73,2026-04-10,858,N21,VIIRS,l,2.0NRT,310.47,7.33,D
24.52139,76.56776,343.58,0.65,0.73,2026-04-10,858,N21,VIIRS,n,2.0NRT,311.81,7.29,D
24.53788,74.55151,340.53,0.48,0.65,2026-04-10,858,N21,VIIRS,n,2.0NRT,313.6,5,D
24.54506,73.01952,337.92,0.39,0.59,2026-04-10,858,N21,VIIRS,n,2.0NRT,309.39,1.84,D
24.55046,73.74303,333.02,0.43,0.62,2026-04-10,858,N21,VIIRS,l,2.0NRT,307.51,2.56,D
24.58887,76.67809,344.65,0.66,0.73,2026-04-10,858,N21,VIIRS,n,2.0NRT,310.29,8.53,D
24.65364,76.36779,367,0.63,0.72,2026-04-10,858,N21,VIIRS,h,2.0NRT,311.77,13.65,D
24.65509,76.36713,367,0.63,0.72,2026-04-10,858,N21,VIIRS,h,2.0NRT,312.19,15.64,D
24.68296,73.19162,347.51,0.4,0.6,2026-04-10,858,N21,VIIRS,n,2.0NRT,309.91,3.64,D
24.68955,73.33006,334.21,0.41,0.6,2026-04-10,858,N21,VIIRS,l,2.0NRT,308.36,3.39,D
24.71368,73.61066,336.46,0.42,0.61,2026-04-10,858,N21,VIIRS,l,2.0NRT,308.66,3.66,D
24.72528,73.35613,347.02,0.41,0.6,2026-04-10,858,N21,VIIRS,n,2.0NRT,308.06,11.41,D
24.72541,73.35743,367,0.41,0.6,2026-04-10,858,N21,VIIRS,h,2.0NRT,311.19,19.45,D
24.72558,73.35979,367,0.41,0.6,2026-04-10,858,N21,VIIRS,h,2.0NRT,308.49,12.84,D
24.73773,76.80595,346.9,0.68,0.74,2026-04-10,858,N21,VIIRS,n,2.0NRT,307.82,9.04,D
24.74245,76.80668,335.61,0.68,0.74,2026-04-10,858,N21,VIIRS,l,2.0NRT,306.68,3.69,D
24.74331,73.43954,333.94,0.41,0.61,2026-04-10,858,N21,VIIRS,l,2.0NRT,308.69,2.4,D
24.75409,76.37842,343.25,0.64,0.72,2026-04-10,858,N21,VIIRS,n,2.0NRT,310.45,7.85,D
24.75869,76.37651,340.38,0.64,0.72,2026-04-10,858,N21,VIIRS,n,2.0NRT,310.48,6.82,D
24.78077,77.3205,346.98,0.73,0.76,2026-04-10,858,N21,VIIRS,n,2.0NRT,308.27,10.72,D
24.7818,77.32102,351.44,0.73,0.76,2026-04-10,858,N21,VIIRS,n,2.0NRT,308.85,11.86,D
24.85807,73.86298,355.01,0.44,0.62,2026-04-10,858,N21,VIIRS,n,2.0NRT,310.91,6.93,D
24.85991,73.85937,339.86,0.44,0.62,2026-04-10,858,N21,VIIRS,n,2.0NRT,309.47,6.18,D
24.86025,73.86374,344.35,0.44,0.62,2026-04-10,858,N21,VIIRS,n,2.0NRT,309.71,7.58,D
24.93763,75.90222,337.81,0.6,0.7,2026-04-10,858,N21,VIIRS,n,2.0NRT,308.77,3.43,D
24.94073,76.58636,346.32,0.66,0.73,2026-04-10,858,N21,VIIRS,n,2.0NRT,311.23,8.63,D
24.94379,76.58388,338.18,0.66,0.73,2026-04-10,858,N21,VIIRS,l,2.0NRT,309.91,7.92,D
24.95296,73.2113,339.96,0.4,0.6,2026-04-10,858,N21,VIIRS,l,2.0NRT,311.58,4.13,D
24.95362,73.21923,367,0.4,0.6,2026-04-10,858,N21,VIIRS,h,2.0NRT,314.19,15.07,D
24.95912,73.21856,367,0.4,0.6,2026-04-10,858,N21,VIIRS,h,2.0NRT,312.84,15.07,D
24.968,77.18431,340.76,0.72,0.76,2026-04-10,858,N21,VIIRS,n,2.0NRT,308,18.82,D
24.96807,77.18752,343.42,0.72,0.76,2026-04-10,858,N21,VIIRS,n,2.0NRT,308.39,13.58,D
24.99,77.09074,353.5,0.71,0.75,2026-04-10,858,N21,VIIRS,n,2.0NRT,306.87,12.83,D
24.99023,77.08668,335.71,0.71,0.75,2026-04-10,858,N21,VIIRS,l,2.0NRT,306.41,8.14,D
24.99063,77.09368,336.56,0.71,0.75,2026-04-10,858,N21,VIIRS,n,2.0NRT,306.01,16.01,D
24.99689,77.09019,345.47,0.71,0.75,2026-04-10,858,N21,VIIRS,n,2.0NRT,307.82,13.21,D
24.99713,77.08611,333.04,0.71,0.75,2026-04-10,858,N21,VIIRS,l,2.0NRT,307.49,8.14,D
25.05665,77.51815,367,0.76,0.77,2026-04-10,858,N21,VIIRS,h,2.0NRT,310.22,13.37,D
25.05894,76.96429,344.25,0.7,0.75,2026-04-10,858,N21,VIIRS,n,2.0NRT,306.31,9.94,D
25.05937,76.97116,349.11,0.7,0.75,2026-04-10,858,N21,VIIRS,n,2.0NRT,308.1,9.94,D
25.06007,76.96326,342.08,0.7,0.75,2026-04-10,858,N21,VIIRS,n,2.0NRT,306.06,13.37,D
25.06046,76.97015,354.6,0.7,0.75,2026-04-10,858,N21,VIIRS,n,2.0NRT,308.75,18.5,D
25.06458,74.15906,342.58,0.46,0.64,2026-04-10,858,N21,VIIRS,n,2.0NRT,310.2,4.67,D
25.06783,73.24977,340.38,0.4,0.6,2026-04-10,858,N21,VIIRS,l,2.0NRT,314.82,4.24,D
25.07965,68.18311,339.16,0.39,0.44,2026-04-10,858,N21,VIIRS,n,2.0NRT,307.4,5.53,D
25.09481,73.57692,334.59,0.42,0.61,2026-04-10,858,N21,VIIRS,n,2.0NRT,307.73,2.15,D
25.18662,77.1189,335.99,0.72,0.75,2026-04-10,858,N21,VIIRS,n,2.0NRT,305.93,11.85,D
25.1868,77.1198,339.16,0.72,0.75,2026-04-10,858,N21,VIIRS,n,2.0NRT,306.73,10.56,D
25.24132,69.16251,335.85,0.45,0.47,2026-04-10,858,N21,VIIRS,l,2.0NRT,309.86,2.2,D
25.36354,76.67093,336.31,0.67,0.74,2026-04-10,858,N21,VIIRS,l,2.0NRT,307.48,10.11,D
25.36405,73.4696,340.96,0.42,0.61,2026-04-10,858,N21,VIIRS,l,2.0NRT,312.82,2.74,D
25.36781,76.67126,341.96,0.67,0.74,2026-04-10,858,N21,VIIRS,n,2.0NRT,308.23,7.92,D
25.3692,77.78994,337.18,0.79,0.78,2026-04-10,858,N21,VIIRS,n,2.0NRT,304.66,9.08,D
25.43274,76.80607,338.38,0.69,0.74,2026-04-10,858,N21,VIIRS,n,2.0NRT,305.86,5.21,D
25.45962,77.02927,346.1,0.71,0.75,2026-04-10,858,N21,VIIRS,n,2.0NRT,305.73,9.86,D
25.92521,73.81927,341.44,0.45,0.63,2026-04-10,858,N21,VIIRS,n,2.0NRT,311.03,3.88,D
26.71484,68.14812,340.59,0.41,0.45,2026-04-10,900,N21,VIIRS,n,2.0NRT,301.69,5.12,D
27.15985,72.25216,338.27,0.37,0.58,2026-04-10,900,N21,VIIRS,n,2.0NRT,306.64,2.72,D
27.59397,69.03687,341.68,0.47,0.48,2026-04-10,900,N21,VIIRS,n,2.0NRT,308.95,2.96,D
27.93883,68.99616,342.45,0.47,0.48,2026-04-10,900,N21,VIIRS,n,2.0NRT,309.12,5.8,D
27.94247,68.99702,337.64,0.47,0.48,2026-04-10,900,N21,VIIRS,l,2.0NRT,308.55,7.61,D
28.03139,69.90652,343.28,0.54,0.51,2026-04-10,900,N21,VIIRS,n,2.0NRT,307.99,6.15,D
28.03237,69.90686,337.23,0.54,0.51,2026-04-10,900,N21,VIIRS,l,2.0NRT,308.17,6.31,D
28.25445,69.56624,345.61,0.51,0.5,2026-04-10,900,N21,VIIRS,n,2.0NRT,306,8.06,D
28.41605,69.79242,341.79,0.53,0.5,2026-04-10,900,N21,VIIRS,n,2.0NRT,307.23,8.36,D
28.41711,69.80326,330.39,0.53,0.5,2026-04-10,900,N21,VIIRS,l,2.0NRT,305.36,8.62,D
28.47689,70.69767,344.14,0.61,0.53,2026-04-10,900,N21,VIIRS,n,2.0NRT,308.89,25.12,D
28.51268,70.55127,335.56,0.6,0.53,2026-04-10,900,N21,VIIRS,n,2.0NRT,304.42,5.21,D
28.67406,70.05393,341.81,0.56,0.51,2026-04-10,900,N21,VIIRS,n,2.0NRT,303.9,10.94,D
28.67548,70.01939,342.15,0.55,0.51,2026-04-10,900,N21,VIIRS,n,2.0NRT,304.42,11.57,D
28.67597,70.05338,340.31,0.56,0.51,2026-04-10,900,N21,VIIRS,n,2.0NRT,302.76,6.39,D
28.67762,70.01876,342.68,0.56,0.51,2026-04-10,900,N21,VIIRS,n,2.0NRT,304.29,13.9,D
28.68342,69.97809,341.49,0.55,0.51,2026-04-10,900,N21,VIIRS,n,2.0NRT,303.05,5.19,D
28.68571,69.97822,338.72,0.55,0.51,2026-04-10,900,N21,VIIRS,n,2.0NRT,302.85,4.14,D
28.68692,70.06931,330.74,0.56,0.51,2026-04-10,900,N21,VIIRS,l,2.0NRT,302.42,4.6,D
28.70943,70.10702,337.55,0.56,0.52,2026-04-10,900,N21,VIIRS,n,2.0NRT,302.59,5.59,D
28.75455,70.07834,341.56,0.56,0.52,2026-04-10,900,N21,VIIRS,n,2.0NRT,303.27,16.26,D
28.75725,70.10699,335.35,0.56,0.52,2026-04-10,900,N21,VIIRS,n,2.0NRT,304.6,6.36,D
28.75982,70.08349,337.28,0.56,0.52,2026-04-10,900,N21,VIIRS,n,2.0NRT,303.83,6,D
28.77089,70.09953,336.76,0.56,0.52,2026-04-10,900,N21,VIIRS,n,2.0NRT,303.76,6.04,D
28.77617,70.10469,334.41,0.56,0.52,2026-04-10,900,N21,VIIRS,n,2.0NRT,301.8,3.72,D
28.81498,71.26762,335.79,0.33,0.55,2026-04-10,900,N21,VIIRS,n,2.0NRT,304.58,3.08,D
28.88632,71.38074,336.98,0.34,0.56,2026-04-10,900,N21,VIIRS,n,2.0NRT,306.14,3.1,D
29.01787,71.8767,367,0.36,0.58,2026-04-10,900,N21,VIIRS,h,2.0NRT,307.19,8.02,D
29.06375,71.45821,334.33,0.34,0.56,2026-04-10,900,N21,VIIRS,n,2.0NRT,301.07,1.54,D
29.10588,70.58073,340.27,0.61,0.53,2026-04-10,900,N21,VIIRS,n,2.0NRT,299.83,7.05,D
29.1172,77.01719,343.55,0.76,0.77,2026-04-10,900,N21,VIIRS,n,2.0NRT,299,9.49,D
29.12179,77.02111,344.9,0.76,0.77,2026-04-10,900,N21,VIIRS,n,2.0NRT,299.87,10.02,D
29.13692,70.59602,332.26,0.61,0.53,2026-04-10,900,N21,VIIRS,n,2.0NRT,300.47,5,D
29.14163,70.53894,335.4,0.6,0.53,2026-04-10,900,N21,VIIRS,n,2.0NRT,301.4,5.49,D
29.14438,70.53778,330.33,0.61,0.53,2026-04-10,900,N21,VIIRS,n,2.0NRT,299.04,5.38,D
29.14539,72.29047,344.42,0.39,0.59,2026-04-10,900,N21,VIIRS,n,2.0NRT,301.66,7.19,D
29.18898,72.72433,337.63,0.41,0.61,2026-04-10,900,N21,VIIRS,n,2.0NRT,304.46,3.76,D
29.21843,72.59471,336.22,0.41,0.6,2026-04-10,900,N21,VIIRS,n,2.0NRT,304.61,3.03,D
29.21852,72.59698,337.74,0.41,0.6,2026-04-10,900,N21,VIIRS,n,2.0NRT,303.39,4.3,D
29.23461,70.60909,341.49,0.61,0.54,2026-04-10,900,N21,VIIRS,n,2.0NRT,301.53,10.11,D
29.3905,70.40744,346.04,0.6,0.53,2026-04-10,900,N21,VIIRS,n,2.0NRT,300.09,10.23,D
29.57023,70.13803,341.65,0.58,0.52,2026-04-10,900,N21,VIIRS,n,2.0NRT,301.05,14.43,D
21.76554,97.15429,334.04,0.6,0.53,2026-04-10,1945,N21,VIIRS,n,2.0NRT,289.22,4.7,N
21.76637,97.1538,327.47,0.6,0.53,2026-04-10,1945,N21,VIIRS,n,2.0NRT,289.42,6.18,N
21.77513,97.15636,315.64,0.6,0.53,2026-04-10,1945,N21,VIIRS,n,2.0NRT,289.57,3.09,N
22.30098,94.37907,302.92,0.4,0.44,2026-04-10,1945,N21,VIIRS,n,2.0NRT,290.7,1.87,N
22.31922,94.37886,301.62,0.39,0.44,2026-04-10,1945,N21,VIIRS,n,2.0NRT,290.4,0.84,N
22.32919,94.39175,308.78,0.4,0.44,2026-04-10,1945,N21,VIIRS,n,2.0NRT,290.95,1.01,N
22.33317,97.89245,301.68,0.33,0.55,2026-04-10,1945,N21,VIIRS,n,2.0NRT,286.12,0.87,N
22.34225,96.40028,305.35,0.52,0.5,2026-04-10,1945,N21,VIIRS,n,2.0NRT,292.1,1.62,N
22.40076,94.45992,305.19,0.4,0.44,2026-04-10,1945,N21,VIIRS,n,2.0NRT,294.42,1.42,N
22.41261,94.3453,303.68,0.39,0.44,2026-04-10,1945,N21,VIIRS,n,2.0NRT,291.76,0.88,N
22.42346,94.30952,300.02,0.39,0.44,2026-04-10,1945,N21,VIIRS,n,2.0NRT,288.83,1.05,N
22.44673,93.90371,324.44,0.55,0.43,2026-04-10,1945,N21,VIIRS,n,2.0NRT,293.01,4.4,N
22.54668,96.35645,305.29,0.51,0.5,2026-04-10,1945,N21,VIIRS,n,2.0NRT,292.28,1.62,N
22.54751,96.35238,304.12,0.51,0.5,2026-04-10,1945,N21,VIIRS,n,2.0NRT,291.89,1.65,N
22.61234,97.9314,299.7,0.32,0.55,2026-04-10,1945,N21,VIIRS,n,2.0NRT,288.33,1.46,N
22.67684,94.5108,303.65,0.4,0.44,2026-04-10,1945,N21,VIIRS,n,2.0NRT,291.27,0.52,N
22.71085,96.23889,300.96,0.5,0.49,2026-04-10,1945,N21,VIIRS,n,2.0NRT,290.83,0.9,N
22.71253,96.23808,300.96,0.5,0.49,2026-04-10,1945,N21,VIIRS,n,2.0NRT,290.73,0.95,N
22.72803,92.36833,304.39,0.46,0.39,2026-04-10,1945,N21,VIIRS,n,2.0NRT,292.73,1.22,N
22.79804,93.93343,306.47,0.55,0.43,2026-04-10,1945,N21,VIIRS,n,2.0NRT,292.33,3.71,N
22.91701,94.55303,310.42,0.39,0.44,2026-04-10,1945,N21,VIIRS,n,2.0NRT,290.95,1.24,N
22.92099,94.55393,303.91,0.39,0.44,2026-04-10,1945,N21,VIIRS,n,2.0NRT,290.88,0.87,N
22.98761,91.09783,308.29,0.41,0.37,2026-04-10,1945,N21,VIIRS,n,2.0NRT,293.45,1.01,N
22.98827,91.09386,308.96,0.41,0.37,2026-04-10,1945,N21,VIIRS,n,2.0NRT,293.46,1.01,N
22.99099,91.0985,306.38,0.41,0.37,2026-04-10,1945,N21,VIIRS,n,2.0NRT,293.53,0.82,N
22.99166,91.09454,308.37,0.41,0.37,2026-04-10,1945,N21,VIIRS,n,2.0NRT,293.28,0.82,N
23.01526,94.68389,303.12,0.4,0.44,2026-04-10,1945,N21,VIIRS,n,2.0NRT,290.61,1.12,N
23.01704,94.69614,304.64,0.4,0.44,2026-04-10,1945,N21,VIIRS,n,2.0NRT,291.38,1,N
23.05519,94.78009,307.45,0.4,0.45,2026-04-10,1945,N21,VIIRS,n,2.0NRT,291.46,0.79,N
23.05921,94.78101,303.6,0.4,0.45,2026-04-10,1945,N21,VIIRS,n,2.0NRT,291.06,0.79,N
23.06252,94.78567,306.62,0.4,0.45,2026-04-10,1945,N21,VIIRS,n,2.0NRT,291,1.14,N
23.06295,94.71823,300.75,0.4,0.44,2026-04-10,1945,N21,VIIRS,n,2.0NRT,290.71,0.75,N
23.07982,94.63062,313.49,0.4,0.44,2026-04-10,1945,N21,VIIRS,n,2.0NRT,291.23,2.2,N
23.08665,95.07229,307.27,0.42,0.45,2026-04-10,1945,N21,VIIRS,n,2.0NRT,291.08,1.55,N
23.08974,94.40759,305.59,0.38,0.44,2026-04-10,1945,N21,VIIRS,n,2.0NRT,290.46,0.69,N
23.10522,94.54148,308.97,0.39,0.44,2026-04-10,1945,N21,VIIRS,n,2.0NRT,291.15,1.08,N
23.1074,94.53001,306.26,0.39,0.44,2026-04-10,1945,N21,VIIRS,n,2.0NRT,291.41,0.88,N
23.10918,94.54237,305.5,0.39,0.44,2026-04-10,1945,N21,VIIRS,n,2.0NRT,290.82,1.17,N
23.11137,94.5309,303.89,0.39,0.44,2026-04-10,1945,N21,VIIRS,n,2.0NRT,291.09,0.76,N
23.11209,94.52713,302.46,0.39,0.44,2026-04-10,1945,N21,VIIRS,n,2.0NRT,290.69,0.76,N
23.11831,94.69082,306.64,0.4,0.44,2026-04-10,1945,N21,VIIRS,n,2.0NRT,291.41,1.29,N
23.1194,94.70713,303.02,0.4,0.44,2026-04-10,1945,N21,VIIRS,n,2.0NRT,290.98,1.2,N
23.12032,94.70716,304.52,0.4,0.44,2026-04-10,1945,N21,VIIRS,n,2.0NRT,291.13,0.97,N
23.12159,94.69556,302.9,0.4,0.44,2026-04-10,1945,N21,VIIRS,n,2.0NRT,291.12,0.95,N
23.12232,94.6917,309.32,0.4,0.44,2026-04-10,1945,N21,VIIRS,n,2.0NRT,291.3,1.67,N
23.12258,94.69563,303.17,0.4,0.44,2026-04-10,1945,N21,VIIRS,n,2.0NRT,290.58,0.71,N
23.12334,94.69177,313.26,0.4,0.44,2026-04-10,1945,N21,VIIRS,n,2.0NRT,291.53,1.58,N
23.22241,90.67013,306.08,0.4,0.37,2026-04-10,1945,N21,VIIRS,n,2.0NRT,294.62,0.54,N
23.23643,94.6888,299.6,0.4,0.44,2026-04-10,1945,N21,VIIRS,n,2.0NRT,287.74,0.56,N
23.23807,94.22705,304.4,0.56,0.43,2026-04-10,1945,N21,VIIRS,n,2.0NRT,290.97,0.93,N
23.24194,94.22799,307,0.56,0.43,2026-04-10,1945,N21,VIIRS,n,2.0NRT,290.78,0.93,N
23.24671,94.22421,308.53,0.56,0.43,2026-04-10,1945,N21,VIIRS,n,2.0NRT,291.73,2.45,N
23.24968,94.22987,315.71,0.56,0.43,2026-04-10,1945,N21,VIIRS,n,2.0NRT,291.77,2.41,N
23.25354,94.23086,312.15,0.56,0.43,2026-04-10,1945,N21,VIIRS,n,2.0NRT,291.21,1.46,N
23.25742,94.23177,308.23,0.56,0.43,2026-04-10,1945,N21,VIIRS,n,2.0NRT,291.12,1.46,N
23.26488,94.27786,300.25,0.56,0.43,2026-04-10,1945,N21,VIIRS,n,2.0NRT,288.12,1.99,N
23.29504,94.54434,304.26,0.39,0.44,2026-04-10,1945,N21,VIIRS,n,2.0NRT,290.57,1.02,N
23.38068,95.88978,308.36,0.46,0.47,2026-04-10,1945,N21,VIIRS,n,2.0NRT,291.25,1.26,N
23.48347,87.36192,307.63,0.41,0.37,2026-04-10,1945,N21,VIIRS,n,2.0NRT,296.24,1.3,N
23.51012,87.28029,308.69,0.41,0.37,2026-04-10,1945,N21,VIIRS,n,2.0NRT,293.3,1.07,N
23.55036,87.24217,329.6,0.41,0.37,2026-04-10,1945,N21,VIIRS,n,2.0NRT,295.17,3.96,N
23.55375,87.24275,309.98,0.41,0.37,2026-04-10,1945,N21,VIIRS,n,2.0NRT,294.9,2.13,N
23.55773,87.23933,323.38,0.41,0.37,2026-04-10,1945,N21,VIIRS,n,2.0NRT,293.41,2.13,N
23.55888,87.23132,303.51,0.41,0.37,2026-04-10,1945,N21,VIIRS,n,2.0NRT,291.41,0.45,N
23.56249,87.08392,317.02,0.42,0.37,2026-04-10,1945,N21,VIIRS,n,2.0NRT,294.67,2.74,N
23.57032,94.11819,302.05,0.55,0.42,2026-04-10,1945,N21,VIIRS,n,2.0NRT,288.33,2.25,N
23.57256,94.11523,311.1,0.55,0.42,2026-04-10,1945,N21,VIIRS,n,2.0NRT,285.25,2.83,N
23.5809,86.72696,308.92,0.43,0.38,2026-04-10,1945,N21,VIIRS,n,2.0NRT,293.44,1.05,N
23.60902,87.14944,304.01,0.41,0.37,2026-04-10,1945,N21,VIIRS,n,2.0NRT,293.77,1.19,N
23.61431,86.79178,313.6,0.42,0.38,2026-04-10,1945,N21,VIIRS,n,2.0NRT,295.46,1.79,N
23.61488,86.78773,306.6,0.42,0.38,2026-04-10,1945,N21,VIIRS,n,2.0NRT,295.24,1.97,N
23.66029,86.91158,305.29,0.42,0.38,2026-04-10,1945,N21,VIIRS,n,2.0NRT,292.05,0.97,N
23.66059,86.91296,306,0.42,0.38,2026-04-10,1945,N21,VIIRS,n,2.0NRT,291.71,1.21,N
23.66316,86.91627,304.62,0.42,0.38,2026-04-10,1945,N21,VIIRS,n,2.0NRT,293.73,1.19,N
23.66373,86.91216,304.56,0.42,0.38,2026-04-10,1945,N21,VIIRS,n,2.0NRT,292.6,0.97,N
23.66418,87.15752,318.32,0.41,0.37,2026-04-10,1945,N21,VIIRS,n,2.0NRT,296.15,2.43,N
23.66475,87.15349,313.27,0.41,0.37,2026-04-10,1945,N21,VIIRS,n,2.0NRT,295.87,2.77,N
23.6666,86.91684,308.82,0.42,0.38,2026-04-10,1945,N21,VIIRS,n,2.0NRT,296.11,1.93,N
23.6674,86.0908,308.93,0.45,0.39,2026-04-10,1945,N21,VIIRS,n,2.0NRT,293.55,1.21,N
23.66791,86.09254,308.87,0.45,0.39,2026-04-10,1945,N21,VIIRS,n,2.0NRT,293.6,1.57,N
23.67219,87.12584,318.94,0.41,0.37,2026-04-10,1945,N21,VIIRS,n,2.0NRT,291.86,2.04,N
23.67275,86.39724,310.11,0.44,0.38,2026-04-10,1945,N21,VIIRS,n,2.0NRT,297.88,1.88,N
23.67511,86.08751,313.22,0.45,0.39,2026-04-10,1945,N21,VIIRS,n,2.0NRT,294.79,1.62,N
23.67566,86.4021,309,0.44,0.38,2026-04-10,1945,N21,VIIRS,n,2.0NRT,297.78,1.88,N
23.67625,86.39783,316.03,0.44,0.38,2026-04-10,1945,N21,VIIRS,n,2.0NRT,300.44,1.88,N
23.67685,86.39355,311.33,0.44,0.38,2026-04-10,1945,N21,VIIRS,n,2.0NRT,295.08,2.07,N
23.67926,86.08366,305.22,0.45,0.39,2026-04-10,1945,N21,VIIRS,n,2.0NRT,294.28,0.93,N
23.67976,86.39841,319.86,0.44,0.38,2026-04-10,1945,N21,VIIRS,n,2.0NRT,297.66,2.94,N
23.68095,86.38982,322.24,0.44,0.38,2026-04-10,1945,N21,VIIRS,n,2.0NRT,293.18,3.2,N
23.68163,86.09303,321.43,0.45,0.39,2026-04-10,1945,N21,VIIRS,n,2.0NRT,295.26,1.98,N
23.68185,87.1316,306.16,0.41,0.37,2026-04-10,1945,N21,VIIRS,n,2.0NRT,293.71,1.58,N
23.68223,86.08862,302.46,0.45,0.39,2026-04-10,1945,N21,VIIRS,n,2.0NRT,292.41,1.98,N
23.68282,86.08421,304.35,0.45,0.39,2026-04-10,1945,N21,VIIRS,n,2.0NRT,293.14,0.93,N
23.68386,86.39472,329.45,0.44,0.38,2026-04-10,1945,N21,VIIRS,n,2.0NRT,298.13,3.2,N
23.68446,86.3904,320.37,0.44,0.38,2026-04-10,1945,N21,VIIRS,n,2.0NRT,295.47,3.2,N
23.687,87.12006,321.34,0.41,0.37,2026-04-10,1945,N21,VIIRS,n,2.0NRT,295.78,2.21,N
23.68988,87.09988,315.72,0.42,0.37,2026-04-10,1945,N21,VIIRS,n,2.0NRT,296.98,2.86,N
23.69041,87.12063,308.45,0.41,0.37,2026-04-10,1945,N21,VIIRS,n,2.0NRT,295.14,2.21,N
23.69272,87.10449,307.17,0.42,0.37,2026-04-10,1945,N21,VIIRS,n,2.0NRT,293.59,1.92,N
23.69325,87.12525,313.38,0.41,0.37,2026-04-10,1945,N21,VIIRS,n,2.0NRT,295.51,1.92,N
23.69382,87.12121,318.41,0.41,0.37,2026-04-10,1945,N21,VIIRS,n,2.0NRT,297.42,1.92,N
23.6944,87.11716,307.75,0.42,0.37,2026-04-10,1945,N21,VIIRS,n,2.0NRT,295.38,2.16,N
23.69614,87.10506,304.24,0.42,0.37,2026-04-10,1945,N21,VIIRS,n,2.0NRT,293.99,1.2,N
23.70597,86.07434,323.73,0.45,0.39,2026-04-10,1945,N21,VIIRS,n,2.0NRT,290.42,1.69,N
23.70889,86.44685,318.49,0.44,0.38,2026-04-10,1945,N21,VIIRS,n,2.0NRT,295.49,3.11,N
23.71179,86.4517,332.8,0.44,0.38,2026-04-10,1945,N21,VIIRS,n,2.0NRT,297.33,3.11,N
23.71239,86.44743,321.25,0.44,0.38,2026-04-10,1945,N21,VIIRS,n,2.0NRT,297.69,3.11,N
23.71478,86.43033,320.51,0.44,0.38,2026-04-10,1945,N21,VIIRS,n,2.0NRT,294.66,2.91,N
23.71538,86.42606,305.38,0.44,0.38,2026-04-10,1945,N21,VIIRS,n,2.0NRT,294.59,2.35,N
23.71649,86.44374,312.16,0.44,0.38,2026-04-10,1945,N21,VIIRS,n,2.0NRT,296.5,1.74,N
23.71709,86.43947,303.75,0.44,0.38,2026-04-10,1945,N21,VIIRS,n,2.0NRT,293.59,1.74,N
23.71948,86.42238,306.02,0.44,0.38,2026-04-10,1945,N21,VIIRS,n,2.0NRT,293.99,1.24,N
23.72409,86.44061,317.57,0.44,0.38,2026-04-10,1945,N21,VIIRS,n,2.0NRT,297.72,3.42,N
23.7253,86.43916,309.34,0.44,0.38,2026-04-10,1945,N21,VIIRS,n,2.0NRT,295.63,2.66,N
23.73639,86.43661,316.65,0.44,0.38,2026-04-10,1945,N21,VIIRS,n,2.0NRT,299.89,5.01,N
23.73698,86.43233,338.94,0.44,0.38,2026-04-10,1945,N21,VIIRS,n,2.0NRT,300.9,5.01,N
23.74422,85.50786,305.4,0.48,0.4,2026-04-10,1945,N21,VIIRS,n,2.0NRT,292.07,0.94,N
23.74426,85.50565,310.74,0.48,0.4,2026-04-10,1945,N21,VIIRS,n,2.0NRT,292.48,1.6,N
23.74983,86.41697,321.85,0.44,0.38,2026-04-10,1945,N21,VIIRS,n,2.0NRT,295.89,2.44,N
23.75217,86.39979,305.98,0.44,0.38,2026-04-10,1945,N21,VIIRS,n,2.0NRT,293.29,1.37,N
23.75276,86.39548,309.3,0.44,0.38,2026-04-10,1945,N21,VIIRS,n,2.0NRT,293.15,1.24,N
23.75334,86.41754,315.57,0.44,0.38,2026-04-10,1945,N21,VIIRS,n,2.0NRT,296.15,2.44,N
23.7551,86.40466,308.04,0.44,0.38,2026-04-10,1945,N21,VIIRS,n,2.0NRT,294.08,1.37,N
23.75627,86.39605,307.43,0.44,0.38,2026-04-10,1945,N21,VIIRS,n,2.0NRT,294.63,1.24,N
23.75753,85.8546,313.85,0.46,0.39,2026-04-10,1945,N21,VIIRS,n,2.0NRT,296.53,4.89,N
23.75861,86.40525,314.17,0.44,0.38,2026-04-10,1945,N21,VIIRS,n,2.0NRT,294.48,2.17,N
23.7592,86.40094,327.33,0.44,0.38,2026-04-10,1945,N21,VIIRS,n,2.0NRT,298.11,2.17,N
23.76154,86.38376,306.82,0.44,0.38,2026-04-10,1945,N21,VIIRS,n,2.0NRT,295.02,2.09,N
23.76212,86.40583,312.49,0.44,0.38,2026-04-10,1945,N21,VIIRS,n,2.0NRT,295.24,2.17,N
23.76271,86.40152,322.78,0.44,0.38,2026-04-10,1945,N21,VIIRS,n,2.0NRT,296.02,2.17,N
23.76388,86.39291,314.5,0.44,0.38,2026-04-10,1945,N21,VIIRS,n,2.0NRT,299.3,3.7,N
23.76563,86.4064,332.64,0.44,0.38,2026-04-10,1945,N21,VIIRS,n,2.0NRT,298.6,2.54,N
23.76622,86.40209,315.58,0.44,0.38,2026-04-10,1945,N21,VIIRS,n,2.0NRT,296.19,2.54,N
23.76913,86.01192,302.68,0.46,0.39,2026-04-10,1945,N21,VIIRS,n,2.0NRT,292.42,0.62,N
23.76973,86.40266,311.89,0.44,0.38,2026-04-10,1945,N21,VIIRS,n,2.0NRT,295.14,2.54,N
23.77268,86.19518,309.45,0.45,0.39,2026-04-10,1945,N21,VIIRS,n,2.0NRT,295.1,2.18,N
23.77503,86.36398,335.91,0.44,0.38,2026-04-10,1945,N21,VIIRS,n,2.0NRT,298.99,5.56,N
23.77514,85.99477,303.23,0.46,0.39,2026-04-10,1945,N21,VIIRS,n,2.0NRT,293.01,1.27,N
23.77559,86.38609,317.67,0.44,0.38,2026-04-10,1945,N21,VIIRS,n,2.0NRT,296.96,3.55,N
23.77664,86.98065,301.77,0.42,0.38,2026-04-10,1945,N21,VIIRS,n,2.0NRT,289.3,0.53,N
23.77799,86.20948,337.4,0.45,0.39,2026-04-10,1945,N21,VIIRS,n,2.0NRT,300.79,4.14,N
23.77852,86.39097,344.88,0.44,0.38,2026-04-10,1945,N21,VIIRS,n,2.0NRT,301.83,3.55,N
23.77911,86.38667,309.07,0.44,0.38,2026-04-10,1945,N21,VIIRS,n,2.0NRT,293.65,3.55,N
23.77915,86.14704,299.1,0.45,0.39,2026-04-10,1945,N21,VIIRS,n,2.0NRT,288.74,0.73,N
23.78089,86.37374,316.25,0.44,0.38,2026-04-10,1945,N21,VIIRS,n,2.0NRT,295.63,2.66,N
23.78091,86.34729,307.1,0.44,0.39,2026-04-10,1945,N21,VIIRS,n,2.0NRT,293.95,1.06,N
23.78146,85.56376,303.06,0.48,0.4,2026-04-10,1945,N21,VIIRS,n,2.0NRT,292.25,1.09,N
23.78153,86.21006,317.99,0.45,0.39,2026-04-10,1945,N21,VIIRS,n,2.0NRT,297.34,4.14,N
23.78203,86.39154,310.05,0.44,0.38,2026-04-10,1945,N21,VIIRS,n,2.0NRT,296.54,1.55,N
23.78502,86.34355,304.25,0.44,0.39,2026-04-10,1945,N21,VIIRS,n,2.0NRT,293.18,1.06,N
23.79088,86.35335,308.1,0.44,0.39,2026-04-10,1945,N21,VIIRS,n,2.0NRT,296.09,1.38,N
23.79147,86.34901,308.09,0.44,0.39,2026-04-10,1945,N21,VIIRS,n,2.0NRT,294.62,1.09,N
23.79275,86.23409,304.17,0.45,0.39,2026-04-10,1945,N21,VIIRS,n,2.0NRT,292.41,1.04,N
23.7944,86.35392,326.83,0.44,0.39,2026-04-10,1945,N21,VIIRS,n,2.0NRT,296.77,3.84,N
23.79852,86.35015,330.08,0.44,0.39,2026-04-10,1945,N21,VIIRS,n,2.0NRT,298.92,6.29,N
23.79975,86.31503,308.78,0.44,0.39,2026-04-10,1945,N21,VIIRS,n,2.0NRT,296.15,2.99,N
23.80088,86.33294,305.68,0.44,0.39,2026-04-10,1945,N21,VIIRS,n,2.0NRT,294.15,1.75,N
23.80148,86.32862,319.91,0.44,0.39,2026-04-10,1945,N21,VIIRS,n,2.0NRT,298.39,1.75,N
23.80208,86.32428,312.26,0.44,0.39,2026-04-10,1945,N21,VIIRS,n,2.0NRT,295.9,2.85,N
23.805,86.32918,326.02,0.44,0.39,2026-04-10,1945,N21,VIIRS,n,2.0NRT,300.04,3.76,N
23.80532,86.92679,302.73,0.42,0.38,2026-04-10,1945,N21,VIIRS,n,2.0NRT,290.76,0.42,N
23.81688,86.56194,306.64,0.43,0.38,2026-04-10,1945,N21,VIIRS,n,2.0NRT,290.63,0.82,N
23.81902,86.56303,303.99,0.43,0.38,2026-04-10,1945,N21,VIIRS,n,2.0NRT,289.43,1.13,N
23.82367,85.49881,310.72,0.48,0.4,2026-04-10,1945,N21,VIIRS,n,2.0NRT,297.15,3.23,N
23.83324,84.92632,308.99,0.52,0.41,2026-04-10,1945,N21,VIIRS,n,2.0NRT,290.62,2.48,N
23.83828,84.94745,305.52,0.51,0.41,2026-04-10,1945,N21,VIIRS,n,2.0NRT,290.94,2.07,N
23.88847,85.00579,299.66,0.51,0.41,2026-04-10,1945,N21,VIIRS,n,2.0NRT,289.34,0.77,N
23.92611,85.34338,300.23,0.49,0.4,2026-04-10,1945,N21,VIIRS,n,2.0NRT,289.78,1.02,N
24.02344,85.48283,297.44,0.49,0.4,2026-04-10,1945,N21,VIIRS,n,2.0NRT,287.42,0.37,N
24.11538,86.86069,316.59,0.43,0.38,2026-04-10,1945,N21,VIIRS,n,2.0NRT,296.05,2.44,N
24.13014,82.62225,309.26,0.47,0.48,2026-04-10,1945,N21,VIIRS,n,2.0NRT,293.77,2.1,N
24.14435,86.33086,302.87,0.45,0.39,2026-04-10,1945,N21,VIIRS,n,2.0NRT,290.95,0.75,N
24.15833,82.60795,307.13,0.47,0.48,2026-04-10,1945,N21,VIIRS,n,2.0NRT,293.75,1.67,N
24.16042,82.66797,311.53,0.47,0.48,2026-04-10,1945,N21,VIIRS,n,2.0NRT,295.57,2.22,N
24.17729,82.67512,304.78,0.47,0.47,2026-04-10,1945,N21,VIIRS,n,2.0NRT,291.95,0.58,N
24.18324,82.66181,304.97,0.47,0.48,2026-04-10,1945,N21,VIIRS,n,2.0NRT,292.87,1.88,N
24.19621,82.71668,308.74,0.46,0.47,2026-04-10,1945,N21,VIIRS,n,2.0NRT,293.08,1.75,N
24.19718,82.86713,306.02,0.45,0.47,2026-04-10,1945,N21,VIIRS,n,2.0NRT,291.75,0.93,N
24.20109,82.71237,315.63,0.46,0.47,2026-04-10,1945,N21,VIIRS,n,2.0NRT,294.37,2.73,N
24.20544,82.71283,306.21,0.46,0.47,2026-04-10,1945,N21,VIIRS,n,2.0NRT,295.24,1.87,N
24.20592,82.70846,311.98,0.47,0.47,2026-04-10,1945,N21,VIIRS,n,2.0NRT,294.46,1.87,N
24.20612,82.90424,301.23,0.45,0.47,2026-04-10,1945,N21,VIIRS,n,2.0NRT,290.12,0.37,N
24.39421,80.19319,301,0.34,0.56,2026-04-10,1945,N21,VIIRS,n,2.0NRT,286,0.62,N
24.39933,80.19379,309.09,0.34,0.56,2026-04-10,1945,N21,VIIRS,n,2.0NRT,286.91,0.62,N
24.40223,79.9967,298.89,0.35,0.57,2026-04-10,1945,N21,VIIRS,n,2.0NRT,286.57,0.39,N
24.43847,80.16445,301.06,0.34,0.56,2026-04-10,1945,N21,VIIRS,n,2.0NRT,286.29,0.45,N
24.45245,80.07421,304.68,0.34,0.56,2026-04-10,1945,N21,VIIRS,n,2.0NRT,286.42,0.59,N
24.45376,80.06065,305.02,0.34,0.56,2026-04-10,1945,N21,VIIRS,n,2.0NRT,287.31,0.54,N
24.45751,80.09867,302.53,0.34,0.56,2026-04-10,1945,N21,VIIRS,n,2.0NRT,287.48,0.78,N
24.45852,80.25753,307.19,0.33,0.56,2026-04-10,1945,N21,VIIRS,n,2.0NRT,287.2,0.56,N
24.46046,80.09908,302.6,0.34,0.56,2026-04-10,1945,N21,VIIRS,n,2.0NRT,287.01,0.74,N
24.54373,78.78479,307.93,0.42,0.61,2026-04-10,1945,N21,VIIRS,n,2.0NRT,286.91,1.12,N
24.54508,85.42674,303.65,0.49,0.41,2026-04-10,1945,N21,VIIRS,n,2.0NRT,292.75,0.92,N
24.59426,77.07677,303.32,0.54,0.68,2026-04-10,1945,N21,VIIRS,n,2.0NRT,285.95,1.41,N
24.63882,91.59227,312.8,0.41,0.37,2026-04-10,1945,N21,VIIRS,n,2.0NRT,292.82,1.46,N
24.72525,83.71223,303.97,0.41,0.45,2026-04-10,1945,N21,VIIRS,n,2.0NRT,293.83,1.02,N
24.72602,83.71342,305.23,0.41,0.45,2026-04-10,1945,N21,VIIRS,n,2.0NRT,293.95,1.56,N
24.76854,76.81271,306.59,0.56,0.69,2026-04-10,1945,N21,VIIRS,n,2.0NRT,286.64,1.45,N
24.77607,76.58505,299.16,0.58,0.7,2026-04-10,1945,N21,VIIRS,n,2.0NRT,286.47,0.67,N
24.77797,76.58575,298.75,0.58,0.7,2026-04-10,1945,N21,VIIRS,n,2.0NRT,286.88,0.77,N
24.78426,84.05226,326.15,0.39,0.44,2026-04-10,1945,N21,VIIRS,n,2.0NRT,294.36,2.78,N
24.78511,77.10522,300.94,0.54,0.68,2026-04-10,1945,N21,VIIRS,n,2.0NRT,287.69,1.99,N
24.78551,77.09988,305.84,0.54,0.68,2026-04-10,1945,N21,VIIRS,n,2.0NRT,288.91,2.54,N
24.78829,84.05282,331.94,0.39,0.44,2026-04-10,1945,N21,VIIRS,n,2.0NRT,293.33,2.99,N
24.81464,76.70368,309.45,0.57,0.69,2026-04-10,1945,N21,VIIRS,n,2.0NRT,286.9,2.89,N
24.81505,76.69799,314.78,0.57,0.69,2026-04-10,1945,N21,VIIRS,n,2.0NRT,287.51,2.89,N
24.81915,76.64098,300.38,0.58,0.69,2026-04-10,1945,N21,VIIRS,n,2.0NRT,286.66,1.3,N
24.82039,76.6238,299.87,0.58,0.7,2026-04-10,1945,N21,VIIRS,n,2.0NRT,286.71,1.5,N
24.82637,76.63001,295.73,0.58,0.7,2026-04-10,1945,N21,VIIRS,n,2.0NRT,285.64,1.68,N
24.82762,76.61277,303.19,0.58,0.7,2026-04-10,1945,N21,VIIRS,n,2.0NRT,285.91,1.71,N
24.82803,76.60701,302.18,0.58,0.7,2026-04-10,1945,N21,VIIRS,n,2.0NRT,286.44,1.71,N
24.83195,76.64194,302.1,0.58,0.69,2026-04-10,1945,N21,VIIRS,n,2.0NRT,286.31,1.88,N
24.83359,76.64592,300.3,0.58,0.69,2026-04-10,1945,N21,VIIRS,n,2.0NRT,286.83,1.49,N
24.84221,76.67728,298.46,0.57,0.69,2026-04-10,1945,N21,VIIRS,n,2.0NRT,286.94,1.11,N
24.90896,91.8289,302.6,0.42,0.37,2026-04-10,1945,N21,VIIRS,n,2.0NRT,291.16,0.52,N
24.92162,84.15754,307.1,0.39,0.44,2026-04-10,1945,N21,VIIRS,n,2.0NRT,291.75,1.43,N
24.93887,78.12963,302.85,0.46,0.64,2026-04-10,1945,N21,VIIRS,n,2.0NRT,289.75,1.3,N
24.94123,76.57974,302.69,0.58,0.7,2026-04-10,1945,N21,VIIRS,n,2.0NRT,286.6,0.97,N
24.94358,77.21599,307.29,0.53,0.67,2026-04-10,1945,N21,VIIRS,n,2.0NRT,287.15,2.15,N
24.97649,77.1921,298.79,0.53,0.67,2026-04-10,1945,N21,VIIRS,n,2.0NRT,286.45,0.85,N
24.9839,85.55298,299.87,0.49,0.41,2026-04-10,1945,N21,VIIRS,n,2.0NRT,289.26,1.38,N
24.98761,85.55354,314.48,0.49,0.41,2026-04-10,1945,N21,VIIRS,n,2.0NRT,290.55,1.38,N
24.98824,85.54868,300.95,0.49,0.41,2026-04-10,1945,N21,VIIRS,n,2.0NRT,289.41,0.53,N
24.99006,85.56382,301.4,0.49,0.4,2026-04-10,1945,N21,VIIRS,n,2.0NRT,290.41,0.65,N
24.99503,85.55468,299.75,0.49,0.41,2026-04-10,1945,N21,VIIRS,n,2.0NRT,288.65,0.43,N
24.99601,77.09737,300.23,0.54,0.68,2026-04-10,1945,N21,VIIRS,n,2.0NRT,286.93,1.15,N
24.99747,85.56496,330.27,0.49,0.4,2026-04-10,1945,N21,VIIRS,n,2.0NRT,291.83,3.3,N
25.00217,84.07392,299.78,0.39,0.44,2026-04-10,1945,N21,VIIRS,n,2.0NRT,288.69,0.43,N
25.00808,77.10383,310.49,0.54,0.68,2026-04-10,1945,N21,VIIRS,n,2.0NRT,287.62,2.35,N
25.03047,87.37581,329.15,0.42,0.37,2026-04-10,1945,N21,VIIRS,n,2.0NRT,295.76,3.56,N
25.0339,87.3764,313.42,0.42,0.37,2026-04-10,1945,N21,VIIRS,n,2.0NRT,293.78,1.93,N
25.03447,87.37233,330.61,0.42,0.37,2026-04-10,1945,N21,VIIRS,n,2.0NRT,296.46,3.95,N
25.04017,87.38161,311.86,0.42,0.37,2026-04-10,1945,N21,VIIRS,n,2.0NRT,294.19,1.53,N
25.05416,76.96047,302.75,0.55,0.68,2026-04-10,1945,N21,VIIRS,n,2.0NRT,285.92,1,N
25.05675,76.9595,306.07,0.55,0.68,2026-04-10,1945,N21,VIIRS,n,2.0NRT,286.02,1.66,N
25.0843,84.07361,299.94,0.4,0.44,2026-04-10,1945,N21,VIIRS,n,2.0NRT,288.38,0.37,N
25.09069,83.88165,299.86,0.41,0.45,2026-04-10,1945,N21,VIIRS,n,2.0NRT,287.62,1.24,N
25.12396,77.62782,304.31,0.5,0.66,2026-04-10,1945,N21,VIIRS,n,2.0NRT,286.99,1.77,N
25.1724,84.06631,307.27,0.4,0.44,2026-04-10,1945,N21,VIIRS,n,2.0NRT,288.95,0.98,N
25.17287,84.06239,303.36,0.4,0.44,2026-04-10,1945,N21,VIIRS,n,2.0NRT,288.22,0.98,N
25.20426,85.72433,302.44,0.49,0.4,2026-04-10,1945,N21,VIIRS,n,2.0NRT,290.34,0.98,N
25.30502,85.33688,299.36,0.51,0.41,2026-04-10,1945,N21,VIIRS,n,2.0NRT,288.84,0.63,N
25.43526,86.06769,303.57,0.47,0.4,2026-04-10,1945,N21,VIIRS,n,2.0NRT,292.82,1.04,N
25.4962,76.72734,297.68,0.58,0.7,2026-04-10,1945,N21,VIIRS,n,2.0NRT,286.93,0.94,N
25.50101,76.72334,309.07,0.58,0.7,2026-04-10,1945,N21,VIIRS,n,2.0NRT,287.15,2.4,N
25.5026,76.72785,300.4,0.58,0.7,2026-04-10,1945,N21,VIIRS,n,2.0NRT,286.45,0.94,N
25.53877,91.23663,297.12,0.4,0.37,2026-04-10,1945,N21,VIIRS,n,2.0NRT,281.87,0.49,N
25.71703,83.52537,300.66,0.43,0.46,2026-04-10,1945,N21,VIIRS,n,2.0NRT,289.38,0.57,N
25.91805,81.91697,304.12,0.55,0.51,2026-04-10,1945,N21,VIIRS,n,2.0NRT,289.64,1.36,N
26.21681,81.78416,306.89,0.56,0.52,2026-04-10,1945,N21,VIIRS,n,2.0NRT,288.46,2.74,N
26.2187,81.77989,310.92,0.56,0.52,2026-04-10,1945,N21,VIIRS,n,2.0NRT,288.91,1.67,N
26.34651,83.7807,321.02,0.43,0.46,2026-04-10,1945,N21,VIIRS,n,2.0NRT,289.71,2.99,N
26.36992,83.48866,297.66,0.44,0.46,2026-04-10,1945,N21,VIIRS,n,2.0NRT,287.27,0.28,N
26.37314,83.73235,306.18,0.43,0.46,2026-04-10,1945,N21,VIIRS,n,2.0NRT,289.09,1.97,N
26.37362,83.72806,319.58,0.43,0.46,2026-04-10,1945,N21,VIIRS,n,2.0NRT,289.41,1.97,N
26.38524,83.85059,302.28,0.42,0.45,2026-04-10,1945,N21,VIIRS,n,2.0NRT,288.55,0.68,N
26.39061,83.5363,299.46,0.44,0.46,2026-04-10,1945,N21,VIIRS,n,2.0NRT,289.27,0.48,N
26.39486,83.53687,322.41,0.44,0.46,2026-04-10,1945,N21,VIIRS,n,2.0NRT,289.06,2.16,N
26.43633,83.55141,306.02,0.44,0.46,2026-04-10,1945,N21,VIIRS,n,2.0NRT,289.95,1.53,N
26.43683,83.547,300.03,0.44,0.46,2026-04-10,1945,N21,VIIRS,n,2.0NRT,287.38,0.75,N
26.46421,83.76488,300.42,0.43,0.46,2026-04-10,1945,N21,VIIRS,n,2.0NRT,289.27,0.54,N
26.47678,83.76662,315.99,0.43,0.46,2026-04-10,1945,N21,VIIRS,n,2.0NRT,289.14,2.44,N
26.47726,83.76233,310.63,0.43,0.46,2026-04-10,1945,N21,VIIRS,n,2.0NRT,288.87,3.37,N
26.48097,83.76718,335.21,0.43,0.46,2026-04-10,1945,N21,VIIRS,n,2.0NRT,290.72,2.44,N
26.55514,83.72026,304.62,0.43,0.46,2026-04-10,1945,N21,VIIRS,n,2.0NRT,289.67,1.16,N
26.63315,83.32008,330.76,0.46,0.47,2026-04-10,1945,N21,VIIRS,n,2.0NRT,290.28,6.09,N
26.63365,83.31549,321.01,0.46,0.47,2026-04-10,1945,N21,VIIRS,n,2.0NRT,289.79,2.61,N
26.63697,83.32523,327.57,0.46,0.47,2026-04-10,1945,N21,VIIRS,n,2.0NRT,290.1,6.09,N
26.63747,83.32065,340.4,0.46,0.47,2026-04-10,1945,N21,VIIRS,n,2.0NRT,290.94,6.09,N
26.63797,83.31608,311.83,0.46,0.47,2026-04-10,1945,N21,VIIRS,n,2.0NRT,289.2,2.61,N
26.64221,79.47961,303.33,0.4,0.6,2026-04-10,1945,N21,VIIRS,n,2.0NRT,289.9,1.38,N
26.64255,79.47562,316.07,0.4,0.6,2026-04-10,1945,N21,VIIRS,n,2.0NRT,288.52,1.38,N
26.64294,79.47858,314.56,0.4,0.6,2026-04-10,1945,N21,VIIRS,n,2.0NRT,289.93,1.15,N
26.64326,79.47457,302.24,0.4,0.6,2026-04-10,1945,N21,VIIRS,n,2.0NRT,287.96,1.15,N
26.64661,83.31722,302.72,0.46,0.47,2026-04-10,1945,N21,VIIRS,n,2.0NRT,287.73,1.1,N
26.65143,83.31321,314.03,0.46,0.47,2026-04-10,1945,N21,VIIRS,n,2.0NRT,288.66,1.89,N
26.65856,83.32811,301.93,0.46,0.47,2026-04-10,1945,N21,VIIRS,n,2.0NRT,287.73,0.8,N
26.69288,80.22917,300.76,0.36,0.57,2026-04-10,1945,N21,VIIRS,n,2.0NRT,290.08,0.96,N
26.69303,80.22916,300.35,0.36,0.57,2026-04-10,1945,N21,VIIRS,n,2.0NRT,289.86,0.87,N
26.75434,83.27308,345.31,0.46,0.47,2026-04-10,1945,N21,VIIRS,n,2.0NRT,292.55,10.14,N
26.758,83.19807,307.04,0.47,0.47,2026-04-10,1945,N21,VIIRS,n,2.0NRT,294.23,1.6,N
26.8246,83.23521,307.74,0.46,0.47,2026-04-10,1945,N21,VIIRS,n,2.0NRT,288.96,1.57,N
26.8256,83.23779,299.91,0.47,0.47,2026-04-10,1945,N21,VIIRS,n,2.0NRT,288.61,1.16,N
26.82609,83.23312,304.54,0.47,0.47,2026-04-10,1945,N21,VIIRS,n,2.0NRT,288.16,1.03,N
26.82699,82.9708,304.31,0.48,0.48,2026-04-10,1945,N21,VIIRS,n,2.0NRT,287.95,0.72,N
26.83381,83.24363,302.32,0.46,0.47,2026-04-10,1945,N21,VIIRS,n,2.0NRT,289.6,0.99,N
26.83486,83.19156,305.85,0.47,0.48,2026-04-10,1945,N21,VIIRS,n,2.0NRT,289.17,2.42,N
26.83816,83.2442,300.85,0.46,0.47,2026-04-10,1945,N21,VIIRS,n,2.0NRT,289.04,0.94,N
26.85405,82.84558,299.8,0.49,0.49,2026-04-10,1945,N21,VIIRS,n,2.0NRT,288.48,1.57,N
26.85535,82.86288,313.26,0.49,0.49,2026-04-10,1945,N21,VIIRS,n,2.0NRT,289.29,3.18,N
26.85585,82.85796,302.52,0.49,0.49,2026-04-10,1945,N21,VIIRS,n,2.0NRT,288.57,1.08,N
26.85637,82.86583,311.79,0.49,0.49,2026-04-10,1945,N21,VIIRS,n,2.0NRT,289.97,1.99,N
26.85691,82.86092,305.65,0.49,0.49,2026-04-10,1945,N21,VIIRS,n,2.0NRT,289.32,2.54,N
26.85735,82.84315,303.49,0.49,0.49,2026-04-10,1945,N21,VIIRS,n,2.0NRT,289.65,1.88,N
26.87994,82.93063,303.35,0.49,0.48,2026-04-10,1945,N21,VIIRS,n,2.0NRT,288.7,1.39,N
26.88045,82.92576,304.89,0.49,0.48,2026-04-10,1945,N21,VIIRS,n,2.0NRT,288.34,1.39,N
26.88095,82.92088,305.01,0.49,0.48,2026-04-10,1945,N21,VIIRS,n,2.0NRT,288.34,1.15,N
26.8953,82.91283,301.61,0.49,0.48,2026-04-10,1945,N21,VIIRS,n,2.0NRT,289.23,0.92,N
26.89633,82.90302,312.74,0.49,0.48,2026-04-10,1945,N21,VIIRS,n,2.0NRT,289.01,1.74,N
26.8982,82.92806,313.52,0.49,0.48,2026-04-10,1945,N21,VIIRS,n,2.0NRT,289.99,1.68,N
26.89854,82.96755,312.21,0.48,0.48,2026-04-10,1945,N21,VIIRS,n,2.0NRT,288.88,1.95,N
26.89872,82.92317,310.3,0.49,0.48,2026-04-10,1945,N21,VIIRS,n,2.0NRT,289.86,2.07,N
26.89889,82.87846,303.51,0.49,0.49,2026-04-10,1945,N21,VIIRS,n,2.0NRT,288.88,1.1,N
26.89957,82.95782,305.17,0.48,0.48,2026-04-10,1945,N21,VIIRS,n,2.0NRT,288.84,0.77,N
26.90335,82.87903,322.39,0.49,0.49,2026-04-10,1945,N21,VIIRS,n,2.0NRT,289.36,2.64,N
26.90368,82.91886,307.26,0.49,0.48,2026-04-10,1945,N21,VIIRS,n,2.0NRT,289.11,2.07,N
26.90452,82.95354,300.85,0.48,0.48,2026-04-10,1945,N21,VIIRS,n,2.0NRT,287.85,1.1,N
26.90471,82.90907,311.06,0.49,0.48,2026-04-10,1945,N21,VIIRS,n,2.0NRT,288.61,1.68,N
26.90534,82.9881,314.03,0.48,0.48,2026-04-10,1945,N21,VIIRS,n,2.0NRT,289.48,3.34,N
26.90586,82.98325,311.41,0.48,0.48,2026-04-10,1945,N21,VIIRS,n,2.0NRT,289.62,2.01,N
26.90729,82.88452,320.84,0.49,0.49,2026-04-10,1945,N21,VIIRS,n,2.0NRT,290.1,2.64,N
26.9078,82.87961,309.92,0.49,0.49,2026-04-10,1945,N21,VIIRS,n,2.0NRT,288.66,2.64,N
26.90895,82.95411,309.47,0.48,0.48,2026-04-10,1945,N21,VIIRS,n,2.0NRT,289.53,1.1,N
26.90915,82.90965,308.63,0.49,0.48,2026-04-10,1945,N21,VIIRS,n,2.0NRT,288.63,1.36,N
26.90947,82.94925,300.11,0.49,0.48,2026-04-10,1945,N21,VIIRS,n,2.0NRT,289.62,1.1,N
26.93034,82.92228,318.79,0.49,0.48,2026-04-10,1945,N21,VIIRS,n,2.0NRT,290.72,3.11,N
26.93086,82.91739,342.06,0.49,0.48,2026-04-10,1945,N21,VIIRS,n,2.0NRT,292.17,4.82,N
26.93139,82.91249,312.48,0.49,0.48,2026-04-10,1945,N21,VIIRS,n,2.0NRT,289.3,4.82,N
26.93453,82.88303,304.04,0.49,0.49,2026-04-10,1945,N21,VIIRS,n,2.0NRT,288.65,0.96,N
26.93478,82.92284,330.87,0.49,0.48,2026-04-10,1945,N21,VIIRS,n,2.0NRT,291.53,5.53,N
26.93531,82.91795,333.53,0.49,0.48,2026-04-10,1945,N21,VIIRS,n,2.0NRT,289.55,5.43,N
26.93846,82.88851,305.6,0.49,0.49,2026-04-10,1945,N21,VIIRS,n,2.0NRT,289.51,1.62,N
26.93899,82.88361,310.17,0.49,0.49,2026-04-10,1945,N21,VIIRS,n,2.0NRT,289.37,1.62,N
26.94736,82.88966,327.94,0.49,0.49,2026-04-10,1945,N21,VIIRS,n,2.0NRT,290.25,3.46,N
26.94789,82.88475,305.91,0.49,0.49,2026-04-10,1945,N21,VIIRS,n,2.0NRT,289.25,3.46,N
26.94842,82.87983,306.52,0.49,0.49,2026-04-10,1945,N21,VIIRS,n,2.0NRT,288.83,1.48,N
26.94895,82.87491,302.6,0.49,0.49,2026-04-10,1945,N21,VIIRS,n,2.0NRT,288.14,1.48,N
26.95632,82.87915,300.63,0.49,0.49,2026-04-10,1945,N21,VIIRS,n,2.0NRT,289.66,0.59,N
26.98206,82.89245,320.13,0.49,0.49,2026-04-10,1945,N21,VIIRS,n,2.0NRT,290.12,3.54,N
26.98855,82.87328,315.05,0.49,0.49,2026-04-10,1945,N21,VIIRS,n,2.0NRT,289.15,1.67,N
27.00041,83.01852,302.08,0.48,0.48,2026-04-10,1945,N21,VIIRS,n,2.0NRT,289.76,1.09,N
27.00586,83.00941,298.92,0.48,0.48,2026-04-10,1945,N21,VIIRS,n,2.0NRT,288.91,0.88,N
27.00822,83.02934,299.05,0.48,0.48,2026-04-10,1945,N21,VIIRS,n,2.0NRT,288.18,0.57,N
27.01028,83.00999,301.78,0.48,0.48,2026-04-10,1945,N21,VIIRS,n,2.0NRT,288.73,0.88,N
27.01079,83.00513,305.49,0.48,0.48,2026-04-10,1945,N21,VIIRS,n,2.0NRT,289.64,1.37,N
27.01131,83.00029,309.94,0.48,0.48,2026-04-10,1945,N21,VIIRS,n,2.0NRT,289.55,1.37,N
27.01419,83.01541,313.32,0.48,0.48,2026-04-10,1945,N21,VIIRS,n,2.0NRT,290.68,2.96,N
27.0147,83.01056,327.65,0.48,0.48,2026-04-10,1945,N21,VIIRS,n,2.0NRT,291,2.96,N
27.01625,82.99601,308.19,0.48,0.48,2026-04-10,1945,N21,VIIRS,n,2.0NRT,289.68,1.19,N
27.01677,82.99115,304.56,0.48,0.48,2026-04-10,1945,N21,VIIRS,n,2.0NRT,289.55,1.19,N
27.01941,83.05036,312.63,0.48,0.48,2026-04-10,1945,N21,VIIRS,n,2.0NRT,290.82,1.46,N
27.01993,83.04555,319.24,0.48,0.48,2026-04-10,1945,N21,VIIRS,n,2.0NRT,290.5,2.14,N
27.02044,83.04073,302.64,0.48,0.48,2026-04-10,1945,N21,VIIRS,n,2.0NRT,290.27,2.14,N
27.02068,82.99658,302.04,0.48,0.48,2026-04-10,1945,N21,VIIRS,n,2.0NRT,289.52,1.19,N
27.02096,83.0359,301.52,0.48,0.48,2026-04-10,1945,N21,VIIRS,n,2.0NRT,290.13,1.82,N
27.02148,83.03108,321.75,0.48,0.48,2026-04-10,1945,N21,VIIRS,n,2.0NRT,289.99,1.82,N
27.02164,82.90255,298.82,0.49,0.49,2026-04-10,1945,N21,VIIRS,n,2.0NRT,288.23,0.69,N
27.02382,83.05093,306.93,0.48,0.48,2026-04-10,1945,N21,VIIRS,n,2.0NRT,289.37,1.46,N
27.02609,82.90314,301.18,0.49,0.49,2026-04-10,1945,N21,VIIRS,n,2.0NRT,288.77,1.07,N
27.0399,83.06767,304.56,0.48,0.48,2026-04-10,1945,N21,VIIRS,n,2.0NRT,288,1.34,N
27.04156,82.88511,304.5,0.49,0.49,2026-04-10,1945,N21,VIIRS,n,2.0NRT,289.88,2.96,N
27.04208,82.88017,337.86,0.49,0.49,2026-04-10,1945,N21,VIIRS,n,2.0NRT,291.35,4.31,N
27.04261,82.87522,312.92,0.49,0.49,2026-04-10,1945,N21,VIIRS,n,2.0NRT,290.16,4.31,N
27.04313,82.87028,320.03,0.49,0.49,2026-04-10,1945,N21,VIIRS,n,2.0NRT,290.02,2.81,N
27.0476,82.87085,325.39,0.49,0.49,2026-04-10,1945,N21,VIIRS,n,2.0NRT,290.46,2.96,N
27.04813,82.8659,313.31,0.49,0.49,2026-04-10,1945,N21,VIIRS,n,2.0NRT,290.05,2.96,N
27.05153,82.87637,301.14,0.49,0.49,2026-04-10,1945,N21,VIIRS,n,2.0NRT,290.2,1.15,N
27.05226,83.49343,308.97,0.45,0.47,2026-04-10,1945,N21,VIIRS,n,2.0NRT,288.22,3.96,N
27.05393,83.23099,297.94,0.47,0.48,2026-04-10,1945,N21,VIIRS,n,2.0NRT,287.57,0.41,N
27.05655,83.49401,338.58,0.45,0.47,2026-04-10,1945,N21,VIIRS,n,2.0NRT,289.94,3.96,N
27.06099,82.87257,303.15,0.49,0.49,2026-04-10,1945,N21,VIIRS,n,2.0NRT,290.2,1.57,N
27.06312,82.85276,317.08,0.49,0.49,2026-04-10,1945,N21,VIIRS,n,2.0NRT,290.16,3.01,N
27.06366,82.87503,305.56,0.49,0.49,2026-04-10,1945,N21,VIIRS,n,2.0NRT,290.49,0.79,N
27.06566,82.85517,302.5,0.49,0.49,2026-04-10,1945,N21,VIIRS,n,2.0NRT,290.16,0.99,N
27.06613,82.89539,318.1,0.49,0.49,2026-04-10,1945,N21,VIIRS,n,2.0NRT,290.9,2.06,N
27.06616,82.8502,308.43,0.49,0.49,2026-04-10,1945,N21,VIIRS,n,2.0NRT,289.74,1.63,N
27.06725,82.89841,302.61,0.49,0.49,2026-04-10,1945,N21,VIIRS,n,2.0NRT,290.5,1.13,N
27.06779,82.89347,311.48,0.49,0.49,2026-04-10,1945,N21,VIIRS,n,2.0NRT,290.22,1.56,N
27.06954,82.95067,326.41,0.49,0.48,2026-04-10,1945,N21,VIIRS,n,2.0NRT,291.64,2.92,N
27.07004,82.94577,310.75,0.49,0.48,2026-04-10,1945,N21,VIIRS,n,2.0NRT,290.65,2.92,N
27.07013,82.85575,301.94,0.49,0.49,2026-04-10,1945,N21,VIIRS,n,2.0NRT,289.84,0.99,N
27.07082,82.94868,333.74,0.49,0.48,2026-04-10,1945,N21,VIIRS,n,2.0NRT,291.65,5.31,N
27.07092,83.02493,301.03,0.48,0.48,2026-04-10,1945,N21,VIIRS,n,2.0NRT,289.85,0.58,N
27.07104,82.93594,319.58,0.49,0.48,2026-04-10,1945,N21,VIIRS,n,2.0NRT,291.37,2.49,N
27.07171,82.89898,299.88,0.49,0.49,2026-04-10,1945,N21,VIIRS,n,2.0NRT,289.81,2.11,N
27.07189,82.93888,303.36,0.49,0.48,2026-04-10,1945,N21,VIIRS,n,2.0NRT,290.65,2.02,N
27.07242,82.93398,314.01,0.49,0.48,2026-04-10,1945,N21,VIIRS,n,2.0NRT,290.83,2.57,N
27.07455,82.90147,323.12,0.49,0.49,2026-04-10,1945,N21,VIIRS,n,2.0NRT,290.84,3.19,N
27.07549,82.93652,318.62,0.49,0.48,2026-04-10,1945,N21,VIIRS,n,2.0NRT,290.52,4.89,N
27.07563,82.90446,317.89,0.49,0.49,2026-04-10,1945,N21,VIIRS,n,2.0NRT,290.79,2.11,N
27.07599,82.9316,314.28,0.49,0.48,2026-04-10,1945,N21,VIIRS,n,2.0NRT,289.98,2.53,N
27.07994,82.9371,344.18,0.49,0.48,2026-04-10,1945,N21,VIIRS,n,2.0NRT,292.02,4.89,N
27.08044,82.93217,301.96,0.49,0.48,2026-04-10,1945,N21,VIIRS,n,2.0NRT,290.39,2.53,N
27.08086,82.97198,313.61,0.49,0.48,2026-04-10,1945,N21,VIIRS,n,2.0NRT,290.99,1.71,N
27.0854,82.92785,337.55,0.49,0.49,2026-04-10,1945,N21,VIIRS,n,2.0NRT,292.06,6.22,N
27.0859,82.92292,339.26,0.49,0.49,2026-04-10,1945,N21,VIIRS,n,2.0NRT,291.75,7.17,N
27.0865,82.87296,305.84,0.49,0.49,2026-04-10,1945,N21,VIIRS,n,2.0NRT,290.04,2.26,N
27.08751,82.86304,325.93,0.49,0.49,2026-04-10,1945,N21,VIIRS,n,2.0NRT,290.39,2.01,N
27.08801,82.85806,300.29,0.49,0.49,2026-04-10,1945,N21,VIIRS,n,2.0NRT,289.19,2.01,N
27.09096,82.87354,308.35,0.49,0.49,2026-04-10,1945,N21,VIIRS,n,2.0NRT,289.83,1.16,N
27.09147,82.86858,299.88,0.49,0.49,2026-04-10,1945,N21,VIIRS,n,2.0NRT,289.6,1.16,N
27.09176,82.95355,338.54,0.49,0.48,2026-04-10,1945,N21,VIIRS,n,2.0NRT,292.27,3.09,N
27.09227,82.94865,310.04,0.49,0.48,2026-04-10,1945,N21,VIIRS,n,2.0NRT,290.8,3.09,N
27.09278,82.94374,304.81,0.49,0.48,2026-04-10,1945,N21,VIIRS,n,2.0NRT,290.36,3.58,N
27.09329,82.93884,342.13,0.49,0.48,2026-04-10,1945,N21,VIIRS,n,2.0NRT,291.87,3.58,N
27.09379,82.93392,308.32,0.49,0.48,2026-04-10,1945,N21,VIIRS,n,2.0NRT,290.76,2.22,N
27.09621,82.95412,310.26,0.49,0.48,2026-04-10,1945,N21,VIIRS,n,2.0NRT,290.66,3.09,N
27.09634,82.90929,326.36,0.49,0.49,2026-04-10,1945,N21,VIIRS,n,2.0NRT,290.98,2.79,N
27.09723,82.94431,311.36,0.49,0.48,2026-04-10,1945,N21,VIIRS,n,2.0NRT,290.43,3.58,N
27.09773,82.93941,320.63,0.49,0.48,2026-04-10,1945,N21,VIIRS,n,2.0NRT,290.3,3.58,N
27.10143,82.85979,301.54,0.49,0.49,2026-04-10,1945,N21,VIIRS,n,2.0NRT,289.6,2.44,N
27.10194,82.85482,347.29,0.49,0.49,2026-04-10,1945,N21,VIIRS,n,2.0NRT,292.1,11.88,N
27.10232,82.89506,307.62,0.49,0.49,2026-04-10,1945,N21,VIIRS,n,2.0NRT,290.21,1.5,N
27.10245,82.84983,352.27,0.49,0.49,2026-04-10,1945,N21,VIIRS,n,2.0NRT,293.68,11.88,N
27.10267,82.75855,311.5,0.5,0.49,2026-04-10,1945,N21,VIIRS,n,2.0NRT,289.47,1.64,N
27.10296,82.84485,326.51,0.5,0.49,2026-04-10,1945,N21,VIIRS,n,2.0NRT,290.63,2.9,N
27.10318,82.75351,306.74,0.5,0.49,2026-04-10,1945,N21,VIIRS,n,2.0NRT,288.74,1.55,N
27.10678,82.89563,301.34,0.49,0.49,2026-04-10,1945,N21,VIIRS,n,2.0NRT,289.91,0.96,N
27.10705,82.61279,301.37,0.51,0.49,2026-04-10,1945,N21,VIIRS,n,2.0NRT,290.03,0.73,N
27.10744,82.84542,300.51,0.5,0.49,2026-04-10,1945,N21,VIIRS,n,2.0NRT,288.99,2.9,N
27.10796,82.61482,302.1,0.51,0.49,2026-04-10,1945,N21,VIIRS,n,2.0NRT,289.69,0.71,N
27.11057,82.94604,304.62,0.49,0.48,2026-04-10,1945,N21,VIIRS,n,2.0NRT,290.51,1.99,N
27.11108,82.94113,317.44,0.49,0.48,2026-04-10,1945,N21,VIIRS,n,2.0NRT,290.74,1.99,N
27.11197,83.34772,303.35,0.46,0.47,2026-04-10,1945,N21,VIIRS,n,2.0NRT,289.22,1.39,N
27.11536,82.85654,332.2,0.49,0.49,2026-04-10,1945,N21,VIIRS,n,2.0NRT,291.08,5.35,N
27.11604,82.93679,313.69,0.49,0.48,2026-04-10,1945,N21,VIIRS,n,2.0NRT,290.33,2.46,N
27.11914,82.90723,308.99,0.49,0.49,2026-04-10,1945,N21,VIIRS,n,2.0NRT,289.83,1.44,N
27.11965,82.90229,308.24,0.49,0.49,2026-04-10,1945,N21,VIIRS,n,2.0NRT,289.74,1.44,N
27.12219,83.33493,320.84,0.46,0.47,2026-04-10,1945,N21,VIIRS,n,2.0NRT,290.11,2.28,N
27.12256,82.91766,321.06,0.49,0.49,2026-04-10,1945,N21,VIIRS,n,2.0NRT,289.79,2.98,N
27.12308,82.91273,316.33,0.49,0.49,2026-04-10,1945,N21,VIIRS,n,2.0NRT,289.47,2.98,N
27.12359,82.9078,307.02,0.49,0.49,2026-04-10,1945,N21,VIIRS,n,2.0NRT,288.88,1.27,N
27.12365,83.33749,300.76,0.46,0.47,2026-04-10,1945,N21,VIIRS,n,2.0NRT,289.7,0.85,N
27.12658,83.25507,306.56,0.47,0.48,2026-04-10,1945,N21,VIIRS,n,2.0NRT,292.35,1.59,N
27.12709,83.25037,307.99,0.47,0.48,2026-04-10,1945,N21,VIIRS,n,2.0NRT,292.12,2.76,N
27.12776,82.73617,301.51,0.5,0.49,2026-04-10,1945,N21,VIIRS,n,2.0NRT,289.13,0.75,N
27.12969,83.22674,303.85,0.47,0.48,2026-04-10,1945,N21,VIIRS,n,2.0NRT,290.76,1.78,N
27.13227,82.73674,302.85,0.5,0.49,2026-04-10,1945,N21,VIIRS,n,2.0NRT,289.17,1.16,N
27.13408,82.8941,304.85,0.49,0.49,2026-04-10,1945,N21,VIIRS,n,2.0NRT,288.84,1.14,N
27.1346,82.88915,304.36,0.49,0.49,2026-04-10,1945,N21,VIIRS,n,2.0NRT,288.7,3.28,N
27.13593,82.91939,299.32,0.49,0.49,2026-04-10,1945,N21,VIIRS,n,2.0NRT,288.6,0.73,N
27.13658,82.78329,303.91,0.5,0.49,2026-04-10,1945,N21,VIIRS,n,2.0NRT,289.98,3.03,N
27.13678,82.7373,303.22,0.5,0.49,2026-04-10,1945,N21,VIIRS,n,2.0NRT,289.21,1.16,N
27.1401,82.87983,342.43,0.49,0.49,2026-04-10,1945,N21,VIIRS,n,2.0NRT,290.41,8.22,N
27.14108,82.78385,333.64,0.5,0.49,2026-04-10,1945,N21,VIIRS,n,2.0NRT,290.84,3.03,N
27.1416,82.77883,301.39,0.5,0.49,2026-04-10,1945,N21,VIIRS,n,2.0NRT,289.76,2.16,N
27.14286,82.72268,353.27,0.5,0.49,2026-04-10,1945,N21,VIIRS,n,2.0NRT,292.93,13.14,N
27.14338,82.71761,314.11,0.5,0.49,2026-04-10,1945,N21,VIIRS,n,2.0NRT,289.53,1.9,N
27.14746,82.89581,304.37,0.49,0.49,2026-04-10,1945,N21,VIIRS,n,2.0NRT,288.07,1.15,N
27.1479,82.71819,307.11,0.5,0.49,2026-04-10,1945,N21,VIIRS,n,2.0NRT,289.22,1.9,N
27.14842,82.71312,301.72,0.5,0.49,2026-04-10,1945,N21,VIIRS,n,2.0NRT,289.27,1.9,N
27.15188,82.72384,300.93,0.5,0.49,2026-04-10,1945,N21,VIIRS,n,2.0NRT,289.35,2.43,N
27.15241,82.71877,331.04,0.5,0.49,2026-04-10,1945,N21,VIIRS,n,2.0NRT,290.09,3.49,N
27.15294,82.71369,310.33,0.5,0.49,2026-04-10,1945,N21,VIIRS,n,2.0NRT,288.76,3.49,N
27.15317,82.66728,304.37,0.51,0.49,2026-04-10,1945,N21,VIIRS,n,2.0NRT,287.63,0.72,N
27.15798,82.70918,310.02,0.51,0.49,2026-04-10,1945,N21,VIIRS,n,2.0NRT,289.06,1.94,N
27.15898,82.61082,301.51,0.51,0.5,2026-04-10,1945,N21,VIIRS,n,2.0NRT,290.09,0.8,N
27.15906,82.78614,308.35,0.5,0.49,2026-04-10,1945,N21,VIIRS,n,2.0NRT,290.43,1.43,N
27.16011,82.77607,322.44,0.5,0.49,2026-04-10,1945,N21,VIIRS,n,2.0NRT,290.43,4.05,N
27.16196,82.80175,306.74,0.5,0.49,2026-04-10,1945,N21,VIIRS,n,2.0NRT,290.31,3.78,N
27.16249,82.79674,349.49,0.5,0.49,2026-04-10,1945,N21,VIIRS,n,2.0NRT,292.87,3.78,N
27.16353,82.6114,314.86,0.51,0.5,2026-04-10,1945,N21,VIIRS,n,2.0NRT,289.31,1.63,N
27.16406,82.60625,302.39,0.51,0.5,2026-04-10,1945,N21,VIIRS,n,2.0NRT,289.08,2.03,N
27.16645,82.80231,304.54,0.5,0.49,2026-04-10,1945,N21,VIIRS,n,2.0NRT,290.33,3.78,N
27.16698,82.79729,314.01,0.5,0.49,2026-04-10,1945,N21,VIIRS,n,2.0NRT,290.38,3.78,N
27.16752,82.79228,316.5,0.5,0.49,2026-04-10,1945,N21,VIIRS,n,2.0NRT,290.33,3.02,N
27.16805,82.78725,304.39,0.5,0.49,2026-04-10,1945,N21,VIIRS,n,2.0NRT,290.24,3.02,N
27.17089,83.34851,301.2,0.46,0.47,2026-04-10,1945,N21,VIIRS,n,2.0NRT,289.07,0.61,N
27.17552,82.71655,322.93,0.5,0.49,2026-04-10,1945,N21,VIIRS,n,2.0NRT,290.47,3.56,N
27.17663,82.61826,318.58,0.51,0.49,2026-04-10,1945,N21,VIIRS,n,2.0NRT,290.49,3.95,N
27.17795,82.64966,300.13,0.51,0.49,2026-04-10,1945,N21,VIIRS,n,2.0NRT,290.05,1.47,N
27.17798,82.86452,308.15,0.49,0.49,2026-04-10,1945,N21,VIIRS,n,2.0NRT,289.12,2.8,N
27.17849,82.64454,305.27,0.51,0.49,2026-04-10,1945,N21,VIIRS,n,2.0NRT,289.58,1.47,N
27.17852,82.85955,323.5,0.49,0.49,2026-04-10,1945,N21,VIIRS,n,2.0NRT,290.33,2.8,N
27.18003,82.71713,301.72,0.5,0.49,2026-04-10,1945,N21,VIIRS,n,2.0NRT,289.49,1.87,N
27.18056,82.71204,309.46,0.51,0.49,2026-04-10,1945,N21,VIIRS,n,2.0NRT,289.71,1.57,N
27.1812,82.83463,308.88,0.5,0.49,2026-04-10,1945,N21,VIIRS,n,2.0NRT,288.94,1.96,N
27.1812,82.86192,343.85,0.5,0.49,2026-04-10,1945,N21,VIIRS,n,2.0NRT,290.92,7.64,N
27.18208,83.32636,308.64,0.46,0.47,2026-04-10,1945,N21,VIIRS,n,2.0NRT,289.34,1.36,N
27.18246,82.86509,315.46,0.49,0.49,2026-04-10,1945,N21,VIIRS,n,2.0NRT,288.78,1.77,N
27.18258,83.32169,306.96,0.46,0.47,2026-04-10,1945,N21,VIIRS,n,2.0NRT,289.48,1.72,N
27.18299,82.86011,303.05,0.49,0.49,2026-04-10,1945,N21,VIIRS,n,2.0NRT,289.06,1.77,N
27.18356,82.63997,305.78,0.51,0.49,2026-04-10,1945,N21,VIIRS,n,2.0NRT,289.48,1.24,N
27.18422,82.83195,312.81,0.5,0.49,2026-04-10,1945,N21,VIIRS,n,2.0NRT,289.31,2.95,N
27.18455,82.7177,314.26,0.5,0.49,2026-04-10,1945,N21,VIIRS,n,2.0NRT,289.73,1.87,N
27.18476,82.75874,316.79,0.5,0.49,2026-04-10,1945,N21,VIIRS,n,2.0NRT,290.65,6.11,N
27.18509,82.7126,305.45,0.51,0.49,2026-04-10,1945,N21,VIIRS,n,2.0NRT,289.5,1.57,N
27.18529,82.7537,318.65,0.5,0.49,2026-04-10,1945,N21,VIIRS,n,2.0NRT,290.83,2.44,N
27.18622,82.83019,303.8,0.5,0.49,2026-04-10,1945,N21,VIIRS,n,2.0NRT,288.55,1.77,N
27.18642,83.32693,301.09,0.46,0.47,2026-04-10,1945,N21,VIIRS,n,2.0NRT,288.63,0.66,N
27.18677,82.76096,355.56,0.5,0.49,2026-04-10,1945,N21,VIIRS,n,2.0NRT,293.88,9.93,N
27.18679,82.71473,320.64,0.51,0.49,2026-04-10,1945,N21,VIIRS,n,2.0NRT,289.64,2.43,N
27.18727,82.75591,336.32,0.5,0.49,2026-04-10,1945,N21,VIIRS,n,2.0NRT,291.87,9.93,N
27.18777,82.75085,305.47,0.5,0.49,2026-04-10,1945,N21,VIIRS,n,2.0NRT,290.05,1.43,N
27.18798,82.72841,301.97,0.5,0.49,2026-04-10,1945,N21,VIIRS,n,2.0NRT,290.23,2.13,N
27.18872,82.76435,327.98,0.5,0.49,2026-04-10,1945,N21,VIIRS,n,2.0NRT,290.97,6.11,N
27.18926,82.75931,347.72,0.5,0.49,2026-04-10,1945,N21,VIIRS,n,2.0NRT,292.11,6.11,N
27.18979,82.73058,315.44,0.5,0.49,2026-04-10,1945,N21,VIIRS,n,2.0NRT,290.37,2.54,N
27.1898,82.75427,301.89,0.5,0.49,2026-04-10,1945,N21,VIIRS,n,2.0NRT,289.92,2.44,N
27.19016,82.83576,309.3,0.5,0.49,2026-04-10,1945,N21,VIIRS,n,2.0NRT,290.21,1.77,N
27.19034,82.74921,316.04,0.5,0.49,2026-04-10,1945,N21,VIIRS,n,2.0NRT,290.42,2.44,N
27.1907,82.83076,318.9,0.5,0.49,2026-04-10,1945,N21,VIIRS,n,2.0NRT,290.3,1.77,N
27.19072,82.81248,302.45,0.5,0.49,2026-04-10,1945,N21,VIIRS,n,2.0NRT,290.04,1.3,N
27.1908,82.72041,305.24,0.51,0.49,2026-04-10,1945,N21,VIIRS,n,2.0NRT,290.1,2.43,N
27.19124,82.82576,313.46,0.5,0.49,2026-04-10,1945,N21,VIIRS,n,2.0NRT,289.98,1.87,N
27.19178,82.82078,306.75,0.5,0.49,2026-04-10,1945,N21,VIIRS,n,2.0NRT,289.79,1.87,N
27.19196,82.73405,314.98,0.5,0.49,2026-04-10,1945,N21,VIIRS,n,2.0NRT,290.7,2.13,N
27.19228,82.75143,318.11,0.5,0.49,2026-04-10,1945,N21,VIIRS,n,2.0NRT,290.61,2.47,N
27.19268,82.8381,300.65,0.5,0.49,2026-04-10,1945,N21,VIIRS,n,2.0NRT,289.93,0.88,N
27.19286,82.81076,305.86,0.5,0.49,2026-04-10,1945,N21,VIIRS,n,2.0NRT,289.52,1.6,N
27.19319,82.8331,313.58,0.5,0.49,2026-04-10,1945,N21,VIIRS,n,2.0NRT,290.2,6.05,N
27.19358,82.71882,303.48,0.5,0.49,2026-04-10,1945,N21,VIIRS,n,2.0NRT,289.08,1.75,N
27.19369,82.82809,353.12,0.5,0.49,2026-04-10,1945,N21,VIIRS,n,2.0NRT,293.9,6.05,N
27.1942,82.82309,354.04,0.5,0.49,2026-04-10,1945,N21,VIIRS,n,2.0NRT,293.9,9.15,N
27.1943,82.73114,307.62,0.5,0.49,2026-04-10,1945,N21,VIIRS,n,2.0NRT,289.78,0.96,N
27.1947,82.81808,300.56,0.5,0.49,2026-04-10,1945,N21,VIIRS,n,2.0NRT,289.84,9.15,N
27.19491,82.53129,303.81,0.52,0.5,2026-04-10,1945,N21,VIIRS,n,2.0NRT,289.44,2.15,N
27.19571,82.80804,301.63,0.5,0.49,2026-04-10,1945,N21,VIIRS,n,2.0NRT,289.98,1.57,N
27.19818,82.82867,305.2,0.5,0.49,2026-04-10,1945,N21,VIIRS,n,2.0NRT,288.9,6.05,N
27.19831,83.53855,301.06,0.45,0.47,2026-04-10,1945,N21,VIIRS,n,2.0NRT,287.47,0.68,N
27.19839,82.54227,311.54,0.52,0.5,2026-04-10,1945,N21,VIIRS,n,2.0NRT,290.04,2.34,N
27.19893,82.53706,337.6,0.52,0.5,2026-04-10,1945,N21,VIIRS,n,2.0NRT,290.81,3.56,N
27.19919,82.81865,305.2,0.5,0.49,2026-04-10,1945,N21,VIIRS,n,2.0NRT,288.94,9.15,N
27.19946,83.32865,305.8,0.46,0.47,2026-04-10,1945,N21,VIIRS,n,2.0NRT,289.97,1.18,N
27.19948,82.53185,304.48,0.52,0.5,2026-04-10,1945,N21,VIIRS,n,2.0NRT,289.45,3.56,N
27.2035,82.53763,308.06,0.52,0.5,2026-04-10,1945,N21,VIIRS,n,2.0NRT,289.41,3.56,N
27.20381,83.32922,309.58,0.46,0.47,2026-04-10,1945,N21,VIIRS,n,2.0NRT,290.02,1.23,N
27.20453,82.53425,301.33,0.52,0.5,2026-04-10,1945,N21,VIIRS,n,2.0NRT,288.75,1.33,N
27.20919,82.80978,306.56,0.5,0.49,2026-04-10,1945,N21,VIIRS,n,2.0NRT,289.85,1.58,N
27.21408,82.61247,325.73,0.51,0.5,2026-04-10,1945,N21,VIIRS,n,2.0NRT,289.3,3.99,N
27.21463,82.60733,317.03,0.51,0.5,2026-04-10,1945,N21,VIIRS,n,2.0NRT,289.39,3.99,N
27.21561,82.60931,338.34,0.51,0.5,2026-04-10,1945,N21,VIIRS,n,2.0NRT,289.81,5.83,N
27.2183,82.76499,303.13,0.5,0.49,2026-04-10,1945,N21,VIIRS,n,2.0NRT,289.21,0.91,N
27.21984,82.7498,307.76,0.5,0.49,2026-04-10,1945,N21,VIIRS,n,2.0NRT,289.21,1.18,N
27.22036,82.74474,299.66,0.5,0.49,2026-04-10,1945,N21,VIIRS,n,2.0NRT,289.16,1,N
27.22112,82.82655,310.07,0.5,0.49,2026-04-10,1945,N21,VIIRS,n,2.0NRT,289.11,2,N
27.22642,82.73009,310.23,0.5,0.49,2026-04-10,1945,N21,VIIRS,n,2.0NRT,289.65,1.53,N
27.24117,83.31043,312.76,0.47,0.47,2026-04-10,1945,N21,VIIRS,n,2.0NRT,287.78,1.46,N
27.24194,83.31407,311.27,0.47,0.47,2026-04-10,1945,N21,VIIRS,n,2.0NRT,288.47,1.42,N
27.24343,82.74253,304.77,0.5,0.49,2026-04-10,1945,N21,VIIRS,n,2.0NRT,288.69,0.72,N
27.24362,82.69612,308.98,0.51,0.49,2026-04-10,1945,N21,VIIRS,n,2.0NRT,288.67,1.61,N
27.24762,82.7018,306.12,0.51,0.49,2026-04-10,1945,N21,VIIRS,n,2.0NRT,288.6,1.06,N
27.25004,82.72276,317.33,0.51,0.49,2026-04-10,1945,N21,VIIRS,n,2.0NRT,289.89,1.76,N
27.25456,82.72333,303.02,0.51,0.49,2026-04-10,1945,N21,VIIRS,n,2.0NRT,289.45,1.76,N
27.25509,82.71824,300.54,0.51,0.49,2026-04-10,1945,N21,VIIRS,n,2.0NRT,288.86,1.71,N
27.25562,82.71314,312.39,0.51,0.49,2026-04-10,1945,N21,VIIRS,n,2.0NRT,288.9,1.71,N
27.25961,82.71881,310.56,0.51,0.49,2026-04-10,1945,N21,VIIRS,n,2.0NRT,288.99,2.14,N
27.26282,82.77577,319.27,0.5,0.49,2026-04-10,1945,N21,VIIRS,n,2.0NRT,289.5,1.95,N
27.26335,82.77072,319.57,0.5,0.49,2026-04-10,1945,N21,VIIRS,n,2.0NRT,289.03,4.01,N
27.26731,82.68876,299.1,0.51,0.49,2026-04-10,1945,N21,VIIRS,n,2.0NRT,288.23,0.45,N
27.26732,82.77635,303.72,0.5,0.49,2026-04-10,1945,N21,VIIRS,n,2.0NRT,289.55,1.95,N
27.27589,83.28522,309.35,0.47,0.48,2026-04-10,1945,N21,VIIRS,n,2.0NRT,289.33,2.32,N
27.27639,83.2805,322.72,0.47,0.48,2026-04-10,1945,N21,VIIRS,n,2.0NRT,289.83,2.32,N
27.27689,83.27579,311.94,0.47,0.48,2026-04-10,1945,N21,VIIRS,n,2.0NRT,287.82,2.06,N
27.279,82.75219,301.47,0.5,0.49,2026-04-10,1945,N21,VIIRS,n,2.0NRT,288.34,1.31,N
27.28075,83.28107,331.36,0.47,0.48,2026-04-10,1945,N21,VIIRS,n,2.0NRT,288.97,2.05,N
27.28183,83.3951,302.94,0.46,0.47,2026-04-10,1945,N21,VIIRS,n,2.0NRT,289.26,0.95,N
27.28225,83.26693,313.42,0.47,0.48,2026-04-10,1945,N21,VIIRS,n,2.0NRT,289.52,1.34,N
27.28274,82.71658,299.58,0.51,0.49,2026-04-10,1945,N21,VIIRS,n,2.0NRT,288.85,0.83,N
27.28462,83.28636,300.76,0.47,0.48,2026-04-10,1945,N21,VIIRS,n,2.0NRT,288.64,2.05,N
27.28512,83.28165,301.32,0.47,0.48,2026-04-10,1945,N21,VIIRS,n,2.0NRT,288.82,2.05,N
27.28537,83.19508,311.85,0.47,0.48,2026-04-10,1945,N21,VIIRS,n,2.0NRT,288.92,1.33,N
27.28662,83.26749,311.95,0.47,0.48,2026-04-10,1945,N21,VIIRS,n,2.0NRT,288.05,1.34,N
27.28712,83.26276,298.23,0.47,0.48,2026-04-10,1945,N21,VIIRS,n,2.0NRT,286.96,1.34,N
27.28963,82.73811,301.77,0.5,0.49,2026-04-10,1945,N21,VIIRS,n,2.0NRT,287.9,1.15,N
27.28998,83.2775,350.43,0.47,0.48,2026-04-10,1945,N21,VIIRS,n,2.0NRT,292.23,9.72,N
27.29049,83.27279,341.38,0.47,0.48,2026-04-10,1945,N21,VIIRS,n,2.0NRT,289.86,9.72,N
27.29149,83.26334,299.99,0.47,0.48,2026-04-10,1945,N21,VIIRS,n,2.0NRT,286.94,1.05,N
27.29451,82.70572,309.57,0.51,0.49,2026-04-10,1945,N21,VIIRS,n,2.0NRT,288.48,1.89,N
27.29535,83.26864,300.4,0.47,0.48,2026-04-10,1945,N21,VIIRS,n,2.0NRT,287.12,1.05,N
27.29569,83.30692,302.82,0.47,0.47,2026-04-10,1945,N21,VIIRS,n,2.0NRT,287.78,0.68,N
27.29739,82.70809,304.3,0.51,0.49,2026-04-10,1945,N21,VIIRS,n,2.0NRT,288.08,1.16,N
27.29818,83.15794,299.79,0.48,0.48,2026-04-10,1945,N21,VIIRS,n,2.0NRT,288.24,0.98,N
27.30055,83.30279,303.13,0.47,0.48,2026-04-10,1945,N21,VIIRS,n,2.0NRT,288.58,0.68,N
27.30135,83.08494,303.46,0.48,0.48,2026-04-10,1945,N21,VIIRS,n,2.0NRT,288.71,0.69,N
27.30898,82.78998,299.39,0.5,0.49,2026-04-10,1945,N21,VIIRS,n,2.0NRT,288.52,1.92,N
27.31093,82.81579,305.84,0.5,0.49,2026-04-10,1945,N21,VIIRS,n,2.0NRT,287.55,1.28,N
27.31314,82.68933,309.19,0.51,0.49,2026-04-10,1945,N21,VIIRS,n,2.0NRT,288.07,1.26,N
27.31424,82.67908,297.72,0.51,0.49,2026-04-10,1945,N21,VIIRS,n,2.0NRT,287.23,0.81,N
27.31466,82.68753,311.57,0.51,0.49,2026-04-10,1945,N21,VIIRS,n,2.0NRT,288.33,2.2,N
27.31646,83.31921,303.74,0.47,0.47,2026-04-10,1945,N21,VIIRS,n,2.0NRT,288.95,1.16,N
27.31992,82.81695,299.57,0.5,0.49,2026-04-10,1945,N21,VIIRS,n,2.0NRT,287.37,0.72,N
27.32021,82.67783,301.83,0.51,0.49,2026-04-10,1945,N21,VIIRS,n,2.0NRT,289.07,2.1,N
27.32218,82.70406,304.54,0.51,0.49,2026-04-10,1945,N21,VIIRS,n,2.0NRT,289.38,1.18,N
27.32388,83.29156,300.78,0.47,0.48,2026-04-10,1945,N21,VIIRS,n,2.0NRT,288.78,1.22,N
27.32614,83.47129,311.95,0.46,0.47,2026-04-10,1945,N21,VIIRS,n,2.0NRT,289.12,1.97,N
27.32629,82.66299,320.7,0.51,0.49,2026-04-10,1945,N21,VIIRS,n,2.0NRT,289.7,1.68,N
27.3268,82.65784,305.69,0.51,0.49,2026-04-10,1945,N21,VIIRS,n,2.0NRT,287.92,1.68,N
27.32849,84.39105,303.74,0.4,0.44,2026-04-10,1945,N21,VIIRS,n,2.0NRT,289.41,0.9,N
27.32864,83.46939,307.61,0.46,0.47,2026-04-10,1945,N21,VIIRS,n,2.0NRT,288.85,1.55,N
27.32895,84.38708,300.82,0.4,0.44,2026-04-10,1945,N21,VIIRS,n,2.0NRT,290.06,0.9,N
27.33058,83.40867,299.36,0.46,0.47,2026-04-10,1945,N21,VIIRS,n,2.0NRT,288.15,0.67,N
27.33083,82.66357,301.62,0.51,0.49,2026-04-10,1945,N21,VIIRS,n,2.0NRT,288.52,1.68,N
27.33134,82.65841,300.29,0.51,0.49,2026-04-10,1945,N21,VIIRS,n,2.0NRT,288.43,1.68,N
27.33241,84.39076,320.23,0.4,0.45,2026-04-10,1945,N21,VIIRS,n,2.0NRT,291.26,1.82,N
27.3325,83.04464,345.17,0.48,0.48,2026-04-10,1945,N21,VIIRS,n,2.0NRT,290.7,11.68,N
27.33255,84.39172,313.8,0.4,0.44,2026-04-10,1945,N21,VIIRS,n,2.0NRT,290.78,2,N
27.33337,83.16253,301.6,0.48,0.48,2026-04-10,1945,N21,VIIRS,n,2.0NRT,288.07,0.8,N
27.33537,82.66412,304.16,0.51,0.49,2026-04-10,1945,N21,VIIRS,n,2.0NRT,288.25,1.4,N
27.33589,82.65898,312.76,0.51,0.49,2026-04-10,1945,N21,VIIRS,n,2.0NRT,288.53,1.4,N
27.33873,83.45672,318.43,0.46,0.47,2026-04-10,1945,N21,VIIRS,n,2.0NRT,289.68,1.88,N
27.33921,83.4521,301.31,0.46,0.47,2026-04-10,1945,N21,VIIRS,n,2.0NRT,289.59,1.78,N
27.34029,82.70637,302.54,0.51,0.49,2026-04-10,1945,N21,VIIRS,n,2.0NRT,288.46,1.36,N
27.34761,83.15466,311.31,0.48,0.48,2026-04-10,1945,N21,VIIRS,n,2.0NRT,287.59,2.28,N
27.35736,82.71885,298.18,0.51,0.49,2026-04-10,1945,N21,VIIRS,n,2.0NRT,287.67,0.69,N
27.35798,83.14137,313.36,0.48,0.48,2026-04-10,1945,N21,VIIRS,n,2.0NRT,289.17,2.35,N
27.35828,83.13873,319.36,0.48,0.48,2026-04-10,1945,N21,VIIRS,n,2.0NRT,289.06,2.26,N
27.3585,83.13654,315.27,0.48,0.48,2026-04-10,1945,N21,VIIRS,n,2.0NRT,288.51,2.35,N
27.35877,83.1339,306.27,0.48,0.48,2026-04-10,1945,N21,VIIRS,n,2.0NRT,287.74,2.26,N
27.37294,83.16994,307.71,0.48,0.48,2026-04-10,1945,N21,VIIRS,n,2.0NRT,287.61,2.19,N
27.37823,95.33471,298.81,0.55,0.43,2026-04-10,1945,N21,VIIRS,n,2.0NRT,287.32,0.91,N
27.39984,83.1686,301.07,0.48,0.48,2026-04-10,1945,N21,VIIRS,n,2.0NRT,287.9,0.77,N
27.39996,83.12461,305.09,0.48,0.48,2026-04-10,1945,N21,VIIRS,n,2.0NRT,287.89,1.75,N
27.40047,83.11977,312.71,0.48,0.48,2026-04-10,1945,N21,VIIRS,n,2.0NRT,288.3,1.75,N
27.40424,83.16918,298.82,0.48,0.48,2026-04-10,1945,N21,VIIRS,n,2.0NRT,288.47,0.77,N
27.40488,83.12035,301.58,0.48,0.48,2026-04-10,1945,N21,VIIRS,n,2.0NRT,287.63,2.34,N
27.40828,83.1306,311.25,0.48,0.48,2026-04-10,1945,N21,VIIRS,n,2.0NRT,288.92,2.35,N
27.53914,83.87241,303.39,0.44,0.46,2026-04-10,1945,N21,VIIRS,n,2.0NRT,289.84,1.23,N
27.62854,84.65397,300.41,0.39,0.44,2026-04-10,1945,N21,VIIRS,n,2.0NRT,289.64,0.87,N
27.68059,82.5134,302.63,0.53,0.5,2026-04-10,1945,N21,VIIRS,n,2.0NRT,290.22,0.85,N
27.68111,82.50809,301.39,0.53,0.5,2026-04-10,1945,N21,VIIRS,n,2.0NRT,290.45,0.76,N
27.72787,82.59751,304.09,0.52,0.5,2026-04-10,1945,N21,VIIRS,n,2.0NRT,291.02,1.13,N
27.73083,82.70264,303.59,0.51,0.5,2026-04-10,1945,N21,VIIRS,n,2.0NRT,292.44,1.2,N
27.73133,82.6979,312.74,0.51,0.5,2026-04-10,1945,N21,VIIRS,n,2.0NRT,292.08,2.44,N
27.73244,82.69516,309.19,0.51,0.5,2026-04-10,1945,N21,VIIRS,n,2.0NRT,292.19,1.82,N
27.73548,82.4317,303.86,0.53,0.5,2026-04-10,1945,N21,VIIRS,n,2.0NRT,290.74,1.12,N
27.74065,82.42691,302.9,0.53,0.5,2026-04-10,1945,N21,VIIRS,n,2.0NRT,290.64,1.12,N
27.74154,83.27233,303.76,0.47,0.48,2026-04-10,1945,N21,VIIRS,n,2.0NRT,290.5,0.78,N
27.76341,82.84494,304.86,0.5,0.49,2026-04-10,1945,N21,VIIRS,n,2.0NRT,290.71,1.27,N
27.79774,82.45557,300.3,0.53,0.5,2026-04-10,1945,N21,VIIRS,n,2.0NRT,290.15,2.29,N
27.80072,82.99639,297.69,0.5,0.49,2026-04-10,1945,N21,VIIRS,n,2.0NRT,287.08,0.56,N
27.81166,84.61317,306.86,0.4,0.44,2026-04-10,1945,N21,VIIRS,n,2.0NRT,284.84,1.85,N
27.8601,84.9478,299.35,0.57,0.43,2026-04-10,1945,N21,VIIRS,n,2.0NRT,285.51,0.63,N
27.93499,82.29044,303.98,0.55,0.51,2026-04-10,1945,N21,VIIRS,n,2.0NRT,289.99,1.74,N
27.95076,83.75531,301.54,0.45,0.47,2026-04-10,1945,N21,VIIRS,n,2.0NRT,286.53,0.9,N
27.9794,83.85126,297.99,0.44,0.46,2026-04-10,1945,N21,VIIRS,n,2.0NRT,286.4,0.9,N
27.97982,83.84737,301.78,0.44,0.46,2026-04-10,1945,N21,VIIRS,n,2.0NRT,285.79,0.9,N
28.02971,84.76577,307.02,0.39,0.44,2026-04-10,1945,N21,VIIRS,n,2.0NRT,287.2,1.02,N
28.03244,83.17974,299.38,0.49,0.48,2026-04-10,1945,N21,VIIRS,n,2.0NRT,285.82,1.34,N
28.11483,82.0807,306.2,0.57,0.52,2026-04-10,1945,N21,VIIRS,n,2.0NRT,288.42,2.29,N
28.1158,82.08187,303.66,0.57,0.52,2026-04-10,1945,N21,VIIRS,n,2.0NRT,288.42,1.93,N
28.56381,81.95196,306.97,0.59,0.53,2026-04-10,1945,N21,VIIRS,n,2.0NRT,285.32,1.69,N
28.5643,81.95132,305.41,0.59,0.53,2026-04-10,1945,N21,VIIRS,n,2.0NRT,285.36,2.8,N
29.22491,88.35252,295.91,0.42,0.38,2026-04-10,1945,N21,VIIRS,n,2.0NRT,276.02,1.07,N
29.26431,91.92449,299.58,0.39,0.36,2026-04-10,1945,N21,VIIRS,n,2.0NRT,278.29,0.78,N
29.37668,91.15144,305.36,0.38,0.36,2026-04-10,1945,N21,VIIRS,n,2.0NRT,275.28,1.66,N
29.65875,90.89822,303.36,0.38,0.36,2026-04-10,1945,N21,VIIRS,n,2.0NRT,275.52,1.25,N
31.36459,76.35191,297.41,0.69,0.74,2026-04-10,1945,N21,VIIRS,n,2.0NRT,286.23,1.56,N
31.37018,76.35291,300.65,0.68,0.74,2026-04-10,1945,N21,VIIRS,n,2.0NRT,286.23,1.42,N
10.92757,77.06366,307,0.37,0.58,2026-04-10,1947,N21,VIIRS,n,2.0NRT,291.35,1.55,N
11.26616,80.00418,323.25,0.47,0.48,2026-04-10,1947,N21,VIIRS,n,2.0NRT,296.65,2.18,N
11.48396,76.54711,301.39,0.41,0.6,2026-04-10,1947,N21,VIIRS,n,2.0NRT,283.67,1.66,N
11.55461,77.3046,305.4,0.36,0.57,2026-04-10,1947,N21,VIIRS,n,2.0NRT,286.42,1.22,N
13.15997,80.28494,310.98,0.48,0.48,2026-04-10,1947,N21,VIIRS,n,2.0NRT,296.22,3.61,N
13.9598,78.5556,313.17,0.32,0.55,2026-04-10,1947,N21,VIIRS,n,2.0NRT,294.16,1.25,N
13.96044,78.55514,315.84,0.32,0.55,2026-04-10,1947,N21,VIIRS,n,2.0NRT,294.14,1.57,N
14.06365,79.38305,309.77,0.56,0.52,2026-04-10,1947,N21,VIIRS,n,2.0NRT,294.92,3.09,N
14.06506,79.38515,307.68,0.56,0.52,2026-04-10,1947,N21,VIIRS,n,2.0NRT,294.96,3.39,N
14.16602,77.54047,308.53,0.38,0.59,2026-04-10,1947,N21,VIIRS,n,2.0NRT,292.48,3.48,N
14.17097,77.54455,337.9,0.38,0.59,2026-04-10,1947,N21,VIIRS,n,2.0NRT,293.87,3.48,N
14.1714,77.54102,330.74,0.38,0.59,2026-04-10,1947,N21,VIIRS,n,2.0NRT,293.26,3.48,N
14.17415,77.54507,329.57,0.38,0.59,2026-04-10,1947,N21,VIIRS,n,2.0NRT,293.48,5.3,N
14.17455,77.5415,334.87,0.38,0.59,2026-04-10,1947,N21,VIIRS,n,2.0NRT,294.08,5.3,N
14.17495,77.53797,312,0.38,0.59,2026-04-10,1947,N21,VIIRS,n,2.0NRT,292.75,7.6,N
14.17634,77.54512,322.82,0.38,0.59,2026-04-10,1947,N21,VIIRS,n,2.0NRT,292.85,4.33,N
14.17678,77.54156,344.64,0.38,0.59,2026-04-10,1947,N21,VIIRS,n,2.0NRT,294.37,4.33,N
14.17721,77.53802,307.52,0.38,0.59,2026-04-10,1947,N21,VIIRS,n,2.0NRT,292.48,5.71,N
14.17993,77.54207,342.15,0.38,0.59,2026-04-10,1947,N21,VIIRS,n,2.0NRT,294.07,5.3,N
14.18216,77.54211,327.15,0.38,0.59,2026-04-10,1947,N21,VIIRS,n,2.0NRT,293.16,4.33,N
16.31311,97.7676,308.55,0.42,0.61,2026-04-10,1947,N21,VIIRS,n,2.0NRT,293.46,2.66,N
17.07894,78.09048,317.78,0.38,0.59,2026-04-10,1947,N21,VIIRS,n,2.0NRT,293.11,1.56,N
17.20239,78.931,306.02,0.33,0.55,2026-04-10,1947,N21,VIIRS,n,2.0NRT,295.32,0.94,N
17.33655,97.94444,304,0.41,0.61,2026-04-10,1947,N21,VIIRS,n,2.0NRT,291.66,1.07,N
17.41676,94.6741,314.17,0.5,0.49,2026-04-10,1947,N21,VIIRS,n,2.0NRT,293.56,2.3,N
17.46258,80.65521,309.41,0.51,0.5,2026-04-10,1947,N21,VIIRS,n,2.0NRT,294.99,2.98,N
17.46387,80.65317,310.08,0.51,0.5,2026-04-10,1947,N21,VIIRS,n,2.0NRT,294.77,2.33,N
17.56837,97.76573,308.06,0.4,0.6,2026-04-10,1947,N21,VIIRS,n,2.0NRT,290.83,2.51,N
17.57042,97.76483,316.22,0.4,0.6,2026-04-10,1947,N21,VIIRS,n,2.0NRT,290.48,2.57,N
17.57379,97.7668,301.13,0.4,0.6,2026-04-10,1947,N21,VIIRS,n,2.0NRT,289.19,0.75,N
17.59988,81.52922,304,0.45,0.47,2026-04-10,1947,N21,VIIRS,n,2.0NRT,292.85,2.19,N
17.63181,97.84934,305.51,0.4,0.6,2026-04-10,1947,N21,VIIRS,n,2.0NRT,292.42,2.48,N
17.63249,97.84612,317.64,0.4,0.6,2026-04-10,1947,N21,VIIRS,n,2.0NRT,292.53,2.11,N
17.63875,97.84327,303.29,0.4,0.6,2026-04-10,1947,N21,VIIRS,n,2.0NRT,292.63,2.11,N
17.63943,97.84004,303.78,0.4,0.6,2026-04-10,1947,N21,VIIRS,n,2.0NRT,292.37,1.65,N
17.66512,97.74355,303.94,0.39,0.6,2026-04-10,1947,N21,VIIRS,n,2.0NRT,291.5,1.92,N
17.76328,97.79523,302.93,0.4,0.6,2026-04-10,1947,N21,VIIRS,n,2.0NRT,292.22,0.63,N
17.78212,94.59371,314.24,0.49,0.48,2026-04-10,1947,N21,VIIRS,n,2.0NRT,294.07,1.75,N
17.78269,94.59143,316.41,0.49,0.48,2026-04-10,1947,N21,VIIRS,n,2.0NRT,294.34,1.96,N
17.87412,97.89563,302.93,0.4,0.6,2026-04-10,1947,N21,VIIRS,n,2.0NRT,292.19,1.22,N
17.87536,97.89615,303.28,0.4,0.6,2026-04-10,1947,N21,VIIRS,n,2.0NRT,291.97,1.7,N
17.89446,74.49853,305.13,0.67,0.74,2026-04-10,1947,N21,VIIRS,n,2.0NRT,292.38,2.46,N
17.8969,74.49911,302.51,0.67,0.74,2026-04-10,1947,N21,VIIRS,n,2.0NRT,291.92,3.17,N
17.94589,97.72348,303.8,0.39,0.59,2026-04-10,1947,N21,VIIRS,n,2.0NRT,291.37,1.4,N
17.95659,80.78014,308.91,0.51,0.5,2026-04-10,1947,N21,VIIRS,n,2.0NRT,296.36,2.51,N
17.96839,97.80309,306.72,0.39,0.6,2026-04-10,1947,N21,VIIRS,n,2.0NRT,291.52,1.85,N
17.97048,97.79314,301.93,0.39,0.59,2026-04-10,1947,N21,VIIRS,n,2.0NRT,290.17,1,N
17.98147,97.76737,304.36,0.39,0.59,2026-04-10,1947,N21,VIIRS,n,2.0NRT,291.73,1.24,N
17.98211,97.76427,304.38,0.39,0.59,2026-04-10,1947,N21,VIIRS,n,2.0NRT,291.74,1.44,N
17.98551,97.77486,304.65,0.39,0.59,2026-04-10,1947,N21,VIIRS,n,2.0NRT,291.81,2.66,N
18.03073,97.74564,301.01,0.39,0.59,2026-04-10,1947,N21,VIIRS,n,2.0NRT,289.14,1.33,N
18.03405,97.74409,307.86,0.39,0.59,2026-04-10,1947,N21,VIIRS,n,2.0NRT,291.1,1.21,N
18.04906,95.84635,314.57,0.58,0.52,2026-04-10,1947,N21,VIIRS,n,2.0NRT,292.63,1.37,N
18.04963,95.42783,309.08,0.55,0.51,2026-04-10,1947,N21,VIIRS,n,2.0NRT,294.46,1.72,N
18.08854,97.88553,308,0.4,0.6,2026-04-10,1947,N21,VIIRS,n,2.0NRT,292.27,1.16,N
18.08864,97.72356,304.7,0.39,0.59,2026-04-10,1947,N21,VIIRS,n,2.0NRT,292.22,4.09,N
18.08929,97.72049,316.43,0.39,0.59,2026-04-10,1947,N21,VIIRS,n,2.0NRT,292.3,3.99,N
18.08996,97.71727,320.03,0.39,0.59,2026-04-10,1947,N21,VIIRS,n,2.0NRT,292.78,3.99,N
18.09066,97.71391,313.54,0.39,0.59,2026-04-10,1947,N21,VIIRS,n,2.0NRT,291.82,4.63,N
18.09068,97.88445,305.73,0.4,0.6,2026-04-10,1947,N21,VIIRS,n,2.0NRT,292.5,1.77,N
18.09455,97.72197,306.86,0.39,0.59,2026-04-10,1947,N21,VIIRS,n,2.0NRT,292.37,2.92,N
18.09622,97.74067,306.44,0.39,0.59,2026-04-10,1947,N21,VIIRS,n,2.0NRT,292.06,2.35,N
18.09743,97.73489,325.84,0.39,0.59,2026-04-10,1947,N21,VIIRS,n,2.0NRT,293.14,2.94,N
18.09781,97.87749,311.61,0.39,0.6,2026-04-10,1947,N21,VIIRS,n,2.0NRT,292.87,1.61,N
18.098,97.73214,314.53,0.39,0.59,2026-04-10,1947,N21,VIIRS,n,2.0NRT,292.58,2.94,N
18.0986,97.72929,305.21,0.39,0.59,2026-04-10,1947,N21,VIIRS,n,2.0NRT,292.54,4.41,N
18.10103,97.87956,308.37,0.4,0.6,2026-04-10,1947,N21,VIIRS,n,2.0NRT,292.94,2.29,N
18.10137,97.74273,307.99,0.39,0.59,2026-04-10,1947,N21,VIIRS,n,2.0NRT,292.26,1.28,N
18.10199,97.73976,313.35,0.39,0.59,2026-04-10,1947,N21,VIIRS,n,2.0NRT,292.16,1.28,N
18.10712,97.84996,304.3,0.39,0.6,2026-04-10,1947,N21,VIIRS,n,2.0NRT,291.44,0.9,N
18.10847,97.73545,306.47,0.39,0.59,2026-04-10,1947,N21,VIIRS,n,2.0NRT,292.2,2.35,N
18.10974,97.70254,307.99,0.38,0.59,2026-04-10,1947,N21,VIIRS,n,2.0NRT,291.81,1.34,N
18.11578,97.70025,305.72,0.38,0.59,2026-04-10,1947,N21,VIIRS,n,2.0NRT,291.49,1.34,N
18.12373,97.71558,306.41,0.39,0.59,2026-04-10,1947,N21,VIIRS,n,2.0NRT,292.17,2.97,N
18.12437,97.71249,326.87,0.38,0.59,2026-04-10,1947,N21,VIIRS,n,2.0NRT,292.06,4.04,N
18.12691,97.71556,305.63,0.38,0.59,2026-04-10,1947,N21,VIIRS,n,2.0NRT,292.23,1.51,N
18.13232,97.87411,307.41,0.39,0.6,2026-04-10,1947,N21,VIIRS,n,2.0NRT,293.19,0.95,N
18.13529,97.96672,305.04,0.4,0.6,2026-04-10,1947,N21,VIIRS,n,2.0NRT,292.31,1.11,N
18.13735,95.17808,310.43,0.52,0.5,2026-04-10,1947,N21,VIIRS,n,2.0NRT,294.85,2.04,N
18.14061,97.67753,306.81,0.38,0.59,2026-04-10,1947,N21,VIIRS,n,2.0NRT,291.74,1.04,N
18.14113,97.68522,313.37,0.38,0.59,2026-04-10,1947,N21,VIIRS,n,2.0NRT,291.79,2.21,N
18.14243,97.67894,307.32,0.38,0.59,2026-04-10,1947,N21,VIIRS,n,2.0NRT,291.66,1.76,N
18.14462,97.68476,310.2,0.38,0.59,2026-04-10,1947,N21,VIIRS,n,2.0NRT,292.1,1.86,N
18.16555,80.2318,307.04,0.56,0.52,2026-04-10,1947,N21,VIIRS,n,2.0NRT,295.81,3.49,N
18.20991,97.53292,303.73,0.37,0.58,2026-04-10,1947,N21,VIIRS,n,2.0NRT,291.94,1,N
18.23494,97.75833,303.94,0.39,0.59,2026-04-10,1947,N21,VIIRS,n,2.0NRT,292.54,1.45,N
18.23635,97.75151,310.41,0.39,0.59,2026-04-10,1947,N21,VIIRS,n,2.0NRT,292.63,1.83,N
18.23777,97.71765,306.18,0.38,0.59,2026-04-10,1947,N21,VIIRS,n,2.0NRT,292.57,2.19,N
18.23806,97.75944,305.32,0.39,0.59,2026-04-10,1947,N21,VIIRS,n,2.0NRT,292.24,1.34,N
18.23833,97.71494,315.41,0.38,0.59,2026-04-10,1947,N21,VIIRS,n,2.0NRT,292.76,1.7,N
18.23874,97.75626,307.89,0.39,0.59,2026-04-10,1947,N21,VIIRS,n,2.0NRT,292.4,1.34,N
18.23893,97.71208,308.16,0.38,0.59,2026-04-10,1947,N21,VIIRS,n,2.0NRT,293.22,1.7,N
18.23944,97.75298,318.48,0.38,0.59,2026-04-10,1947,N21,VIIRS,n,2.0NRT,292.54,2.62,N
18.23958,97.70894,309.46,0.38,0.59,2026-04-10,1947,N21,VIIRS,n,2.0NRT,293.41,1.4,N
18.24081,97.7569,304.88,0.39,0.59,2026-04-10,1947,N21,VIIRS,n,2.0NRT,292,1.58,N
18.24124,97.71847,306.96,0.38,0.59,2026-04-10,1947,N21,VIIRS,n,2.0NRT,292.62,2.01,N
18.24149,97.75363,311.54,0.39,0.59,2026-04-10,1947,N21,VIIRS,n,2.0NRT,292.19,1.66,N
18.24186,97.71558,317.04,0.38,0.59,2026-04-10,1947,N21,VIIRS,n,2.0NRT,293.03,1.79,N
18.24212,95.17701,315.63,0.52,0.5,2026-04-10,1947,N21,VIIRS,n,2.0NRT,297.57,3.07,N
18.2425,97.7126,307.06,0.38,0.59,2026-04-10,1947,N21,VIIRS,n,2.0NRT,293.05,1.79,N
18.24313,97.70966,312.45,0.38,0.59,2026-04-10,1947,N21,VIIRS,n,2.0NRT,293.55,1.47,N
18.24374,97.7068,307.16,0.38,0.59,2026-04-10,1947,N21,VIIRS,n,2.0NRT,293.39,1.47,N
18.24553,97.70703,307.29,0.38,0.59,2026-04-10,1947,N21,VIIRS,n,2.0NRT,293.55,1.4,N
18.26027,97.94563,304.9,0.4,0.6,2026-04-10,1947,N21,VIIRS,n,2.0NRT,292.31,1.48,N
18.26088,97.94275,311.11,0.4,0.6,2026-04-10,1947,N21,VIIRS,n,2.0NRT,292.44,1.48,N
18.26433,97.79333,312.16,0.39,0.59,2026-04-10,1947,N21,VIIRS,n,2.0NRT,292.22,1.8,N
18.28238,97.76069,311.1,0.38,0.59,2026-04-10,1947,N21,VIIRS,n,2.0NRT,292.37,2.17,N
18.28618,97.7691,304.79,0.39,0.59,2026-04-10,1947,N21,VIIRS,n,2.0NRT,292.02,1.71,N
18.29462,97.782,305.62,0.39,0.59,2026-04-10,1947,N21,VIIRS,n,2.0NRT,291.97,1.59,N
18.29533,97.77864,303.69,0.39,0.59,2026-04-10,1947,N21,VIIRS,n,2.0NRT,291.48,2,N
18.29681,97.77158,306.21,0.39,0.59,2026-04-10,1947,N21,VIIRS,n,2.0NRT,292.13,1,N
18.30202,80.05923,308.94,0.58,0.52,2026-04-10,1947,N21,VIIRS,n,2.0NRT,295.36,4.53,N
18.30719,80.70211,306,0.52,0.5,2026-04-10,1947,N21,VIIRS,n,2.0NRT,294.97,2.11,N
18.30952,97.65801,309.84,0.38,0.59,2026-04-10,1947,N21,VIIRS,n,2.0NRT,292.25,2.24,N
18.30958,97.68418,304.54,0.38,0.59,2026-04-10,1947,N21,VIIRS,n,2.0NRT,292.58,0.83,N
18.3103,97.65428,306.94,0.38,0.59,2026-04-10,1947,N21,VIIRS,n,2.0NRT,292.23,1.57,N
18.31034,97.68056,304.55,0.38,0.59,2026-04-10,1947,N21,VIIRS,n,2.0NRT,292.38,0.83,N
18.31277,97.69539,306.37,0.38,0.59,2026-04-10,1947,N21,VIIRS,n,2.0NRT,292.53,2.19,N
18.31649,80.30907,305.79,0.56,0.51,2026-04-10,1947,N21,VIIRS,n,2.0NRT,294.93,4.34,N
18.31868,97.69367,309.67,0.38,0.59,2026-04-10,1947,N21,VIIRS,n,2.0NRT,292.66,1.96,N
18.32694,97.65403,308.41,0.38,0.59,2026-04-10,1947,N21,VIIRS,n,2.0NRT,292.83,1.71,N
18.32841,97.72681,309.13,0.38,0.59,2026-04-10,1947,N21,VIIRS,n,2.0NRT,292.6,1.69,N
18.32978,97.66686,310.04,0.38,0.59,2026-04-10,1947,N21,VIIRS,n,2.0NRT,293.27,2.4,N
18.33044,97.6637,306.16,0.38,0.59,2026-04-10,1947,N21,VIIRS,n,2.0NRT,293.13,2.6,N
18.33109,97.66063,320.82,0.38,0.59,2026-04-10,1947,N21,VIIRS,n,2.0NRT,293.32,2.6,N
18.33171,97.65762,310.66,0.38,0.59,2026-04-10,1947,N21,VIIRS,n,2.0NRT,293.22,1.71,N
18.33662,97.66057,311.25,0.38,0.59,2026-04-10,1947,N21,VIIRS,n,2.0NRT,292.78,1.89,N
18.35172,97.64098,305.65,0.38,0.59,2026-04-10,1947,N21,VIIRS,n,2.0NRT,292.03,1.53,N
18.35314,97.66082,313.98,0.38,0.59,2026-04-10,1947,N21,VIIRS,n,2.0NRT,292.72,1.3,N
18.35386,97.65735,306.9,0.38,0.59,2026-04-10,1947,N21,VIIRS,n,2.0NRT,292.91,1.3,N
18.35707,97.97661,312.24,0.4,0.6,2026-04-10,1947,N21,VIIRS,n,2.0NRT,291.99,1.35,N
18.37078,97.6557,305.54,0.38,0.59,2026-04-10,1947,N21,VIIRS,n,2.0NRT,292.61,1.52,N
18.40212,79.94683,304.28,0.59,0.53,2026-04-10,1947,N21,VIIRS,n,2.0NRT,293.03,2.5,N
18.40326,79.94389,312.54,0.59,0.53,2026-04-10,1947,N21,VIIRS,n,2.0NRT,293.94,4,N
18.40479,97.75001,307.41,0.38,0.59,2026-04-10,1947,N21,VIIRS,n,2.0NRT,291.9,0.82,N
18.41031,97.56635,304.9,0.37,0.58,2026-04-10,1947,N21,VIIRS,n,2.0NRT,292.14,0.95,N
18.41087,97.56371,306.88,0.37,0.58,2026-04-10,1947,N21,VIIRS,n,2.0NRT,292.23,1.49,N
18.41563,97.56714,307.43,0.37,0.58,2026-04-10,1947,N21,VIIRS,n,2.0NRT,291.38,0.95,N
18.42369,97.34417,303.3,0.36,0.57,2026-04-10,1947,N21,VIIRS,n,2.0NRT,291.59,1.05,N
18.4247,97.34381,304.43,0.36,0.57,2026-04-10,1947,N21,VIIRS,n,2.0NRT,291.44,0.95,N
18.42892,97.74078,303.19,0.38,0.59,2026-04-10,1947,N21,VIIRS,n,2.0NRT,291.7,0.68,N
18.4294,97.34271,312.48,0.36,0.57,2026-04-10,1947,N21,VIIRS,n,2.0NRT,292.18,1.89,N
18.4304,97.34244,314.19,0.36,0.57,2026-04-10,1947,N21,VIIRS,n,2.0NRT,292.05,1.61,N
18.43449,97.34422,304.08,0.36,0.57,2026-04-10,1947,N21,VIIRS,n,2.0NRT,291.88,0.99,N
18.43549,97.34396,304.67,0.36,0.57,2026-04-10,1947,N21,VIIRS,n,2.0NRT,292.05,0.69,N
18.43867,97.61446,306.89,0.37,0.58,2026-04-10,1947,N21,VIIRS,n,2.0NRT,291.31,0.95,N
18.44795,97.62267,334.54,0.37,0.58,2026-04-10,1947,N21,VIIRS,n,2.0NRT,292.02,4.78,N
18.50184,97.80792,305.69,0.38,0.59,2026-04-10,1947,N21,VIIRS,n,2.0NRT,291.07,1.19,N
18.51601,80.7877,308.71,0.52,0.5,2026-04-10,1947,N21,VIIRS,n,2.0NRT,295.21,1.19,N
18.51682,80.78512,306.98,0.52,0.5,2026-04-10,1947,N21,VIIRS,n,2.0NRT,294.84,1.42,N
18.52031,81.0696,306.71,0.5,0.49,2026-04-10,1947,N21,VIIRS,n,2.0NRT,295.33,2.51,N
18.52222,97.52824,304.65,0.37,0.58,2026-04-10,1947,N21,VIIRS,n,2.0NRT,292.41,1.35,N
18.52383,97.86264,314.86,0.39,0.59,2026-04-10,1947,N21,VIIRS,n,2.0NRT,291.72,1.81,N
18.52604,97.87888,327.41,0.39,0.59,2026-04-10,1947,N21,VIIRS,n,2.0NRT,291.29,2.96,N
18.54189,97.84449,305.44,0.38,0.59,2026-04-10,1947,N21,VIIRS,n,2.0NRT,291.88,0.79,N
18.54434,97.84439,305.45,0.39,0.59,2026-04-10,1947,N21,VIIRS,n,2.0NRT,291.78,0.98,N
18.54664,81.07803,307.05,0.5,0.49,2026-04-10,1947,N21,VIIRS,n,2.0NRT,295.12,2.35,N
18.55245,97.46236,303.73,0.36,0.58,2026-04-10,1947,N21,VIIRS,n,2.0NRT,292.22,0.37,N
18.55621,81.0367,307.39,0.5,0.49,2026-04-10,1947,N21,VIIRS,n,2.0NRT,295.45,1.86,N
18.5582,97.89882,303.07,0.39,0.59,2026-04-10,1947,N21,VIIRS,n,2.0NRT,291.44,0.84,N
18.56073,81.03707,305.5,0.5,0.49,2026-04-10,1947,N21,VIIRS,n,2.0NRT,295.04,1.86,N
18.5667,97.8851,306.18,0.39,0.59,2026-04-10,1947,N21,VIIRS,n,2.0NRT,291.91,1.11,N
18.57078,81.06704,306.29,0.5,0.49,2026-04-10,1947,N21,VIIRS,n,2.0NRT,294.83,1.27,N
18.57281,97.88265,305.42,0.39,0.59,2026-04-10,1947,N21,VIIRS,n,2.0NRT,291.62,1.28,N
18.58156,97.71773,302.09,0.38,0.59,2026-04-10,1947,N21,VIIRS,n,2.0NRT,291.16,0.54,N
18.62669,81.04012,309.59,0.5,0.49,2026-04-10,1947,N21,VIIRS,n,2.0NRT,294.85,2.65,N
18.63077,80.96668,306.95,0.51,0.49,2026-04-10,1947,N21,VIIRS,n,2.0NRT,294.93,2.92,N
18.63527,80.9675,308.95,0.51,0.49,2026-04-10,1947,N21,VIIRS,n,2.0NRT,295.33,1.61,N
18.63585,80.96259,310.97,0.51,0.49,2026-04-10,1947,N21,VIIRS,n,2.0NRT,295.5,1.61,N
18.63798,80.86581,325.79,0.52,0.5,2026-04-10,1947,N21,VIIRS,n,2.0NRT,296.2,3.72,N
18.64036,80.96333,306.39,0.51,0.49,2026-04-10,1947,N21,VIIRS,n,2.0NRT,295.39,1.61,N
18.64204,80.87063,310.38,0.52,0.5,2026-04-10,1947,N21,VIIRS,n,2.0NRT,295.16,3.72,N
18.64879,80.85255,314.89,0.52,0.5,2026-04-10,1947,N21,VIIRS,n,2.0NRT,295.51,2.18,N
18.64912,81.04375,305.54,0.5,0.49,2026-04-10,1947,N21,VIIRS,n,2.0NRT,294.86,1.77,N
18.65032,81.03377,306.96,0.5,0.49,2026-04-10,1947,N21,VIIRS,n,2.0NRT,294.6,3.49,N
18.65336,80.853,311.53,0.52,0.5,2026-04-10,1947,N21,VIIRS,n,2.0NRT,295.35,2.18,N
18.65393,80.84821,305.67,0.52,0.5,2026-04-10,1947,N21,VIIRS,n,2.0NRT,294.75,2.18,N
18.65538,81.02966,305.87,0.5,0.49,2026-04-10,1947,N21,VIIRS,n,2.0NRT,294.91,1.67,N
18.65596,81.02489,309.52,0.5,0.49,2026-04-10,1947,N21,VIIRS,n,2.0NRT,295.44,1.67,N
18.65737,80.85826,316.91,0.52,0.5,2026-04-10,1947,N21,VIIRS,n,2.0NRT,295.61,3.99,N
18.65791,80.93172,306.35,0.51,0.49,2026-04-10,1947,N21,VIIRS,n,2.0NRT,294.83,2.54,N
18.65793,80.85355,310.69,0.52,0.5,2026-04-10,1947,N21,VIIRS,n,2.0NRT,295.18,2.51,N
18.6633,80.41923,315.47,0.55,0.51,2026-04-10,1947,N21,VIIRS,n,2.0NRT,295.25,4.09,N
18.66531,80.42278,317.13,0.55,0.51,2026-04-10,1947,N21,VIIRS,n,2.0NRT,295.56,3.49,N
18.6659,80.41749,316.58,0.55,0.51,2026-04-10,1947,N21,VIIRS,n,2.0NRT,295.12,3.49,N
18.668,80.41978,322.68,0.55,0.51,2026-04-10,1947,N21,VIIRS,n,2.0NRT,295.6,5.96,N
18.67151,79.43814,298.45,0.32,0.55,2026-04-10,1947,N21,VIIRS,n,2.0NRT,281,0.65,N
18.67182,79.43616,299.12,0.32,0.55,2026-04-10,1947,N21,VIIRS,n,2.0NRT,280.96,0.88,N
18.67898,80.16592,306.19,0.57,0.52,2026-04-10,1947,N21,VIIRS,n,2.0NRT,294.66,2.06,N
18.67975,80.16358,305,0.58,0.52,2026-04-10,1947,N21,VIIRS,n,2.0NRT,294.39,1.95,N
18.68465,81.1266,306.11,0.5,0.49,2026-04-10,1947,N21,VIIRS,n,2.0NRT,294.23,1.73,N
18.68858,81.13161,313.26,0.5,0.49,2026-04-10,1947,N21,VIIRS,n,2.0NRT,294.74,3.64,N
18.69103,81.13397,313.96,0.5,0.49,2026-04-10,1947,N21,VIIRS,n,2.0NRT,295.32,3.64,N
18.69154,81.12955,306.85,0.5,0.49,2026-04-10,1947,N21,VIIRS,n,2.0NRT,294.75,3.21,N
18.70114,81.12528,305.75,0.5,0.49,2026-04-10,1947,N21,VIIRS,n,2.0NRT,294.9,2.29,N
18.70427,97.80431,303.51,0.38,0.59,2026-04-10,1947,N21,VIIRS,n,2.0NRT,292.25,0.94,N
18.70805,79.14526,305.46,0.34,0.56,2026-04-10,1947,N21,VIIRS,n,2.0NRT,293.34,1.76,N
18.70876,97.8093,305.91,0.38,0.59,2026-04-10,1947,N21,VIIRS,n,2.0NRT,292.24,1.49,N
18.71049,80.84041,306.12,0.52,0.5,2026-04-10,1947,N21,VIIRS,n,2.0NRT,293.94,2.15,N
18.71134,80.83775,309.24,0.52,0.5,2026-04-10,1947,N21,VIIRS,n,2.0NRT,294.48,2.77,N
18.71515,81.04447,309.04,0.5,0.49,2026-04-10,1947,N21,VIIRS,n,2.0NRT,295.18,1.9,N
18.71536,80.84318,305.42,0.52,0.5,2026-04-10,1947,N21,VIIRS,n,2.0NRT,294.69,1.85,N
18.71568,81.03986,310.72,0.5,0.49,2026-04-10,1947,N21,VIIRS,n,2.0NRT,295.53,1.9,N
18.71824,97.81699,305.11,0.38,0.59,2026-04-10,1947,N21,VIIRS,n,2.0NRT,292.02,0.9,N
18.72976,80.79655,306.98,0.52,0.5,2026-04-10,1947,N21,VIIRS,n,2.0NRT,296.1,2.56,N
18.73264,79.15759,310.86,0.34,0.56,2026-04-10,1947,N21,VIIRS,n,2.0NRT,293.43,2.54,N
18.73281,81.24035,305.06,0.49,0.49,2026-04-10,1947,N21,VIIRS,n,2.0NRT,293.53,2.54,N
18.74117,80.97901,305,0.51,0.49,2026-04-10,1947,N21,VIIRS,n,2.0NRT,294.04,1.24,N
18.74246,82.07291,315.34,0.43,0.46,2026-04-10,1947,N21,VIIRS,n,2.0NRT,291.62,2.15,N
18.74443,97.82425,304.55,0.38,0.59,2026-04-10,1947,N21,VIIRS,n,2.0NRT,292.33,0.87,N
18.75385,81.14117,307.82,0.5,0.49,2026-04-10,1947,N21,VIIRS,n,2.0NRT,294.56,2.05,N
18.76701,79.44901,306.93,0.32,0.55,2026-04-10,1947,N21,VIIRS,n,2.0NRT,289.62,1.47,N
18.76716,79.44855,306.52,0.32,0.55,2026-04-10,1947,N21,VIIRS,n,2.0NRT,290.28,1.03,N
18.79382,97.94922,302.72,0.39,0.59,2026-04-10,1947,N21,VIIRS,n,2.0NRT,291.17,0.81,N
18.79691,80.28917,306.3,0.57,0.52,2026-04-10,1947,N21,VIIRS,n,2.0NRT,294.35,2.09,N
18.79842,95.4895,331.11,0.53,0.5,2026-04-10,1947,N21,VIIRS,n,2.0NRT,294.99,4.93,N
18.79875,95.48819,326.65,0.53,0.5,2026-04-10,1947,N21,VIIRS,n,2.0NRT,294.75,4.19,N
18.80283,80.84888,307.57,0.52,0.5,2026-04-10,1947,N21,VIIRS,n,2.0NRT,294.54,1.31,N
18.814,80.30825,308.07,0.57,0.52,2026-04-10,1947,N21,VIIRS,n,2.0NRT,296.53,3.76,N
18.81872,80.30905,310.81,0.57,0.52,2026-04-10,1947,N21,VIIRS,n,2.0NRT,296.62,4.63,N
18.83607,95.07956,309.81,0.5,0.49,2026-04-10,1947,N21,VIIRS,n,2.0NRT,295.14,1.29,N
18.83816,79.88995,306.11,0.6,0.53,2026-04-10,1947,N21,VIIRS,n,2.0NRT,293.73,1.29,N
18.84239,96.15221,311.84,0.59,0.53,2026-04-10,1947,N21,VIIRS,n,2.0NRT,294.22,2.69,N
18.87859,81.07395,308.28,0.5,0.49,2026-04-10,1947,N21,VIIRS,n,2.0NRT,294.39,2.09,N
18.89695,97.72096,302.7,0.37,0.58,2026-04-10,1947,N21,VIIRS,n,2.0NRT,292.03,0.77,N
18.90243,81.1228,305.74,0.5,0.49,2026-04-10,1947,N21,VIIRS,n,2.0NRT,294.96,1.24,N
18.90307,79.41359,305.44,0.32,0.55,2026-04-10,1947,N21,VIIRS,n,2.0NRT,292.7,1.34,N
18.90777,79.4173,307.94,0.32,0.55,2026-04-10,1947,N21,VIIRS,n,2.0NRT,292.03,1.03,N
18.9081,79.41428,304.23,0.32,0.55,2026-04-10,1947,N21,VIIRS,n,2.0NRT,291.91,1.03,N
18.93887,80.96618,306.71,0.51,0.5,2026-04-10,1947,N21,VIIRS,n,2.0NRT,295.09,1.69,N
18.95639,97.82801,304.74,0.38,0.59,2026-04-10,1947,N21,VIIRS,n,2.0NRT,292.81,0.71,N
18.96432,80.49372,306.64,0.55,0.51,2026-04-10,1947,N21,VIIRS,n,2.0NRT,294.24,2.06,N
18.97768,95.52086,337.47,0.53,0.5,2026-04-10,1947,N21,VIIRS,n,2.0NRT,295.42,7.51,N
18.98734,97.75883,303.88,0.37,0.58,2026-04-10,1947,N21,VIIRS,n,2.0NRT,292.61,0.98,N
19.01818,80.56342,308.46,0.55,0.51,2026-04-10,1947,N21,VIIRS,n,2.0NRT,295.73,1.74,N
19.01879,80.55823,306.53,0.55,0.51,2026-04-10,1947,N21,VIIRS,n,2.0NRT,293.91,1.74,N
19.02885,80.17262,323.42,0.58,0.52,2026-04-10,1947,N21,VIIRS,n,2.0NRT,296.73,6.8,N
19.03651,95.9341,318.77,0.56,0.52,2026-04-10,1947,N21,VIIRS,n,2.0NRT,295.33,4.29,N
19.0392,95.9339,316.16,0.57,0.52,2026-04-10,1947,N21,VIIRS,n,2.0NRT,295.21,2.99,N
19.04557,81.469,310.36,0.48,0.48,2026-04-10,1947,N21,VIIRS,n,2.0NRT,296.18,2.55,N
19.05811,80.62663,305.4,0.54,0.51,2026-04-10,1947,N21,VIIRS,n,2.0NRT,295.13,2.53,N
19.06831,79.99388,307.87,0.6,0.53,2026-04-10,1947,N21,VIIRS,n,2.0NRT,296.93,2.63,N
19.07116,97.37935,346.63,0.35,0.57,2026-04-10,1947,N21,VIIRS,n,2.0NRT,293.32,3.5,N
19.07167,97.37687,305.31,0.35,0.57,2026-04-10,1947,N21,VIIRS,n,2.0NRT,292.25,3.5,N
19.07185,94.33256,304.81,0.45,0.47,2026-04-10,1947,N21,VIIRS,n,2.0NRT,293.93,0.76,N
19.07318,79.99444,307.88,0.6,0.53,2026-04-10,1947,N21,VIIRS,n,2.0NRT,296.94,2.63,N
19.07322,97.37953,346.95,0.35,0.57,2026-04-10,1947,N21,VIIRS,n,2.0NRT,293.03,3.42,N
19.07374,97.37712,303.65,0.35,0.57,2026-04-10,1947,N21,VIIRS,n,2.0NRT,292.16,3.42,N
19.07524,97.05209,307.41,0.33,0.56,2026-04-10,1947,N21,VIIRS,n,2.0NRT,292.07,0.96,N
19.0771,97.04319,310.22,0.33,0.56,2026-04-10,1947,N21,VIIRS,n,2.0NRT,292.63,1.34,N
19.07807,97.91922,304.01,0.38,0.59,2026-04-10,1947,N21,VIIRS,n,2.0NRT,292.12,0.81,N
19.08066,79.14064,311.29,0.34,0.56,2026-04-10,1947,N21,VIIRS,n,2.0NRT,297.02,2.79,N
19.0844,97.58149,313.3,0.36,0.57,2026-04-10,1947,N21,VIIRS,n,2.0NRT,292.8,1.84,N
19.08805,78.77431,308.31,0.36,0.57,2026-04-10,1947,N21,VIIRS,n,2.0NRT,295.59,1.42,N
19.09216,82.1676,306.61,0.43,0.46,2026-04-10,1947,N21,VIIRS,n,2.0NRT,295.01,1.92,N
19.09306,82.16752,307.84,0.43,0.46,2026-04-10,1947,N21,VIIRS,n,2.0NRT,295.7,1.71,N
19.09545,79.92782,308.37,0.6,0.53,2026-04-10,1947,N21,VIIRS,n,2.0NRT,297.1,4.56,N
19.09556,80.47211,305.31,0.56,0.51,2026-04-10,1947,N21,VIIRS,n,2.0NRT,294.24,1.23,N
19.09637,82.16817,318.17,0.43,0.46,2026-04-10,1947,N21,VIIRS,n,2.0NRT,295.11,1.29,N
19.09727,82.16808,316.67,0.43,0.46,2026-04-10,1947,N21,VIIRS,n,2.0NRT,294.25,1.71,N
19.09754,80.47401,304.87,0.56,0.51,2026-04-10,1947,N21,VIIRS,n,2.0NRT,294.54,1.28,N
19.09755,97.7775,305.87,0.37,0.58,2026-04-10,1947,N21,VIIRS,n,2.0NRT,292.97,2.01,N
19.0977,97.77903,310.57,0.37,0.58,2026-04-10,1947,N21,VIIRS,n,2.0NRT,293.27,1.87,N
19.10058,82.16871,304.66,0.43,0.46,2026-04-10,1947,N21,VIIRS,n,2.0NRT,293.92,1.29,N
19.10148,82.16862,307.64,0.43,0.46,2026-04-10,1947,N21,VIIRS,n,2.0NRT,295.07,1.79,N
19.10197,82.16454,311.59,0.43,0.46,2026-04-10,1947,N21,VIIRS,n,2.0NRT,293.82,1.89,N
19.10703,95.92252,306.42,0.56,0.52,2026-04-10,1947,N21,VIIRS,n,2.0NRT,294.16,1.28,N
19.10869,81.21158,305.33,0.5,0.49,2026-04-10,1947,N21,VIIRS,n,2.0NRT,294.62,2.77,N
19.10876,78.52234,310.16,0.37,0.58,2026-04-10,1947,N21,VIIRS,n,2.0NRT,296.9,3.22,N
19.11047,79.10658,305.07,0.34,0.56,2026-04-10,1947,N21,VIIRS,n,2.0NRT,294.53,1.01,N
19.11108,81.21426,304.91,0.5,0.49,2026-04-10,1947,N21,VIIRS,n,2.0NRT,294.31,2.45,N
19.11217,81.22034,307.67,0.5,0.49,2026-04-10,1947,N21,VIIRS,n,2.0NRT,295.03,1.71,N
19.11457,81.2009,307.53,0.5,0.49,2026-04-10,1947,N21,VIIRS,n,2.0NRT,295.43,2.41,N
19.11511,81.21873,310.63,0.5,0.49,2026-04-10,1947,N21,VIIRS,n,2.0NRT,295.32,2.74,N
19.11718,95.96939,306.92,0.57,0.52,2026-04-10,1947,N21,VIIRS,n,2.0NRT,294.38,1,N
19.11919,97.59676,318.97,0.36,0.57,2026-04-10,1947,N21,VIIRS,n,2.0NRT,293.87,3.07,N
19.12856,80.53653,306.67,0.55,0.51,2026-04-10,1947,N21,VIIRS,n,2.0NRT,295.11,1.3,N
19.12943,80.88932,311.43,0.52,0.5,2026-04-10,1947,N21,VIIRS,n,2.0NRT,296.24,3.49,N
19.13531,81.20162,307.23,0.5,0.49,2026-04-10,1947,N21,VIIRS,n,2.0NRT,295.45,2.82,N
19.14148,81.22653,313.54,0.5,0.49,2026-04-10,1947,N21,VIIRS,n,2.0NRT,295.78,3.57,N
19.14249,95.23727,309.81,0.51,0.49,2026-04-10,1947,N21,VIIRS,n,2.0NRT,294.07,1.03,N
19.1436,79.72143,305.95,0.62,0.54,2026-04-10,1947,N21,VIIRS,n,2.0NRT,294.86,1.72,N
19.14583,97.86079,305.44,0.38,0.58,2026-04-10,1947,N21,VIIRS,n,2.0NRT,292.3,1.33,N
19.14651,77.60035,307.34,0.43,0.62,2026-04-10,1947,N21,VIIRS,n,2.0NRT,295.32,1.83,N
19.14823,81.16913,310.69,0.5,0.49,2026-04-10,1947,N21,VIIRS,n,2.0NRT,294.62,1.75,N
19.14896,97.63955,303.02,0.36,0.58,2026-04-10,1947,N21,VIIRS,n,2.0NRT,292.21,1.28,N
19.14959,97.63659,302.89,0.36,0.58,2026-04-10,1947,N21,VIIRS,n,2.0NRT,292.37,1.28,N
19.15545,81.14664,305.12,0.5,0.49,2026-04-10,1947,N21,VIIRS,n,2.0NRT,294.45,1.87,N
19.15566,80.90656,306.4,0.52,0.5,2026-04-10,1947,N21,VIIRS,n,2.0NRT,295.05,3.59,N
19.15799,97.8817,305.95,0.38,0.58,2026-04-10,1947,N21,VIIRS,n,2.0NRT,293.38,1.08,N
19.16246,97.88671,308.52,0.38,0.58,2026-04-10,1947,N21,VIIRS,n,2.0NRT,293.52,1.42,N
19.16291,97.03019,304.46,0.33,0.55,2026-04-10,1947,N21,VIIRS,n,2.0NRT,291.9,0.67,N
19.16326,97.88289,314.86,0.38,0.58,2026-04-10,1947,N21,VIIRS,n,2.0NRT,293.97,1.42,N
19.16808,97.03049,322.63,0.33,0.55,2026-04-10,1947,N21,VIIRS,n,2.0NRT,293.15,1.63,N
19.17057,97.84797,308.71,0.37,0.58,2026-04-10,1947,N21,VIIRS,n,2.0NRT,292.95,2.27,N
19.17266,97.05867,302.57,0.33,0.55,2026-04-10,1947,N21,VIIRS,n,2.0NRT,290.86,1.18,N
19.17287,97.03256,306.46,0.33,0.55,2026-04-10,1947,N21,VIIRS,n,2.0NRT,292.17,1.63,N
19.17395,97.83186,308.02,0.37,0.58,2026-04-10,1947,N21,VIIRS,n,2.0NRT,292.88,2.35,N
19.17416,80.98697,312.53,0.52,0.5,2026-04-10,1947,N21,VIIRS,n,2.0NRT,294.93,2.55,N
19.17657,97.06501,309.11,0.33,0.55,2026-04-10,1947,N21,VIIRS,n,2.0NRT,292.79,1.18,N
19.17711,97.06238,313.64,0.33,0.55,2026-04-10,1947,N21,VIIRS,n,2.0NRT,293.12,1.18,N
19.17768,97.05966,309.62,0.33,0.55,2026-04-10,1947,N21,VIIRS,n,2.0NRT,293.09,1.18,N
19.17923,97.98244,312.34,0.38,0.59,2026-04-10,1947,N21,VIIRS,n,2.0NRT,293.31,1.41,N
19.17998,97.97895,305.64,0.38,0.59,2026-04-10,1947,N21,VIIRS,n,2.0NRT,293.25,1.41,N
19.18116,97.99927,305.69,0.38,0.59,2026-04-10,1947,N21,VIIRS,n,2.0NRT,293.52,1.91,N
19.18123,97.98248,310.76,0.38,0.59,2026-04-10,1947,N21,VIIRS,n,2.0NRT,293.15,2.55,N
19.18143,80.88451,308.42,0.52,0.5,2026-04-10,1947,N21,VIIRS,n,2.0NRT,295.33,2.56,N
19.1865,80.88094,307.41,0.52,0.5,2026-04-10,1947,N21,VIIRS,n,2.0NRT,294.86,3.33,N
19.18841,97.99144,306.75,0.38,0.59,2026-04-10,1947,N21,VIIRS,n,2.0NRT,293.39,1.2,N
19.189,97.98872,305.02,0.38,0.59,2026-04-10,1947,N21,VIIRS,n,2.0NRT,293.24,1.2,N
19.19286,81.2902,305.88,0.49,0.49,2026-04-10,1947,N21,VIIRS,n,2.0NRT,295.54,2.54,N
19.19287,78.47362,312.43,0.38,0.59,2026-04-10,1947,N21,VIIRS,n,2.0NRT,295.89,2.79,N
19.19886,97.55753,313.61,0.36,0.57,2026-04-10,1947,N21,VIIRS,n,2.0NRT,293.64,2.51,N
19.19895,81.38322,309.11,0.49,0.48,2026-04-10,1947,N21,VIIRS,n,2.0NRT,295.81,2.58,N
19.19935,81.38442,310.17,0.49,0.48,2026-04-10,1947,N21,VIIRS,n,2.0NRT,295.51,2.6,N
19.19988,97.98978,307.19,0.38,0.59,2026-04-10,1947,N21,VIIRS,n,2.0NRT,293.69,2,N
19.20052,80.07661,311.49,0.59,0.53,2026-04-10,1947,N21,VIIRS,n,2.0NRT,297.73,3.79,N
19.20054,97.9867,306.19,0.38,0.59,2026-04-10,1947,N21,VIIRS,n,2.0NRT,293.58,1.81,N
19.20434,78.49126,309.07,0.38,0.59,2026-04-10,1947,N21,VIIRS,n,2.0NRT,296.52,2.85,N
19.20544,97.98972,310.08,0.38,0.59,2026-04-10,1947,N21,VIIRS,n,2.0NRT,293.28,1.39,N
19.20565,97.9111,304.69,0.38,0.59,2026-04-10,1947,N21,VIIRS,n,2.0NRT,292.77,0.72,N
19.20732,97.5687,308.6,0.36,0.57,2026-04-10,1947,N21,VIIRS,n,2.0NRT,293.06,1.54,N
19.20817,80.22284,307.75,0.58,0.52,2026-04-10,1947,N21,VIIRS,n,2.0NRT,297.07,1.9,N
19.20832,80.22118,311.25,0.58,0.52,2026-04-10,1947,N21,VIIRS,n,2.0NRT,297.23,3.83,N
19.2088,80.21707,311.12,0.58,0.52,2026-04-10,1947,N21,VIIRS,n,2.0NRT,297.25,1.9,N
19.20901,80.21528,307.64,0.58,0.52,2026-04-10,1947,N21,VIIRS,n,2.0NRT,296.19,1.48,N
19.21079,97.99072,305.48,0.38,0.59,2026-04-10,1947,N21,VIIRS,n,2.0NRT,293.25,1.39,N
19.21301,97.85099,307.75,0.37,0.58,2026-04-10,1947,N21,VIIRS,n,2.0NRT,292.91,1.9,N
19.21359,80.21773,307.49,0.58,0.52,2026-04-10,1947,N21,VIIRS,n,2.0NRT,296.93,1.9,N
19.21379,80.21597,306.62,0.58,0.52,2026-04-10,1947,N21,VIIRS,n,2.0NRT,296.07,1.48,N
19.21797,97.69969,316.4,0.37,0.58,2026-04-10,1947,N21,VIIRS,n,2.0NRT,292.41,2.39,N
19.2208,97.76346,304.61,0.37,0.58,2026-04-10,1947,N21,VIIRS,n,2.0NRT,292.51,0.99,N
19.22154,97.99236,307.41,0.38,0.59,2026-04-10,1947,N21,VIIRS,n,2.0NRT,293.24,1.78,N
19.22202,97.78564,307.13,0.37,0.58,2026-04-10,1947,N21,VIIRS,n,2.0NRT,293.15,1.4,N
19.22317,97.70151,302.59,0.37,0.58,2026-04-10,1947,N21,VIIRS,n,2.0NRT,292.13,1.04,N
19.22324,97.70054,310.23,0.37,0.58,2026-04-10,1947,N21,VIIRS,n,2.0NRT,291.85,1.89,N
19.22338,97.85404,306.88,0.37,0.58,2026-04-10,1947,N21,VIIRS,n,2.0NRT,292.21,2.43,N
19.22362,81.32655,307.62,0.49,0.49,2026-04-10,1947,N21,VIIRS,n,2.0NRT,294.99,2.43,N
19.22388,97.69817,306.5,0.36,0.58,2026-04-10,1947,N21,VIIRS,n,2.0NRT,291.75,1.17,N
19.22393,97.69717,305.54,0.37,0.58,2026-04-10,1947,N21,VIIRS,n,2.0NRT,291.13,2.3,N
19.22489,80.9493,311.9,0.52,0.5,2026-04-10,1947,N21,VIIRS,n,2.0NRT,294.04,2.33,N
19.22644,78.97308,314.89,0.35,0.57,2026-04-10,1947,N21,VIIRS,n,2.0NRT,296.66,3.65,N
19.22676,97.99397,317.7,0.38,0.59,2026-04-10,1947,N21,VIIRS,n,2.0NRT,293.49,2.41,N
19.2272,97.78475,314.04,0.37,0.58,2026-04-10,1947,N21,VIIRS,n,2.0NRT,293.44,1.96,N
19.22803,97.85804,314.21,0.37,0.58,2026-04-10,1947,N21,VIIRS,n,2.0NRT,293.09,2.96,N
19.22939,80.95039,314.51,0.52,0.5,2026-04-10,1947,N21,VIIRS,n,2.0NRT,294.65,2.73,N
19.2326,97.86246,321.31,0.37,0.58,2026-04-10,1947,N21,VIIRS,n,2.0NRT,293.26,3.58,N
19.23393,80.95123,309.02,0.52,0.5,2026-04-10,1947,N21,VIIRS,n,2.0NRT,294.04,2.73,N
19.23404,97.88161,311.53,0.37,0.58,2026-04-10,1947,N21,VIIRS,n,2.0NRT,293.38,1.85,N
19.23765,97.89056,306.62,0.38,0.58,2026-04-10,1947,N21,VIIRS,n,2.0NRT,292.79,1.07,N
19.23788,80.95689,306,0.52,0.5,2026-04-10,1947,N21,VIIRS,n,2.0NRT,293.46,2.82,N
19.2389,80.9553,307.36,0.52,0.5,2026-04-10,1947,N21,VIIRS,n,2.0NRT,293.85,3.61,N
19.23974,97.8031,306.53,0.37,0.58,2026-04-10,1947,N21,VIIRS,n,2.0NRT,293.6,1.57,N
19.24152,80.92672,305.04,0.52,0.5,2026-04-10,1947,N21,VIIRS,n,2.0NRT,294.27,1.7,N
19.24177,97.84514,311.99,0.37,0.58,2026-04-10,1947,N21,VIIRS,n,2.0NRT,292.76,1.68,N
19.24189,97.74158,308.97,0.37,0.58,2026-04-10,1947,N21,VIIRS,n,2.0NRT,292.68,1.74,N
19.24229,97.8427,314.75,0.37,0.58,2026-04-10,1947,N21,VIIRS,n,2.0NRT,293.12,1.68,N
19.24282,97.8402,309.58,0.37,0.58,2026-04-10,1947,N21,VIIRS,n,2.0NRT,292.89,1.73,N
19.24287,80.99219,309.04,0.52,0.5,2026-04-10,1947,N21,VIIRS,n,2.0NRT,293.74,1.8,N
19.24412,80.99088,308.53,0.52,0.5,2026-04-10,1947,N21,VIIRS,n,2.0NRT,294.18,2.33,N
19.24605,97.74768,304.46,0.37,0.58,2026-04-10,1947,N21,VIIRS,n,2.0NRT,291.37,1.32,N
19.24661,97.74503,314.1,0.37,0.58,2026-04-10,1947,N21,VIIRS,n,2.0NRT,292.43,2.43,N
19.24772,81.53841,306.69,0.48,0.48,2026-04-10,1947,N21,VIIRS,n,2.0NRT,295.21,1.64,N
19.25023,97.54422,304.02,0.36,0.57,2026-04-10,1947,N21,VIIRS,n,2.0NRT,292.97,1.38,N
19.25431,80.89776,307.68,0.52,0.5,2026-04-10,1947,N21,VIIRS,n,2.0NRT,293.93,2.59,N
19.25489,80.89612,307.89,0.52,0.5,2026-04-10,1947,N21,VIIRS,n,2.0NRT,294.75,2.54,N
19.2562,97.85489,307.2,0.37,0.58,2026-04-10,1947,N21,VIIRS,n,2.0NRT,292.78,1.75,N
19.25744,97.84905,311.65,0.37,0.58,2026-04-10,1947,N21,VIIRS,n,2.0NRT,293.59,1.24,N
19.25802,97.84631,306.78,0.37,0.58,2026-04-10,1947,N21,VIIRS,n,2.0NRT,293.79,1.24,N
19.25867,97.84327,309.99,0.37,0.58,2026-04-10,1947,N21,VIIRS,n,2.0NRT,293.16,1.41,N
19.26288,81.0683,303.23,0.51,0.49,2026-04-10,1947,N21,VIIRS,n,2.0NRT,292.46,1.95,N
19.26345,80.90262,304.04,0.52,0.5,2026-04-10,1947,N21,VIIRS,n,2.0NRT,293.76,1.89,N
19.26399,80.8979,305.54,0.52,0.5,2026-04-10,1947,N21,VIIRS,n,2.0NRT,294.58,2.77,N
19.26577,80.92302,327.3,0.52,0.5,2026-04-10,1947,N21,VIIRS,n,2.0NRT,296.42,3.95,N
19.26633,80.91813,307.16,0.52,0.5,2026-04-10,1947,N21,VIIRS,n,2.0NRT,294.61,1.99,N
19.26744,80.90837,308.71,0.52,0.5,2026-04-10,1947,N21,VIIRS,n,2.0NRT,294.74,3.34,N
19.27022,81.12337,303.87,0.51,0.49,2026-04-10,1947,N21,VIIRS,n,2.0NRT,291.73,1.42,N
19.27031,80.92392,306.41,0.52,0.5,2026-04-10,1947,N21,VIIRS,n,2.0NRT,294.89,3.95,N
19.27145,80.91402,310.63,0.52,0.5,2026-04-10,1947,N21,VIIRS,n,2.0NRT,294.89,1.99,N
19.27487,80.92462,307.81,0.52,0.5,2026-04-10,1947,N21,VIIRS,n,2.0NRT,295.13,3.4,N
19.27709,80.94564,307.97,0.52,0.5,2026-04-10,1947,N21,VIIRS,n,2.0NRT,295.05,2.66,N
19.27767,80.94062,310.05,0.52,0.5,2026-04-10,1947,N21,VIIRS,n,2.0NRT,295.05,4.13,N
19.27864,81.32039,305.38,0.49,0.49,2026-04-10,1947,N21,VIIRS,n,2.0NRT,294.73,1.83,N
19.28144,97.44466,304.64,0.35,0.57,2026-04-10,1947,N21,VIIRS,n,2.0NRT,290.59,1.36,N
19.28166,80.94626,305.84,0.52,0.5,2026-04-10,1947,N21,VIIRS,n,2.0NRT,294.27,2.63,N
19.28254,97.78201,310.74,0.37,0.58,2026-04-10,1947,N21,VIIRS,n,2.0NRT,293.19,1.06,N
19.28316,97.77908,305.65,0.37,0.58,2026-04-10,1947,N21,VIIRS,n,2.0NRT,292.4,1.06,N
19.28355,97.75123,316.02,0.37,0.58,2026-04-10,1947,N21,VIIRS,n,2.0NRT,292.67,2.03,N
19.28424,80.76091,305.38,0.54,0.5,2026-04-10,1947,N21,VIIRS,n,2.0NRT,294.92,1.56,N
19.28869,97.75275,303.39,0.37,0.58,2026-04-10,1947,N21,VIIRS,n,2.0NRT,291.62,0.41,N
19.2973,97.78992,305.73,0.37,0.58,2026-04-10,1947,N21,VIIRS,n,2.0NRT,292.14,0.85,N
19.29816,97.68169,307.25,0.36,0.58,2026-04-10,1947,N21,VIIRS,n,2.0NRT,292.54,1.08,N
19.30512,81.21418,304.62,0.5,0.49,2026-04-10,1947,N21,VIIRS,n,2.0NRT,293.58,2.41,N
19.31308,81.18611,302.6,0.5,0.49,2026-04-10,1947,N21,VIIRS,n,2.0NRT,292.28,0.79,N
19.31954,97.96759,303.97,0.38,0.59,2026-04-10,1947,N21,VIIRS,n,2.0NRT,292.06,1.01,N
19.33085,80.76405,307.53,0.54,0.51,2026-04-10,1947,N21,VIIRS,n,2.0NRT,295.44,2.36,N
19.33798,97.5948,303.72,0.36,0.57,2026-04-10,1947,N21,VIIRS,n,2.0NRT,292.34,0.52,N
19.33856,97.59204,304.35,0.36,0.57,2026-04-10,1947,N21,VIIRS,n,2.0NRT,292.23,0.52,N
19.34005,80.76574,308.14,0.54,0.51,2026-04-10,1947,N21,VIIRS,n,2.0NRT,294.95,2.68,N
19.3512,80.75092,306.64,0.54,0.51,2026-04-10,1947,N21,VIIRS,n,2.0NRT,295.8,2.98,N
19.35712,97.55463,313.35,0.36,0.57,2026-04-10,1947,N21,VIIRS,n,2.0NRT,293.31,2.42,N
19.36124,81.30033,305.74,0.5,0.49,2026-04-10,1947,N21,VIIRS,n,2.0NRT,294.21,1.79,N
19.3618,97.55802,330.28,0.36,0.57,2026-04-10,1947,N21,VIIRS,n,2.0NRT,293.78,2.89,N
19.36294,97.56032,342.39,0.36,0.57,2026-04-10,1947,N21,VIIRS,n,2.0NRT,294.26,4.49,N
19.36354,97.55753,324.58,0.36,0.57,2026-04-10,1947,N21,VIIRS,n,2.0NRT,293.81,4.49,N
19.36626,97.5625,321.08,0.36,0.57,2026-04-10,1947,N21,VIIRS,n,2.0NRT,292.84,2.89,N
19.3669,97.55936,318.46,0.36,0.57,2026-04-10,1947,N21,VIIRS,n,2.0NRT,292.96,2.89,N
19.36758,80.7318,307.98,0.54,0.51,2026-04-10,1947,N21,VIIRS,n,2.0NRT,296.51,3.09,N
19.37023,80.73992,306.31,0.54,0.51,2026-04-10,1947,N21,VIIRS,n,2.0NRT,295.45,2.16,N
19.37057,97.43789,310.47,0.35,0.57,2026-04-10,1947,N21,VIIRS,n,2.0NRT,293.06,2.08,N
19.37265,97.58374,309.74,0.36,0.57,2026-04-10,1947,N21,VIIRS,n,2.0NRT,292.75,1.12,N
19.37323,97.58089,314.25,0.36,0.57,2026-04-10,1947,N21,VIIRS,n,2.0NRT,293.37,1.12,N
19.37376,74.12489,307.36,0.74,0.76,2026-04-10,1947,N21,VIIRS,n,2.0NRT,290.85,1.5,N
19.3742,97.58337,314.71,0.36,0.57,2026-04-10,1947,N21,VIIRS,n,2.0NRT,293.44,1.61,N
19.37476,97.58072,317.01,0.36,0.57,2026-04-10,1947,N21,VIIRS,n,2.0NRT,293.63,1.61,N
19.37558,80.74374,306.73,0.54,0.51,2026-04-10,1947,N21,VIIRS,n,2.0NRT,295.71,2.81,N
19.37896,80.74601,307.49,0.54,0.51,2026-04-10,1947,N21,VIIRS,n,2.0NRT,295.9,3.72,N
19.37927,74.12574,319.92,0.74,0.76,2026-04-10,1947,N21,VIIRS,n,2.0NRT,290.9,5.27,N
19.38023,97.58038,304.54,0.36,0.57,2026-04-10,1947,N21,VIIRS,n,2.0NRT,293.05,1.52,N
19.38068,74.12658,309.91,0.74,0.76,2026-04-10,1947,N21,VIIRS,n,2.0NRT,290.66,3.25,N
19.38363,80.74633,306.89,0.54,0.51,2026-04-10,1947,N21,VIIRS,n,2.0NRT,295.89,3.09,N
19.3849,80.74461,308.72,0.54,0.51,2026-04-10,1947,N21,VIIRS,n,2.0NRT,295.93,3.97,N
19.385,97.55798,314,0.35,0.57,2026-04-10,1947,N21,VIIRS,n,2.0NRT,293.34,1.78,N
19.38565,97.58031,314.33,0.36,0.57,2026-04-10,1947,N21,VIIRS,n,2.0NRT,293.15,1.52,N
19.39066,97.58212,312.17,0.36,0.57,2026-04-10,1947,N21,VIIRS,n,2.0NRT,292.94,1.74,N
19.3918,97.55133,304.52,0.35,0.57,2026-04-10,1947,N21,VIIRS,n,2.0NRT,292.51,1.24,N
19.3924,97.54852,308.61,0.35,0.57,2026-04-10,1947,N21,VIIRS,n,2.0NRT,292.77,1.24,N
19.393,97.54573,304.48,0.35,0.57,2026-04-10,1947,N21,VIIRS,n,2.0NRT,292.56,1.4,N
19.39358,97.54296,305.71,0.35,0.57,2026-04-10,1947,N21,VIIRS,n,2.0NRT,292.69,1.4,N
19.39417,97.54019,310.31,0.35,0.57,2026-04-10,1947,N21,VIIRS,n,2.0NRT,293.2,1.6,N
19.3948,97.53725,307.74,0.35,0.57,2026-04-10,1947,N21,VIIRS,n,2.0NRT,292.94,1.6,N
19.39654,80.71539,306.8,0.54,0.51,2026-04-10,1947,N21,VIIRS,n,2.0NRT,296,2.49,N
19.39716,80.70989,307.7,0.54,0.51,2026-04-10,1947,N21,VIIRS,n,2.0NRT,296.9,2.49,N
19.40646,79.45968,312.21,0.33,0.55,2026-04-10,1947,N21,VIIRS,n,2.0NRT,298.09,2.62,N
19.40702,79.46062,310.66,0.33,0.55,2026-04-10,1947,N21,VIIRS,n,2.0NRT,297.96,2.56,N
19.41127,79.41358,309.34,0.33,0.55,2026-04-10,1947,N21,VIIRS,n,2.0NRT,296.71,2.06,N
19.41215,79.41471,309.53,0.33,0.55,2026-04-10,1947,N21,VIIRS,n,2.0NRT,296.8,2.02,N
19.41381,80.77044,309.37,0.54,0.51,2026-04-10,1947,N21,VIIRS,n,2.0NRT,296.36,3.92,N
19.42029,80.75504,325.84,0.54,0.51,2026-04-10,1947,N21,VIIRS,n,2.0NRT,297.69,6.88,N
19.4226,80.81639,306.26,0.53,0.5,2026-04-10,1947,N21,VIIRS,n,2.0NRT,295.13,2.13,N
19.4502,97.81561,305.01,0.37,0.58,2026-04-10,1947,N21,VIIRS,n,2.0NRT,292.08,1.46,N
19.45078,97.81289,304.25,0.37,0.58,2026-04-10,1947,N21,VIIRS,n,2.0NRT,292.36,0.89,N
19.45136,97.81017,306.64,0.37,0.58,2026-04-10,1947,N21,VIIRS,n,2.0NRT,292.17,0.89,N
19.45532,97.81718,309.14,0.37,0.58,2026-04-10,1947,N21,VIIRS,n,2.0NRT,292.23,1.46,N
19.45591,97.81445,303.24,0.37,0.58,2026-04-10,1947,N21,VIIRS,n,2.0NRT,292.23,0.89,N
19.45653,97.81155,305.29,0.37,0.58,2026-04-10,1947,N21,VIIRS,n,2.0NRT,292.18,0.89,N
19.45873,80.74841,308.7,0.54,0.51,2026-04-10,1947,N21,VIIRS,n,2.0NRT,296.02,2.82,N
19.47954,80.65189,311.38,0.55,0.51,2026-04-10,1947,N21,VIIRS,n,2.0NRT,296.42,3.45,N
19.48279,80.7341,311.45,0.54,0.51,2026-04-10,1947,N21,VIIRS,n,2.0NRT,296.97,4.4,N
19.48356,80.73771,315.86,0.54,0.51,2026-04-10,1947,N21,VIIRS,n,2.0NRT,296.79,2.32,N
19.48426,80.73191,306.93,0.54,0.51,2026-04-10,1947,N21,VIIRS,n,2.0NRT,296.88,2.32,N
19.51346,97.69701,305.5,0.36,0.57,2026-04-10,1947,N21,VIIRS,n,2.0NRT,293.05,0.75,N
19.51719,80.72201,310.91,0.54,0.51,2026-04-10,1947,N21,VIIRS,n,2.0NRT,296.86,1.91,N
19.51777,80.71691,311.9,0.54,0.51,2026-04-10,1947,N21,VIIRS,n,2.0NRT,297.62,3.57,N
19.52022,80.65343,307.08,0.55,0.51,2026-04-10,1947,N21,VIIRS,n,2.0NRT,295.8,1.77,N
19.52175,80.7234,311.83,0.54,0.51,2026-04-10,1947,N21,VIIRS,n,2.0NRT,297.38,2.2,N
19.5223,80.71855,311.11,0.54,0.51,2026-04-10,1947,N21,VIIRS,n,2.0NRT,297.04,3.96,N
19.52465,80.90195,305.54,0.53,0.5,2026-04-10,1947,N21,VIIRS,n,2.0NRT,294.11,2.62,N
19.52585,80.7289,312.4,0.54,0.51,2026-04-10,1947,N21,VIIRS,n,2.0NRT,296.65,2.2,N
19.52634,80.72459,311.4,0.54,0.51,2026-04-10,1947,N21,VIIRS,n,2.0NRT,296.44,2.2,N
19.53273,80.91273,303.57,0.53,0.5,2026-04-10,1947,N21,VIIRS,n,2.0NRT,293.15,1.56,N
19.53328,80.90802,312.71,0.53,0.5,2026-04-10,1947,N21,VIIRS,n,2.0NRT,294.51,3.08,N
19.53389,80.94257,307.77,0.52,0.5,2026-04-10,1947,N21,VIIRS,n,2.0NRT,293.27,2.43,N
19.53985,78.46915,305.34,0.38,0.59,2026-04-10,1947,N21,VIIRS,n,2.0NRT,294.36,1.12,N
19.54767,80.90468,304.59,0.53,0.5,2026-04-10,1947,N21,VIIRS,n,2.0NRT,290.86,2.37,N
19.54826,80.89971,305.18,0.53,0.5,2026-04-10,1947,N21,VIIRS,n,2.0NRT,293.05,1.55,N
19.54844,80.13516,314.83,0.59,0.53,2026-04-10,1947,N21,VIIRS,n,2.0NRT,295.74,3.35,N
19.54954,80.13375,314.61,0.59,0.53,2026-04-10,1947,N21,VIIRS,n,2.0NRT,296.09,3.51,N
19.55082,80.83818,308.64,0.53,0.5,2026-04-10,1947,N21,VIIRS,n,2.0NRT,295.98,2.47,N
19.56327,80.69138,311.97,0.55,0.51,2026-04-10,1947,N21,VIIRS,n,2.0NRT,297.18,3.22,N
19.57051,80.75066,307.68,0.54,0.51,2026-04-10,1947,N21,VIIRS,n,2.0NRT,295.43,3.39,N
19.57102,80.74635,312.71,0.54,0.51,2026-04-10,1947,N21,VIIRS,n,2.0NRT,296.42,4.49,N
19.57801,80.84615,312.77,0.53,0.5,2026-04-10,1947,N21,VIIRS,n,2.0NRT,296.19,3.42,N
19.57903,80.79819,305.09,0.54,0.51,2026-04-10,1947,N21,VIIRS,n,2.0NRT,294.07,1.49,N
19.57952,80.9921,306.83,0.52,0.5,2026-04-10,1947,N21,VIIRS,n,2.0NRT,293.89,3.38,N
19.58215,80.84486,307.15,0.53,0.5,2026-04-10,1947,N21,VIIRS,n,2.0NRT,294.63,4.15,N
19.5825,80.76891,305.97,0.54,0.51,2026-04-10,1947,N21,VIIRS,n,2.0NRT,295.68,3.26,N
19.5828,80.797,304.99,0.54,0.51,2026-04-10,1947,N21,VIIRS,n,2.0NRT,293.72,2.41,N
19.58367,80.79881,304.55,0.54,0.51,2026-04-10,1947,N21,VIIRS,n,2.0NRT,293.39,1.49,N
19.58549,80.77289,320.09,0.54,0.51,2026-04-10,1947,N21,VIIRS,n,2.0NRT,296.69,3.35,N
19.58607,80.7677,314.86,0.54,0.51,2026-04-10,1947,N21,VIIRS,n,2.0NRT,296.43,3.09,N
19.58651,80.77486,319.71,0.54,0.51,2026-04-10,1947,N21,VIIRS,n,2.0NRT,296.54,4.31,N
19.58709,80.76997,321.52,0.54,0.51,2026-04-10,1947,N21,VIIRS,n,2.0NRT,296.5,3.26,N
19.58958,80.77846,314.33,0.54,0.51,2026-04-10,1947,N21,VIIRS,n,2.0NRT,295.81,3.35,N
19.59013,80.77354,324.53,0.54,0.51,2026-04-10,1947,N21,VIIRS,n,2.0NRT,296.32,3.35,N
19.59055,80.78047,305.35,0.54,0.51,2026-04-10,1947,N21,VIIRS,n,2.0NRT,294.82,2.16,N
19.59071,80.76838,307.22,0.54,0.51,2026-04-10,1947,N21,VIIRS,n,2.0NRT,295.63,3.09,N
19.59114,80.77552,315.52,0.54,0.51,2026-04-10,1947,N21,VIIRS,n,2.0NRT,295.86,2.16,N
19.59174,80.77043,316.78,0.54,0.51,2026-04-10,1947,N21,VIIRS,n,2.0NRT,296.12,4.21,N
19.59478,80.77407,311.35,0.54,0.51,2026-04-10,1947,N21,VIIRS,n,2.0NRT,295.76,3.1,N
19.59577,80.77617,311.02,0.54,0.51,2026-04-10,1947,N21,VIIRS,n,2.0NRT,295.65,2.16,N
19.59943,80.77463,316.72,0.54,0.51,2026-04-10,1947,N21,VIIRS,n,2.0NRT,295.63,3.1,N
19.60408,80.77515,309.02,0.54,0.51,2026-04-10,1947,N21,VIIRS,n,2.0NRT,295.13,3.05,N
19.61925,94.53703,322.55,0.45,0.47,2026-04-10,1947,N21,VIIRS,n,2.0NRT,296.93,3.14,N
19.62085,80.87537,307.8,0.53,0.5,2026-04-10,1947,N21,VIIRS,n,2.0NRT,295.05,3.38,N
19.62344,94.53815,316.71,0.45,0.47,2026-04-10,1947,N21,VIIRS,n,2.0NRT,295.98,2.29,N
19.66879,80.74558,307.99,0.54,0.51,2026-04-10,1947,N21,VIIRS,n,2.0NRT,295.52,2.81,N
19.6804,97.3463,301.62,0.34,0.56,2026-04-10,1947,N21,VIIRS,n,2.0NRT,291.12,0.43,N
19.7036,97.8314,301.23,0.36,0.58,2026-04-10,1947,N21,VIIRS,n,2.0NRT,290.57,0.74,N
19.71074,97.82342,305.51,0.36,0.58,2026-04-10,1947,N21,VIIRS,n,2.0NRT,291.56,1.1,N
19.71305,78.86034,306.1,0.36,0.58,2026-04-10,1947,N21,VIIRS,n,2.0NRT,293.77,0.88,N
19.72255,79.1742,308.69,0.34,0.56,2026-04-10,1947,N21,VIIRS,n,2.0NRT,298.63,1.71,N
19.74384,97.74351,307.2,0.36,0.57,2026-04-10,1947,N21,VIIRS,n,2.0NRT,292.95,2.79,N
19.74457,81.28492,304.92,0.5,0.49,2026-04-10,1947,N21,VIIRS,n,2.0NRT,291.68,1.6,N
19.74704,81.28296,306.04,0.5,0.49,2026-04-10,1947,N21,VIIRS,n,2.0NRT,292.47,1.29,N
19.7473,97.80472,304.01,0.36,0.58,2026-04-10,1947,N21,VIIRS,n,2.0NRT,286.73,2.2,N
19.74766,97.80679,303.72,0.36,0.58,2026-04-10,1947,N21,VIIRS,n,2.0NRT,284.06,0.77,N
19.74839,97.74759,307.86,0.36,0.57,2026-04-10,1947,N21,VIIRS,n,2.0NRT,292.63,2.38,N
19.78476,79.14645,308.62,0.35,0.57,2026-04-10,1947,N21,VIIRS,n,2.0NRT,298.18,1.77,N
19.79493,80.74647,310.64,0.54,0.51,2026-04-10,1947,N21,VIIRS,n,2.0NRT,295.33,3.24,N
19.79761,80.74899,306.6,0.54,0.51,2026-04-10,1947,N21,VIIRS,n,2.0NRT,294.39,2.49,N
19.82599,93.99921,305.96,0.41,0.45,2026-04-10,1947,N21,VIIRS,n,2.0NRT,293.26,0.81,N
19.82749,96.17128,314.61,0.57,0.52,2026-04-10,1947,N21,VIIRS,n,2.0NRT,294.09,2.65,N
19.85376,82.17699,303.34,0.44,0.46,2026-04-10,1947,N21,VIIRS,n,2.0NRT,291.32,0.7,N
19.86024,80.82157,303.6,0.54,0.51,2026-04-10,1947,N21,VIIRS,n,2.0NRT,292.5,4.24,N
19.86486,80.82235,326.17,0.54,0.51,2026-04-10,1947,N21,VIIRS,n,2.0NRT,296.44,4.24,N
19.86549,80.8169,313.35,0.54,0.51,2026-04-10,1947,N21,VIIRS,n,2.0NRT,295.49,3.23,N
19.86947,80.82329,307.85,0.54,0.51,2026-04-10,1947,N21,VIIRS,n,2.0NRT,294.6,3.47,N
19.92205,80.84837,313.76,0.54,0.51,2026-04-10,1947,N21,VIIRS,n,2.0NRT,294.42,2.78,N
19.92222,97.13644,305.74,0.33,0.55,2026-04-10,1947,N21,VIIRS,n,2.0NRT,290.62,1.23,N
19.96021,79.33533,311.49,0.34,0.56,2026-04-10,1947,N21,VIIRS,n,2.0NRT,293.84,2,N
19.96302,79.33324,315.48,0.34,0.56,2026-04-10,1947,N21,VIIRS,n,2.0NRT,295.82,2.28,N
20.00464,79.18266,307.21,0.35,0.57,2026-04-10,1947,N21,VIIRS,n,2.0NRT,296.02,1.13,N
20.01094,79.32255,305.56,0.34,0.56,2026-04-10,1947,N21,VIIRS,n,2.0NRT,294.75,1.39,N
20.0792,81.99123,303.5,0.46,0.47,2026-04-10,1947,N21,VIIRS,n,2.0NRT,291.89,0.94,N
20.13477,83.68496,305.15,0.54,0.42,2026-04-10,1947,N21,VIIRS,n,2.0NRT,294.89,2.33,N
20.13616,83.67416,305.77,0.54,0.42,2026-04-10,1947,N21,VIIRS,n,2.0NRT,294.47,2.17,N
20.16943,83.72175,306.09,0.54,0.42,2026-04-10,1947,N21,VIIRS,n,2.0NRT,294.56,1.97,N
20.1711,83.67906,307.69,0.54,0.42,2026-04-10,1947,N21,VIIRS,n,2.0NRT,293.88,1.49,N
20.17328,83.72243,304.93,0.54,0.42,2026-04-10,1947,N21,VIIRS,n,2.0NRT,294.53,2.04,N
20.1783,83.74407,305.33,0.54,0.42,2026-04-10,1947,N21,VIIRS,n,2.0NRT,294.68,1.35,N
20.18147,83.74983,305,0.54,0.42,2026-04-10,1947,N21,VIIRS,n,2.0NRT,294.76,1.84,N
20.18213,83.74489,310.18,0.54,0.42,2026-04-10,1947,N21,VIIRS,n,2.0NRT,294.46,1.35,N
20.18361,83.74713,304.95,0.54,0.42,2026-04-10,1947,N21,VIIRS,n,2.0NRT,294.11,1.41,N
20.18457,82.42928,307.9,0.43,0.46,2026-04-10,1947,N21,VIIRS,n,2.0NRT,295.21,1.32,N
20.18873,82.43008,305.3,0.43,0.46,2026-04-10,1947,N21,VIIRS,n,2.0NRT,294.35,0.87,N
20.19204,82.43792,305.48,0.43,0.46,2026-04-10,1947,N21,VIIRS,n,2.0NRT,295.42,2.53,N
20.19367,83.74689,305.49,0.54,0.42,2026-04-10,1947,N21,VIIRS,n,2.0NRT,293.68,1.93,N
20.19517,83.7491,308.08,0.54,0.42,2026-04-10,1947,N21,VIIRS,n,2.0NRT,294.44,1.59,N
20.20048,83.5763,310.84,0.55,0.43,2026-04-10,1947,N21,VIIRS,n,2.0NRT,296.1,3.55,N
20.2361,83.67576,303.78,0.55,0.42,2026-04-10,1947,N21,VIIRS,n,2.0NRT,293.5,1.51,N
20.24879,78.58054,321.52,0.38,0.59,2026-04-10,1947,N21,VIIRS,n,2.0NRT,295.35,4.81,N
20.24917,78.57688,355.37,0.38,0.59,2026-04-10,1947,N21,VIIRS,n,2.0NRT,297.03,4.81,N
20.25109,78.5807,321.08,0.38,0.59,2026-04-10,1947,N21,VIIRS,n,2.0NRT,295.59,3.82,N
20.25145,78.57705,367,0.38,0.59,2026-04-10,1947,N21,VIIRS,h,2.0NRT,297.43,3.82,N
20.25459,78.57743,318.92,0.38,0.59,2026-04-10,1947,N21,VIIRS,n,2.0NRT,294.74,1.38,N
20.25687,78.57754,305.5,0.38,0.59,2026-04-10,1947,N21,VIIRS,n,2.0NRT,294.16,3.82,N
20.26003,78.57781,305.58,0.38,0.59,2026-04-10,1947,N21,VIIRS,n,2.0NRT,294.13,1.38,N
20.2678,83.67542,305.22,0.55,0.42,2026-04-10,1947,N21,VIIRS,n,2.0NRT,293.7,1.11,N
20.27169,83.67597,312.76,0.55,0.42,2026-04-10,1947,N21,VIIRS,n,2.0NRT,294.57,2.92,N
20.27238,83.67065,304.98,0.55,0.42,2026-04-10,1947,N21,VIIRS,n,2.0NRT,294.08,2.35,N
20.28232,83.65527,307.45,0.55,0.43,2026-04-10,1947,N21,VIIRS,n,2.0NRT,296.04,2.35,N
20.2989,84.02506,303.55,0.52,0.42,2026-04-10,1947,N21,VIIRS,n,2.0NRT,292.35,1.77,N
20.30869,83.60565,307.99,0.55,0.43,2026-04-10,1947,N21,VIIRS,n,2.0NRT,295.79,2.66,N
20.30958,83.6031,310.74,0.55,0.43,2026-04-10,1947,N21,VIIRS,n,2.0NRT,296.15,3.97,N
20.31421,83.59781,309.85,0.55,0.43,2026-04-10,1947,N21,VIIRS,n,2.0NRT,296.53,3.02,N
20.31651,83.60669,309.26,0.55,0.43,2026-04-10,1947,N21,VIIRS,n,2.0NRT,295.38,3.48,N
20.31897,83.61814,306.06,0.55,0.43,2026-04-10,1947,N21,VIIRS,n,2.0NRT,295.08,1.3,N
20.32287,83.61871,305.58,0.55,0.43,2026-04-10,1947,N21,VIIRS,n,2.0NRT,294.65,1.3,N
20.33797,83.96426,305.03,0.53,0.42,2026-04-10,1947,N21,VIIRS,n,2.0NRT,293.24,1.37,N
20.37319,80.29096,309.3,0.59,0.53,2026-04-10,1947,N21,VIIRS,n,2.0NRT,297.29,3.11,N
20.40377,83.49032,312.1,0.56,0.43,2026-04-10,1947,N21,VIIRS,n,2.0NRT,295.97,1.86,N
20.41476,81.39326,318.32,0.5,0.49,2026-04-10,1947,N21,VIIRS,n,2.0NRT,296.18,2.55,N
20.41578,83.77426,305.59,0.54,0.42,2026-04-10,1947,N21,VIIRS,n,2.0NRT,294.86,3.11,N
20.42355,83.77515,305.68,0.54,0.42,2026-04-10,1947,N21,VIIRS,n,2.0NRT,294.93,1.51,N
20.43222,83.73812,306.58,0.54,0.42,2026-04-10,1947,N21,VIIRS,n,2.0NRT,296.39,2.61,N
20.45541,80.51168,308.67,0.58,0.52,2026-04-10,1947,N21,VIIRS,n,2.0NRT,295.96,3.32,N
20.50893,83.786,308.61,0.54,0.42,2026-04-10,1947,N21,VIIRS,n,2.0NRT,297.51,3.72,N
20.51004,83.78846,308.43,0.54,0.42,2026-04-10,1947,N21,VIIRS,n,2.0NRT,297.48,2.93,N
20.53636,84.12868,305.28,0.52,0.41,2026-04-10,1947,N21,VIIRS,n,2.0NRT,294.15,0.95,N
20.5457,84.14568,309.7,0.52,0.41,2026-04-10,1947,N21,VIIRS,n,2.0NRT,295.33,1.53,N
20.55004,96.38603,302.27,0.57,0.52,2026-04-10,1947,N21,VIIRS,n,2.0NRT,290.77,0.87,N
20.5546,96.3876,304.61,0.57,0.52,2026-04-10,1947,N21,VIIRS,n,2.0NRT,291.09,1.46,N
20.57048,94.13554,307.25,0.41,0.45,2026-04-10,1947,N21,VIIRS,n,2.0NRT,296.67,1.9,N
20.57304,94.14436,309.25,0.41,0.45,2026-04-10,1947,N21,VIIRS,n,2.0NRT,296.44,1.18,N
20.57376,94.1405,307.87,0.41,0.45,2026-04-10,1947,N21,VIIRS,n,2.0NRT,296.05,1.18,N
20.57709,94.14522,308.37,0.41,0.45,2026-04-10,1947,N21,VIIRS,n,2.0NRT,296.37,1.18,N
20.57755,84.10751,305.71,0.52,0.42,2026-04-10,1947,N21,VIIRS,n,2.0NRT,295.2,1.47,N
20.57761,84.10984,305.65,0.52,0.42,2026-04-10,1947,N21,VIIRS,n,2.0NRT,295.22,1.53,N
20.59017,84.21916,306.71,0.51,0.41,2026-04-10,1947,N21,VIIRS,n,2.0NRT,294.7,2.48,N
20.61231,84.22666,312.69,0.51,0.41,2026-04-10,1947,N21,VIIRS,n,2.0NRT,295,3.16,N
20.61297,84.22167,336.36,0.51,0.41,2026-04-10,1947,N21,VIIRS,n,2.0NRT,296.6,4.79,N
20.61361,84.21681,315.89,0.52,0.41,2026-04-10,1947,N21,VIIRS,n,2.0NRT,295.9,4.79,N
20.62389,84.13851,308.17,0.52,0.42,2026-04-10,1947,N21,VIIRS,n,2.0NRT,296.8,3.1,N
20.63676,94.03088,302.6,0.4,0.44,2026-04-10,1947,N21,VIIRS,n,2.0NRT,292.18,0.89,N
20.64018,94.03487,307.22,0.4,0.44,2026-04-10,1947,N21,VIIRS,n,2.0NRT,292.04,0.89,N
20.64282,94.02112,306.38,0.4,0.44,2026-04-10,1947,N21,VIIRS,n,2.0NRT,292.85,1.2,N
20.64427,94.03536,308.63,0.4,0.44,2026-04-10,1947,N21,VIIRS,n,2.0NRT,291.77,0.92,N
20.64554,94.02873,309.48,0.4,0.44,2026-04-10,1947,N21,VIIRS,n,2.0NRT,292.55,1.72,N
20.64752,94.01837,322.17,0.4,0.44,2026-04-10,1947,N21,VIIRS,n,2.0NRT,293.93,3.1,N
20.64832,94.036,301.15,0.4,0.44,2026-04-10,1947,N21,VIIRS,n,2.0NRT,290.28,0.92,N
20.65234,94.03685,309.63,0.4,0.44,2026-04-10,1947,N21,VIIRS,n,2.0NRT,291.08,1.78,N
20.65547,94.04242,308.24,0.4,0.44,2026-04-10,1947,N21,VIIRS,n,2.0NRT,292.2,1.81,N
20.65627,94.03819,322.52,0.4,0.44,2026-04-10,1947,N21,VIIRS,n,2.0NRT,292.51,1.78,N
20.69826,78.63643,306.93,0.39,0.59,2026-04-10,1947,N21,VIIRS,n,2.0NRT,295.12,1.84,N
20.70514,78.62226,305.99,0.39,0.59,2026-04-10,1947,N21,VIIRS,n,2.0NRT,295.17,1.22,N
20.71176,84.66052,305.24,0.49,0.4,2026-04-10,1947,N21,VIIRS,n,2.0NRT,295.24,1.12,N
20.71247,84.65534,306.96,0.49,0.4,2026-04-10,1947,N21,VIIRS,n,2.0NRT,295.85,1.87,N
20.72611,93.36363,303.71,0.55,0.43,2026-04-10,1947,N21,VIIRS,n,2.0NRT,291.42,1.5,N
20.73518,94.00253,302.82,0.4,0.44,2026-04-10,1947,N21,VIIRS,n,2.0NRT,290.39,1.27,N
20.73638,94.0116,319.04,0.4,0.44,2026-04-10,1947,N21,VIIRS,n,2.0NRT,291.66,1.81,N
20.73709,94.01428,305.78,0.4,0.44,2026-04-10,1947,N21,VIIRS,n,2.0NRT,290.59,1.16,N
20.73772,94.00437,302.78,0.4,0.44,2026-04-10,1947,N21,VIIRS,n,2.0NRT,291.13,1.07,N
20.73781,94.01052,311.35,0.4,0.44,2026-04-10,1947,N21,VIIRS,n,2.0NRT,291.72,1.16,N
20.73842,94.0006,301.51,0.4,0.44,2026-04-10,1947,N21,VIIRS,n,2.0NRT,291.18,1.02,N
20.73989,93.99968,303.59,0.4,0.44,2026-04-10,1947,N21,VIIRS,n,2.0NRT,291.42,1.19,N
20.74309,94.00474,301.53,0.4,0.44,2026-04-10,1947,N21,VIIRS,n,2.0NRT,291.46,0.99,N
20.75991,85.29767,320.27,0.46,0.39,2026-04-10,1947,N21,VIIRS,n,2.0NRT,299.05,3.5,N
20.76051,85.29326,320.39,0.46,0.39,2026-04-10,1947,N21,VIIRS,n,2.0NRT,299.06,3.15,N
20.78621,85.26587,310.4,0.46,0.39,2026-04-10,1947,N21,VIIRS,n,2.0NRT,298.35,2.55,N
20.78681,85.26148,318.3,0.46,0.39,2026-04-10,1947,N21,VIIRS,n,2.0NRT,299.06,2.21,N
20.79099,85.25767,310.27,0.46,0.39,2026-04-10,1947,N21,VIIRS,n,2.0NRT,297.59,2.21,N
20.79518,85.25386,331.31,0.46,0.39,2026-04-10,1947,N21,VIIRS,n,2.0NRT,299.66,7.77,N
20.79817,85.25879,315.8,0.46,0.39,2026-04-10,1947,N21,VIIRS,n,2.0NRT,297.46,3.06,N
20.80596,85.25547,324.75,0.46,0.39,2026-04-10,1947,N21,VIIRS,n,2.0NRT,300.14,3.86,N
20.8188,80.08666,309.62,0.62,0.54,2026-04-10,1947,N21,VIIRS,n,2.0NRT,295.76,3.79,N
20.83444,97.73069,299.45,0.34,0.56,2026-04-10,1947,N21,VIIRS,n,2.0NRT,288.59,0.43,N
20.83685,86.96098,312.99,0.4,0.37,2026-04-10,1947,N21,VIIRS,n,2.0NRT,295.98,1.17,N
20.85748,94.00089,305.3,0.4,0.44,2026-04-10,1947,N21,VIIRS,n,2.0NRT,292.71,0.44,N
20.85792,93.97691,303,0.4,0.44,2026-04-10,1947,N21,VIIRS,n,2.0NRT,290.8,0.63,N
20.86371,84.99625,324.88,0.47,0.4,2026-04-10,1947,N21,VIIRS,n,2.0NRT,297.09,2.33,N
20.86432,84.99176,309.01,0.47,0.4,2026-04-10,1947,N21,VIIRS,n,2.0NRT,297.72,1.46,N
20.86493,84.98729,306.41,0.47,0.4,2026-04-10,1947,N21,VIIRS,n,2.0NRT,295.99,1.46,N
20.86874,93.9855,305.28,0.4,0.44,2026-04-10,1947,N21,VIIRS,n,2.0NRT,294.18,1.71,N
20.87464,93.93291,320,0.39,0.44,2026-04-10,1947,N21,VIIRS,n,2.0NRT,289.86,1.95,N
20.87952,93.97251,307.31,0.4,0.44,2026-04-10,1947,N21,VIIRS,n,2.0NRT,295.51,1.44,N
20.88439,84.98096,329.26,0.47,0.4,2026-04-10,1947,N21,VIIRS,n,2.0NRT,297.65,3.24,N
20.88803,84.98148,314.76,0.47,0.4,2026-04-10,1947,N21,VIIRS,n,2.0NRT,296.7,3.24,N
20.88884,84.97959,313.3,0.48,0.4,2026-04-10,1947,N21,VIIRS,n,2.0NRT,296.02,2.44,N
20.89533,93.95475,307.38,0.39,0.44,2026-04-10,1947,N21,VIIRS,n,2.0NRT,292.61,1.17,N
20.89902,93.87002,295.89,0.39,0.44,2026-04-10,1947,N21,VIIRS,n,2.0NRT,281.08,0.69,N
20.90672,93.91633,300.16,0.39,0.44,2026-04-10,1947,N21,VIIRS,n,2.0NRT,287.62,0.57,N
20.90917,93.83825,302.05,0.39,0.44,2026-04-10,1947,N21,VIIRS,n,2.0NRT,289.67,0.49,N
20.91716,93.83949,300.2,0.39,0.44,2026-04-10,1947,N21,VIIRS,n,2.0NRT,288.9,0.9,N
20.92363,86.0413,309.42,0.43,0.38,2026-04-10,1947,N21,VIIRS,n,2.0NRT,296.27,1.58,N
20.95081,86.04986,312.7,0.43,0.38,2026-04-10,1947,N21,VIIRS,n,2.0NRT,296.48,1.75,N
20.95185,85.06281,312.17,0.47,0.4,2026-04-10,1947,N21,VIIRS,n,2.0NRT,296.69,2.46,N
20.955,85.01259,324.13,0.47,0.4,2026-04-10,1947,N21,VIIRS,n,2.0NRT,300.16,3.14,N
20.95562,85.00806,313.77,0.47,0.4,2026-04-10,1947,N21,VIIRS,n,2.0NRT,298.67,3.14,N
20.95879,85.17348,308.67,0.47,0.39,2026-04-10,1947,N21,VIIRS,n,2.0NRT,298.23,3.43,N
20.96056,85.18732,315.83,0.47,0.39,2026-04-10,1947,N21,VIIRS,n,2.0NRT,298.92,3.67,N
20.96241,85.17401,329.38,0.47,0.39,2026-04-10,1947,N21,VIIRS,n,2.0NRT,299.49,3.43,N
20.96302,85.16956,328.85,0.47,0.39,2026-04-10,1947,N21,VIIRS,n,2.0NRT,299.73,4.06,N
20.96335,86.05125,307.62,0.43,0.38,2026-04-10,1947,N21,VIIRS,n,2.0NRT,296.3,1.7,N
20.96356,85.19225,312.57,0.46,0.39,2026-04-10,1947,N21,VIIRS,n,2.0NRT,298.94,2.57,N
20.96365,85.16509,319.99,0.47,0.39,2026-04-10,1947,N21,VIIRS,n,2.0NRT,299.19,4.06,N
20.96417,85.18787,331.98,0.47,0.39,2026-04-10,1947,N21,VIIRS,n,2.0NRT,299.08,2.72,N
20.96423,86.00589,313.98,0.43,0.38,2026-04-10,1947,N21,VIIRS,n,2.0NRT,295.97,3.15,N
20.96478,85.18345,310.73,0.47,0.39,2026-04-10,1947,N21,VIIRS,n,2.0NRT,297.47,2.72,N
20.96592,85.0142,307.78,0.47,0.4,2026-04-10,1947,N21,VIIRS,n,2.0NRT,297.56,1.58,N
20.96602,85.17455,314.8,0.47,0.39,2026-04-10,1947,N21,VIIRS,n,2.0NRT,297.6,4.14,N
20.96664,85.1701,326.85,0.47,0.39,2026-04-10,1947,N21,VIIRS,n,2.0NRT,298.78,3.14,N
20.96708,85.03284,310.19,0.47,0.4,2026-04-10,1947,N21,VIIRS,n,2.0NRT,297.16,3.42,N
20.96877,85.07453,309.37,0.47,0.4,2026-04-10,1947,N21,VIIRS,n,2.0NRT,296.88,2.49,N
20.96901,85.17955,310.98,0.47,0.39,2026-04-10,1947,N21,VIIRS,n,2.0NRT,296.77,4.14,N
20.96912,85.15224,329.87,0.47,0.39,2026-04-10,1947,N21,VIIRS,n,2.0NRT,299.59,4.69,N
20.96963,85.17509,344.83,0.47,0.39,2026-04-10,1947,N21,VIIRS,n,2.0NRT,301.73,4.14,N
20.97025,85.17063,308.64,0.47,0.39,2026-04-10,1947,N21,VIIRS,n,2.0NRT,297.89,3.14,N
20.97063,85.17794,335.72,0.47,0.39,2026-04-10,1947,N21,VIIRS,n,2.0NRT,299.12,2.8,N
20.97123,85.17348,309.95,0.47,0.39,2026-04-10,1947,N21,VIIRS,n,2.0NRT,298.03,2.8,N
20.97182,85.16901,309.36,0.47,0.39,2026-04-10,1947,N21,VIIRS,n,2.0NRT,297.94,3.5,N
20.97283,85.12546,308.57,0.47,0.4,2026-04-10,1947,N21,VIIRS,n,2.0NRT,298.05,2.68,N
20.97324,85.17564,309.85,0.47,0.39,2026-04-10,1947,N21,VIIRS,n,2.0NRT,297.49,1.23,N
20.97484,85.17401,313.57,0.47,0.39,2026-04-10,1947,N21,VIIRS,n,2.0NRT,297.69,2.8,N
20.97748,85.1717,310.39,0.47,0.39,2026-04-10,1947,N21,VIIRS,n,2.0NRT,297.33,2.48,N
20.97883,85.13546,312.7,0.47,0.4,2026-04-10,1947,N21,VIIRS,n,2.0NRT,298.24,2.96,N
21.00205,94.19056,308.94,0.41,0.45,2026-04-10,1947,N21,VIIRS,n,2.0NRT,295.99,2.4,N
21.00679,93.96671,303.85,0.39,0.44,2026-04-10,1947,N21,VIIRS,n,2.0NRT,292.25,1.32,N
21.00752,93.96282,308.85,0.39,0.44,2026-04-10,1947,N21,VIIRS,n,2.0NRT,292.42,1.64,N
21.00991,93.97214,309.22,0.39,0.44,2026-04-10,1947,N21,VIIRS,n,2.0NRT,293.37,1.68,N
21.01064,93.96823,313.34,0.39,0.44,2026-04-10,1947,N21,VIIRS,n,2.0NRT,292.55,1.68,N
21.01139,93.96426,318.47,0.39,0.44,2026-04-10,1947,N21,VIIRS,n,2.0NRT,292.12,2.01,N
21.0558,94.01458,304.34,0.4,0.44,2026-04-10,1947,N21,VIIRS,n,2.0NRT,294.02,1.47,N
21.05869,93.97651,304.26,0.39,0.44,2026-04-10,1947,N21,VIIRS,n,2.0NRT,290.2,0.59,N
21.06048,94.01169,306.98,0.39,0.44,2026-04-10,1947,N21,VIIRS,n,2.0NRT,294.45,1.06,N
21.06225,94.01105,310.1,0.39,0.44,2026-04-10,1947,N21,VIIRS,n,2.0NRT,294.08,2.38,N
21.0645,94.01233,305.55,0.39,0.44,2026-04-10,1947,N21,VIIRS,n,2.0NRT,293.43,1.06,N
21.06971,94.01538,334.67,0.39,0.44,2026-04-10,1947,N21,VIIRS,n,2.0NRT,295.34,2.26,N
21.0738,94.01566,304.52,0.39,0.44,2026-04-10,1947,N21,VIIRS,n,2.0NRT,292.18,2.26,N
21.0783,85.03841,321.95,0.47,0.4,2026-04-10,1947,N21,VIIRS,n,2.0NRT,300.88,2.93,N
21.07892,85.0339,313.94,0.47,0.4,2026-04-10,1947,N21,VIIRS,n,2.0NRT,300.56,2.93,N
21.08044,92.98383,308.63,0.52,0.41,2026-04-10,1947,N21,VIIRS,n,2.0NRT,292.5,1.35,N
21.08163,80.2065,314.6,0.61,0.54,2026-04-10,1947,N21,VIIRS,n,2.0NRT,295.09,2.89,N
21.093,84.44875,304.43,0.51,0.41,2026-04-10,1947,N21,VIIRS,n,2.0NRT,294.12,2.43,N
21.09364,84.44386,322.74,0.51,0.41,2026-04-10,1947,N21,VIIRS,n,2.0NRT,294.37,2.43,N
21.0958,94.03074,306.71,0.4,0.44,2026-04-10,1947,N21,VIIRS,n,2.0NRT,292.03,1.25,N
21.11943,94.08147,315.64,0.4,0.44,2026-04-10,1947,N21,VIIRS,n,2.0NRT,292.9,1.79,N
21.12279,94.08566,302.88,0.4,0.44,2026-04-10,1947,N21,VIIRS,n,2.0NRT,292.31,0.93,N
21.12348,94.08202,324.61,0.4,0.44,2026-04-10,1947,N21,VIIRS,n,2.0NRT,293.45,2.43,N
21.18918,81.39051,308.97,0.52,0.5,2026-04-10,1947,N21,VIIRS,n,2.0NRT,297.61,3.89,N
21.19546,81.41624,304.97,0.51,0.5,2026-04-10,1947,N21,VIIRS,n,2.0NRT,294.87,0.92,N
21.20797,84.54291,305.74,0.5,0.41,2026-04-10,1947,N21,VIIRS,n,2.0NRT,295.04,1.5,N
21.21422,79.58187,300.3,0.34,0.56,2026-04-10,1947,N21,VIIRS,n,2.0NRT,289.75,0.16,N
21.23279,79.63056,307.42,0.34,0.56,2026-04-10,1947,N21,VIIRS,n,2.0NRT,296.5,1.53,N
21.2414,79.22401,307.92,0.36,0.57,2026-04-10,1947,N21,VIIRS,n,2.0NRT,294.94,1.03,N
21.24152,79.22428,309.38,0.36,0.57,2026-04-10,1947,N21,VIIRS,n,2.0NRT,295.14,1.17,N
21.24665,79.22462,308.62,0.36,0.57,2026-04-10,1947,N21,VIIRS,n,2.0NRT,295.82,1.03,N
21.24677,79.22491,305.03,0.36,0.57,2026-04-10,1947,N21,VIIRS,n,2.0NRT,295.02,1.17,N
21.24701,79.22119,306.27,0.36,0.57,2026-04-10,1947,N21,VIIRS,n,2.0NRT,294.49,1.03,N
21.24711,79.22147,309.2,0.36,0.57,2026-04-10,1947,N21,VIIRS,n,2.0NRT,294.58,1.17,N
21.24759,80.69775,312.98,0.57,0.52,2026-04-10,1947,N21,VIIRS,n,2.0NRT,296.38,2.3,N
21.24808,79.21086,317.82,0.36,0.57,2026-04-10,1947,N21,VIIRS,n,2.0NRT,294.3,1.95,N
21.24811,79.21112,317.66,0.36,0.57,2026-04-10,1947,N21,VIIRS,n,2.0NRT,294.28,2.03,N
21.25235,80.69841,307.82,0.57,0.52,2026-04-10,1947,N21,VIIRS,n,2.0NRT,295.26,2.3,N
21.2524,79.48784,301.49,0.34,0.56,2026-04-10,1947,N21,VIIRS,n,2.0NRT,290.97,0.79,N
21.25298,79.2149,307.58,0.36,0.57,2026-04-10,1947,N21,VIIRS,n,2.0NRT,293.49,0.83,N
21.25303,79.21517,304.94,0.36,0.57,2026-04-10,1947,N21,VIIRS,n,2.0NRT,293.34,1.09,N
21.26896,79.16107,309.29,0.36,0.57,2026-04-10,1947,N21,VIIRS,n,2.0NRT,292.67,1.21,N
21.27424,79.16165,303.75,0.36,0.57,2026-04-10,1947,N21,VIIRS,n,2.0NRT,292.22,1.21,N
21.28154,93.88847,296.27,0.39,0.44,2026-04-10,1947,N21,VIIRS,n,2.0NRT,282.27,1.28,N
21.28434,79.43103,313.25,0.35,0.56,2026-04-10,1947,N21,VIIRS,n,2.0NRT,290.98,1.77,N
21.29232,94.58569,306.34,0.42,0.45,2026-04-10,1947,N21,VIIRS,n,2.0NRT,293.78,0.89,N
21.29322,94.03587,307.57,0.39,0.44,2026-04-10,1947,N21,VIIRS,n,2.0NRT,293.1,1.22,N
21.29715,94.03694,304.76,0.39,0.44,2026-04-10,1947,N21,VIIRS,n,2.0NRT,293.67,1.22,N
21.29909,81.60529,308.5,0.5,0.49,2026-04-10,1947,N21,VIIRS,n,2.0NRT,295.62,1.34,N
21.30039,94.04164,306.51,0.39,0.44,2026-04-10,1947,N21,VIIRS,n,2.0NRT,293.83,1.22,N
21.30233,79.45997,301.98,0.35,0.56,2026-04-10,1947,N21,VIIRS,n,2.0NRT,290.09,0.77,N
21.30268,79.45667,301.39,0.35,0.56,2026-04-10,1947,N21,VIIRS,n,2.0NRT,290.05,0.91,N
21.30278,93.90008,319.27,0.39,0.44,2026-04-10,1947,N21,VIIRS,n,2.0NRT,287.89,2.57,N
21.30393,93.90039,319.97,0.39,0.44,2026-04-10,1947,N21,VIIRS,n,2.0NRT,288.43,3,N
21.30653,93.90189,322.23,0.39,0.44,2026-04-10,1947,N21,VIIRS,n,2.0NRT,286.95,2.57,N
21.30785,79.45726,301.1,0.35,0.56,2026-04-10,1947,N21,VIIRS,n,2.0NRT,289.09,0.91,N
21.30788,81.58909,305.65,0.5,0.49,2026-04-10,1947,N21,VIIRS,n,2.0NRT,294.51,2.26,N
21.3082,79.45394,307.51,0.35,0.56,2026-04-10,1947,N21,VIIRS,n,2.0NRT,289.51,0.91,N
21.30979,81.59195,311.36,0.5,0.49,2026-04-10,1947,N21,VIIRS,n,2.0NRT,296.65,1.83,N
21.31403,75.44951,304.23,0.63,0.72,2026-04-10,1947,N21,VIIRS,n,2.0NRT,293.94,2.64,N
21.31406,79.39735,304.29,0.35,0.57,2026-04-10,1947,N21,VIIRS,n,2.0NRT,290.15,0.7,N
21.32933,93.99809,303.96,0.39,0.44,2026-04-10,1947,N21,VIIRS,n,2.0NRT,293.16,0.79,N
21.33001,93.99449,326.06,0.39,0.44,2026-04-10,1947,N21,VIIRS,n,2.0NRT,294.13,2.36,N
21.33067,93.99103,308.94,0.39,0.44,2026-04-10,1947,N21,VIIRS,n,2.0NRT,293.84,2.36,N
21.33619,78.96931,317.26,0.37,0.58,2026-04-10,1947,N21,VIIRS,n,2.0NRT,294.29,2.09,N
21.37324,93.93947,301.15,0.39,0.44,2026-04-10,1947,N21,VIIRS,n,2.0NRT,287.21,0.59,N
21.37494,81.64156,306.76,0.5,0.49,2026-04-10,1947,N21,VIIRS,n,2.0NRT,296.28,2.83,N
21.37499,81.68052,310.48,0.5,0.49,2026-04-10,1947,N21,VIIRS,n,2.0NRT,297.83,3.44,N
21.37948,81.68106,308.39,0.5,0.49,2026-04-10,1947,N21,VIIRS,n,2.0NRT,296.21,2.37,N
21.38786,81.64809,308.97,0.5,0.49,2026-04-10,1947,N21,VIIRS,n,2.0NRT,296.74,1.79,N
21.38855,95.82146,332.95,0.5,0.49,2026-04-10,1947,N21,VIIRS,n,2.0NRT,293.56,5.56,N
21.4029,81.43791,313.82,0.51,0.5,2026-04-10,1947,N21,VIIRS,n,2.0NRT,293.4,1.67,N
21.41294,94.00497,313.84,0.39,0.44,2026-04-10,1947,N21,VIIRS,n,2.0NRT,293.18,1.47,N
21.4136,94.00153,314.96,0.39,0.44,2026-04-10,1947,N21,VIIRS,n,2.0NRT,293.73,1.47,N
21.41425,93.99814,308.98,0.39,0.44,2026-04-10,1947,N21,VIIRS,n,2.0NRT,292.02,1.14,N
21.4171,77.6947,318,0.45,0.63,2026-04-10,1947,N21,VIIRS,n,2.0NRT,292.46,1.52,N
21.44377,80.63724,307.29,0.58,0.52,2026-04-10,1947,N21,VIIRS,n,2.0NRT,295.04,3.32,N
21.45577,80.7065,306.99,0.58,0.52,2026-04-10,1947,N21,VIIRS,n,2.0NRT,294.7,1.59,N
21.48557,81.76933,309.06,0.49,0.49,2026-04-10,1947,N21,VIIRS,n,2.0NRT,296.59,2.24,N
21.5299,75.28238,304.55,0.65,0.73,2026-04-10,1947,N21,VIIRS,n,2.0NRT,293.62,1.74,N
21.53876,94.07072,314.5,0.39,0.44,2026-04-10,1947,N21,VIIRS,n,2.0NRT,294.06,1.19,N
21.54603,94.03233,307.55,0.39,0.44,2026-04-10,1947,N21,VIIRS,n,2.0NRT,291.43,1.26,N
21.54932,94.03667,306.49,0.39,0.44,2026-04-10,1947,N21,VIIRS,n,2.0NRT,291.63,1.21,N
21.55329,94.03746,301.8,0.39,0.44,2026-04-10,1947,N21,VIIRS,n,2.0NRT,291.13,0.3,N
21.56399,78.46928,304,0.4,0.6,2026-04-10,1947,N21,VIIRS,n,2.0NRT,291.11,0.93,N
21.56618,94.05654,303.88,0.39,0.44,2026-04-10,1947,N21,VIIRS,n,2.0NRT,292.79,0.59,N
21.59091,96.2296,307.22,0.53,0.5,2026-04-10,1947,N21,VIIRS,n,2.0NRT,293.55,2.2,N
21.61765,80.69211,311.18,0.58,0.52,2026-04-10,1947,N21,VIIRS,n,2.0NRT,294.4,2.05,N
21.61786,78.66016,303.29,0.39,0.6,2026-04-10,1947,N21,VIIRS,n,2.0NRT,291.67,1.39,N
21.61813,80.68884,310.54,0.58,0.52,2026-04-10,1947,N21,VIIRS,n,2.0NRT,293.95,2.73,N
21.62559,80.62037,306.03,0.59,0.53,2026-04-10,1947,N21,VIIRS,n,2.0NRT,294.75,2.74,N
21.64371,94.84557,311.28,0.43,0.46,2026-04-10,1947,N21,VIIRS,n,2.0NRT,293.49,1.49,N
21.64785,94.84656,303.69,0.43,0.46,2026-04-10,1947,N21,VIIRS,n,2.0NRT,292.96,1.49,N
21.65643,81.50035,304.76,0.51,0.5,2026-04-10,1947,N21,VIIRS,n,2.0NRT,289.99,0.71,N
21.65776,81.49788,301.66,0.51,0.5,2026-04-10,1947,N21,VIIRS,n,2.0NRT,289.76,1.99,N
21.66286,81.4935,305.51,0.51,0.5,2026-04-10,1947,N21,VIIRS,n,2.0NRT,290.94,0.89,N
21.667,78.73756,302.62,0.39,0.59,2026-04-10,1947,N21,VIIRS,n,2.0NRT,291.69,0.67,N
21.66923,93.7205,306.1,0.56,0.43,2026-04-10,1947,N21,VIIRS,n,2.0NRT,287.15,1.53,N
21.66972,93.72229,304.2,0.56,0.43,2026-04-10,1947,N21,VIIRS,n,2.0NRT,287.09,0.93,N
21.67053,93.71803,297.13,0.56,0.43,2026-04-10,1947,N21,VIIRS,n,2.0NRT,287.04,1.04,N
21.67128,93.94975,299.5,0.38,0.43,2026-04-10,1947,N21,VIIRS,n,2.0NRT,286.57,1.87,N
21.67258,82.0817,319.96,0.47,0.48,2026-04-10,1947,N21,VIIRS,n,2.0NRT,300.24,4.77,N
21.69764,84.60248,306.8,0.51,0.41,2026-04-10,1947,N21,VIIRS,n,2.0NRT,294.93,2.24,N
21.69894,84.59997,309.26,0.51,0.41,2026-04-10,1947,N21,VIIRS,n,2.0NRT,294.83,2.99,N
21.70397,84.5838,307.81,0.51,0.41,2026-04-10,1947,N21,VIIRS,n,2.0NRT,295.1,2.1,N
21.70514,84.58144,306.54,0.51,0.41,2026-04-10,1947,N21,VIIRS,n,2.0NRT,295.1,2.33,N
21.71062,76.50405,302.28,0.55,0.68,2026-04-10,1947,N21,VIIRS,n,2.0NRT,288.14,1,N
21.71198,76.51063,300.01,0.55,0.68,2026-04-10,1947,N21,VIIRS,n,2.0NRT,288.93,0.7,N
21.71244,76.50539,301.42,0.55,0.68,2026-04-10,1947,N21,VIIRS,n,2.0NRT,287.93,0.7,N
21.74192,83.844,320.09,0.56,0.43,2026-04-10,1947,N21,VIIRS,n,2.0NRT,296.83,4.91,N
21.74585,83.84453,329.18,0.56,0.43,2026-04-10,1947,N21,VIIRS,n,2.0NRT,298.42,6.59,N
21.74911,83.97472,306.54,0.55,0.42,2026-04-10,1947,N21,VIIRS,n,2.0NRT,295.95,1.83,N
21.74923,83.81781,310.31,0.56,0.43,2026-04-10,1947,N21,VIIRS,n,2.0NRT,297.17,1.96,N
21.75467,84.02357,326.81,0.54,0.42,2026-04-10,1947,N21,VIIRS,n,2.0NRT,298.31,6.2,N
21.75708,83.81895,308.08,0.56,0.43,2026-04-10,1947,N21,VIIRS,n,2.0NRT,295.89,1.57,N
21.7575,93.77296,302.49,0.56,0.43,2026-04-10,1947,N21,VIIRS,n,2.0NRT,288.01,1.96,N
21.75812,93.76712,307.91,0.56,0.43,2026-04-10,1947,N21,VIIRS,n,2.0NRT,287.05,4.42,N
21.76068,76.50851,309.98,0.55,0.68,2026-04-10,1947,N21,VIIRS,n,2.0NRT,288.18,1.98,N
21.76311,84.01945,314,0.54,0.42,2026-04-10,1947,N21,VIIRS,n,2.0NRT,298.87,3.16,N
21.76507,93.77312,304.78,0.56,0.43,2026-04-10,1947,N21,VIIRS,n,2.0NRT,289.36,2.94,N
21.76527,93.77455,302.37,0.56,0.43,2026-04-10,1947,N21,VIIRS,n,2.0NRT,289.44,1.63,N
21.76627,93.7693,301.6,0.56,0.43,2026-04-10,1947,N21,VIIRS,n,2.0NRT,289.32,2.41,N
21.76699,84.02001,315.07,0.54,0.42,2026-04-10,1947,N21,VIIRS,n,2.0NRT,297.63,3.16,N
21.76851,84.01679,312.01,0.55,0.42,2026-04-10,1947,N21,VIIRS,n,2.0NRT,298.31,2.9,N
21.77088,84.02057,311.78,0.54,0.42,2026-04-10,1947,N21,VIIRS,n,2.0NRT,297.18,2.67,N
21.77174,84.02261,309.14,0.54,0.42,2026-04-10,1947,N21,VIIRS,n,2.0NRT,295.22,2.43,N
21.79323,77.01173,311.74,0.51,0.66,2026-04-10,1947,N21,VIIRS,n,2.0NRT,291.81,1.38,N
21.79382,83.90562,305.91,0.55,0.43,2026-04-10,1947,N21,VIIRS,n,2.0NRT,293.72,1.23,N
21.79459,83.90219,305.77,0.55,0.43,2026-04-10,1947,N21,VIIRS,n,2.0NRT,293.44,1.46,N
21.79659,83.88438,306.27,0.55,0.43,2026-04-10,1947,N21,VIIRS,n,2.0NRT,295.29,2.16,N
21.79723,83.88087,306.24,0.56,0.43,2026-04-10,1947,N21,VIIRS,n,2.0NRT,294.86,1.28,N
21.80281,82.04078,307.73,0.48,0.48,2026-04-10,1947,N21,VIIRS,n,2.0NRT,295.66,2.03,N
21.80307,82.03999,306.6,0.48,0.48,2026-04-10,1947,N21,VIIRS,n,2.0NRT,295.64,1.58,N
21.82233,83.99783,307.72,0.55,0.42,2026-04-10,1947,N21,VIIRS,n,2.0NRT,295.16,2.08,N
21.83325,81.46657,303.19,0.52,0.5,2026-04-10,1947,N21,VIIRS,n,2.0NRT,290.09,0.85,N
21.8543,83.96478,306.02,0.55,0.43,2026-04-10,1947,N21,VIIRS,n,2.0NRT,294.57,1.47,N
21.85819,83.96536,309.15,0.55,0.43,2026-04-10,1947,N21,VIIRS,n,2.0NRT,296.11,1.47,N
21.8593,77.02645,307.96,0.51,0.66,2026-04-10,1947,N21,VIIRS,n,2.0NRT,293.65,1.06,N
21.86054,77.02837,303.11,0.51,0.66,2026-04-10,1947,N21,VIIRS,n,2.0NRT,292.98,1.48,N
21.8748,84.57972,302.85,0.51,0.41,2026-04-10,1947,N21,VIIRS,n,2.0NRT,292.63,1.15,N
21.87702,83.49524,308.95,0.39,0.44,2026-04-10,1947,N21,VIIRS,n,2.0NRT,294.68,1.1,N
21.87764,83.55627,312.91,0.39,0.44,2026-04-10,1947,N21,VIIRS,n,2.0NRT,295.51,1.6,N
21.89398,84.66618,311.75,0.5,0.41,2026-04-10,1947,N21,VIIRS,n,2.0NRT,295.34,1.84,N
21.89459,84.6616,311.1,0.5,0.41,2026-04-10,1947,N21,VIIRS,n,2.0NRT,296.34,2.9,N
21.89483,79.3998,309.64,0.35,0.57,2026-04-10,1947,N21,VIIRS,n,2.0NRT,288.78,1.04,N
21.91944,83.35072,343.93,0.4,0.44,2026-04-10,1947,N21,VIIRS,n,2.0NRT,303.22,6.75,N
21.92165,84.66769,308.86,0.51,0.41,2026-04-10,1947,N21,VIIRS,n,2.0NRT,295.7,2.16,N
21.92298,85.22491,301.7,0.47,0.4,2026-04-10,1947,N21,VIIRS,n,2.0NRT,291.46,0.77,N
21.92349,83.3513,317.12,0.4,0.44,2026-04-10,1947,N21,VIIRS,n,2.0NRT,298.33,3.02,N
21.92492,83.33978,320.9,0.4,0.44,2026-04-10,1947,N21,VIIRS,n,2.0NRT,299.56,3.7,N
21.93087,85.22151,313.2,0.47,0.4,2026-04-10,1947,N21,VIIRS,n,2.0NRT,293.7,2.26,N
21.94002,79.26431,316.02,0.36,0.58,2026-04-10,1947,N21,VIIRS,n,2.0NRT,287.46,1.83,N
21.94036,79.26085,297.89,0.36,0.58,2026-04-10,1947,N21,VIIRS,n,2.0NRT,286.66,2.96,N
21.94071,79.25739,321.32,0.36,0.58,2026-04-10,1947,N21,VIIRS,n,2.0NRT,287.37,2.96,N
21.94105,79.25391,336.67,0.36,0.58,2026-04-10,1947,N21,VIIRS,n,2.0NRT,289.75,4.01,N
21.94139,79.25042,324.32,0.36,0.58,2026-04-10,1947,N21,VIIRS,n,2.0NRT,290.39,4.01,N
21.95423,83.80772,304.79,0.56,0.43,2026-04-10,1947,N21,VIIRS,n,2.0NRT,294.46,0.97,N
21.96752,85.31293,304.3,0.47,0.4,2026-04-10,1947,N21,VIIRS,n,2.0NRT,291.91,1.17,N
21.98345,83.23392,314.76,0.41,0.45,2026-04-10,1947,N21,VIIRS,n,2.0NRT,297.01,2.02,N
21.98368,83.23373,316.55,0.4,0.45,2026-04-10,1947,N21,VIIRS,n,2.0NRT,297.27,2.12,N
21.99166,85.32585,306.74,0.47,0.4,2026-04-10,1947,N21,VIIRS,n,2.0NRT,292.63,1.82,N
22.00244,82.66673,311.34,0.44,0.46,2026-04-10,1947,N21,VIIRS,n,2.0NRT,296.57,3.04,N
22.00616,82.6716,315.06,0.44,0.46,2026-04-10,1947,N21,VIIRS,n,2.0NRT,295.33,2.32,N
22.01598,83.75745,308.17,0.57,0.43,2026-04-10,1947,N21,VIIRS,n,2.0NRT,295.59,3.1,N
22.01664,83.75204,320.48,0.57,0.43,2026-04-10,1947,N21,VIIRS,n,2.0NRT,296.07,3.95,N
22.01708,83.75586,323.37,0.57,0.43,2026-04-10,1947,N21,VIIRS,n,2.0NRT,296.9,5.3,N
22.02687,80.26245,306.21,0.63,0.54,2026-04-10,1947,N21,VIIRS,n,2.0NRT,292.67,2.23,N
22.02827,76.48091,303.8,0.55,0.68,2026-04-10,1947,N21,VIIRS,n,2.0NRT,289.51,1.33,N
22.02926,76.11121,303.32,0.58,0.7,2026-04-10,1947,N21,VIIRS,n,2.0NRT,288.88,1.14,N
22.02942,83.36664,309.82,0.4,0.44,2026-04-10,1947,N21,VIIRS,n,2.0NRT,296.04,1.63,N
22.02985,83.74281,305.67,0.57,0.43,2026-04-10,1947,N21,VIIRS,n,2.0NRT,294.03,1.54,N
22.03382,83.74332,312.58,0.57,0.43,2026-04-10,1947,N21,VIIRS,n,2.0NRT,296.74,3.3,N
22.03395,83.36338,304.74,0.4,0.44,2026-04-10,1947,N21,VIIRS,n,2.0NRT,294.35,2.24,N
22.03489,83.35577,305.48,0.4,0.44,2026-04-10,1947,N21,VIIRS,n,2.0NRT,295.17,1.86,N
22.03502,83.74172,318.41,0.57,0.43,2026-04-10,1947,N21,VIIRS,n,2.0NRT,296.31,5.11,N
22.03513,76.78634,301.74,0.53,0.67,2026-04-10,1947,N21,VIIRS,n,2.0NRT,290.57,1.52,N
22.03841,93.8521,302.25,0.56,0.43,2026-04-10,1947,N21,VIIRS,n,2.0NRT,292.07,1.4,N
22.03845,83.7384,314.4,0.57,0.43,2026-04-10,1947,N21,VIIRS,n,2.0NRT,297.76,3.3,N
22.03912,83.73292,316.1,0.57,0.43,2026-04-10,1947,N21,VIIRS,n,2.0NRT,298.73,2.63,N
22.03942,83.35253,317.75,0.4,0.44,2026-04-10,1947,N21,VIIRS,n,2.0NRT,295.75,1.82,N
22.03979,83.72742,308.34,0.57,0.43,2026-04-10,1947,N21,VIIRS,n,2.0NRT,295.85,2.63,N
22.04004,76.80224,316.92,0.53,0.67,2026-04-10,1947,N21,VIIRS,n,2.0NRT,290.24,1.91,N
22.04046,76.79716,300.21,0.53,0.67,2026-04-10,1947,N21,VIIRS,n,2.0NRT,289.42,1.91,N
22.04376,83.72796,306.47,0.57,0.43,2026-04-10,1947,N21,VIIRS,n,2.0NRT,295.45,3.06,N
22.05342,88.12579,334.69,0.39,0.36,2026-04-10,1947,N21,VIIRS,n,2.0NRT,300.69,3.33,N
22.05399,88.12206,326.96,0.39,0.36,2026-04-10,1947,N21,VIIRS,n,2.0NRT,298.53,3.33,N
22.06447,88.12007,311.62,0.39,0.36,2026-04-10,1947,N21,VIIRS,n,2.0NRT,295.84,1.02,N
22.06699,83.70329,306.72,0.57,0.43,2026-04-10,1947,N21,VIIRS,n,2.0NRT,292.97,1.22,N
22.06792,79.37022,312.05,0.36,0.57,2026-04-10,1947,N21,VIIRS,n,2.0NRT,285.38,1.51,N
22.06828,79.36672,298.25,0.36,0.57,2026-04-10,1947,N21,VIIRS,n,2.0NRT,285.12,1.24,N
22.06885,79.20059,309.96,0.37,0.58,2026-04-10,1947,N21,VIIRS,n,2.0NRT,288.6,1.41,N
22.08814,93.78536,301.46,0.55,0.43,2026-04-10,1947,N21,VIIRS,n,2.0NRT,290.88,0.74,N
22.09583,93.80308,304.07,0.55,0.43,2026-04-10,1947,N21,VIIRS,n,2.0NRT,291.48,1.66,N
22.09658,93.80438,302.06,0.55,0.43,2026-04-10,1947,N21,VIIRS,n,2.0NRT,291.59,1.42,N
22.09808,84.3761,301.93,0.53,0.42,2026-04-10,1947,N21,VIIRS,n,2.0NRT,291.82,0.74,N
22.13073,79.32664,353.72,0.36,0.57,2026-04-10,1947,N21,VIIRS,n,2.0NRT,294.56,13.21,N
22.13107,79.32318,349.63,0.36,0.57,2026-04-10,1947,N21,VIIRS,n,2.0NRT,290.76,13.21,N
22.1314,79.31972,308.46,0.36,0.57,2026-04-10,1947,N21,VIIRS,n,2.0NRT,286.36,2.97,N
22.13194,79.36885,301.73,0.36,0.57,2026-04-10,1947,N21,VIIRS,n,2.0NRT,287.99,3.41,N
22.1328,85.3828,302.83,0.47,0.4,2026-04-10,1947,N21,VIIRS,n,2.0NRT,291.34,0.73,N
22.1343,85.38092,302.36,0.47,0.4,2026-04-10,1947,N21,VIIRS,n,2.0NRT,291.03,0.86,N
22.13601,79.32722,315.76,0.36,0.57,2026-04-10,1947,N21,VIIRS,n,2.0NRT,287.81,1.99,N
22.13635,79.32373,329.41,0.36,0.57,2026-04-10,1947,N21,VIIRS,n,2.0NRT,287.74,1.99,N
22.13719,79.3695,350.71,0.36,0.57,2026-04-10,1947,N21,VIIRS,n,2.0NRT,290.74,3.41,N
22.14804,79.36735,333.76,0.36,0.57,2026-04-10,1947,N21,VIIRS,n,2.0NRT,289.52,4.33,N
22.15073,76.33972,300.78,0.57,0.69,2026-04-10,1947,N21,VIIRS,n,2.0NRT,288.3,0.85,N
22.15079,79.33951,324.52,0.36,0.57,2026-04-10,1947,N21,VIIRS,n,2.0NRT,289.98,5.66,N
22.15113,79.33605,367,0.36,0.57,2026-04-10,1947,N21,VIIRS,h,2.0NRT,296.08,8.53,N
22.15147,79.33258,300.7,0.36,0.57,2026-04-10,1947,N21,VIIRS,n,2.0NRT,287.41,8.53,N
22.15364,79.36445,321.52,0.36,0.57,2026-04-10,1947,N21,VIIRS,n,2.0NRT,288.02,1.9,N
22.1539,76.34367,300.43,0.57,0.69,2026-04-10,1947,N21,VIIRS,n,2.0NRT,288.81,1.13,N
22.15399,79.36099,317.4,0.36,0.57,2026-04-10,1947,N21,VIIRS,n,2.0NRT,288.16,1.9,N
22.15606,79.34013,308.61,0.36,0.57,2026-04-10,1947,N21,VIIRS,n,2.0NRT,287.97,2.44,N
22.1564,79.33665,341.21,0.36,0.57,2026-04-10,1947,N21,VIIRS,n,2.0NRT,290.83,2.88,N
22.15674,79.33319,309.33,0.36,0.57,2026-04-10,1947,N21,VIIRS,n,2.0NRT,286.71,2.88,N
22.15926,79.36155,317.38,0.36,0.57,2026-04-10,1947,N21,VIIRS,n,2.0NRT,286.39,1.9,N
22.1596,79.35809,329.82,0.36,0.57,2026-04-10,1947,N21,VIIRS,n,2.0NRT,286.99,3.19,N
22.15994,79.35464,314.18,0.36,0.57,2026-04-10,1947,N21,VIIRS,n,2.0NRT,285.82,3.19,N
22.16167,79.33727,309.73,0.36,0.57,2026-04-10,1947,N21,VIIRS,n,2.0NRT,288.75,2.88,N
22.16201,79.33381,319.67,0.36,0.57,2026-04-10,1947,N21,VIIRS,n,2.0NRT,287.79,2.88,N
22.1659,79.3483,325.71,0.36,0.57,2026-04-10,1947,N21,VIIRS,n,2.0NRT,289.63,2.82,N
22.16625,79.34484,302.57,0.36,0.57,2026-04-10,1947,N21,VIIRS,n,2.0NRT,287.83,3.42,N
22.16694,79.33789,329.6,0.36,0.57,2026-04-10,1947,N21,VIIRS,n,2.0NRT,288.12,2.35,N
22.16728,79.33443,307.11,0.36,0.57,2026-04-10,1947,N21,VIIRS,n,2.0NRT,287.89,2.35,N
22.18114,76.35915,308,0.56,0.69,2026-04-10,1947,N21,VIIRS,n,2.0NRT,290.22,2,N
22.18587,79.30871,298.2,0.36,0.58,2026-04-10,1947,N21,VIIRS,n,2.0NRT,286.92,0.58,N
22.18903,79.27727,301.93,0.36,0.58,2026-04-10,1947,N21,VIIRS,n,2.0NRT,289.01,1.33,N
22.18938,79.27375,322.21,0.36,0.58,2026-04-10,1947,N21,VIIRS,n,2.0NRT,291.1,1.33,N
22.19083,79.30907,306.08,0.36,0.58,2026-04-10,1947,N21,VIIRS,n,2.0NRT,288.77,1.28,N
22.19115,79.30931,310.43,0.36,0.58,2026-04-10,1947,N21,VIIRS,n,2.0NRT,288.75,1.32,N
22.19342,76.96605,305.55,0.52,0.66,2026-04-10,1947,N21,VIIRS,n,2.0NRT,287.83,2.13,N
22.19377,79.27763,344.24,0.36,0.58,2026-04-10,1947,N21,VIIRS,n,2.0NRT,291.19,4.07,N
22.1941,79.27409,346.67,0.36,0.58,2026-04-10,1947,N21,VIIRS,n,2.0NRT,290.86,4.07,N
22.19431,79.27792,343.48,0.36,0.58,2026-04-10,1947,N21,VIIRS,n,2.0NRT,290.61,3.49,N
22.19444,79.27055,314.15,0.37,0.58,2026-04-10,1947,N21,VIIRS,n,2.0NRT,288.77,4.53,N
22.19445,76.96242,305.36,0.52,0.67,2026-04-10,1947,N21,VIIRS,n,2.0NRT,288.17,1.55,N
22.19467,79.27438,343.07,0.36,0.58,2026-04-10,1947,N21,VIIRS,n,2.0NRT,290.31,3.49,N
22.19503,79.27084,315.34,0.36,0.58,2026-04-10,1947,N21,VIIRS,n,2.0NRT,288.63,3.95,N
22.19611,79.30972,325.45,0.36,0.58,2026-04-10,1947,N21,VIIRS,n,2.0NRT,290.56,1.28,N
22.19643,79.30995,322.9,0.36,0.58,2026-04-10,1947,N21,VIIRS,n,2.0NRT,290.42,1.32,N
22.19691,76.32165,305.59,0.57,0.69,2026-04-10,1947,N21,VIIRS,n,2.0NRT,288.37,1.31,N
22.19813,93.73332,300.58,0.55,0.43,2026-04-10,1947,N21,VIIRS,n,2.0NRT,290.57,2.39,N
22.19906,79.2783,307.02,0.36,0.58,2026-04-10,1947,N21,VIIRS,n,2.0NRT,286.18,4.07,N
22.19939,79.27476,324.45,0.36,0.58,2026-04-10,1947,N21,VIIRS,n,2.0NRT,288.55,4.07,N
22.1996,79.27857,301.44,0.36,0.58,2026-04-10,1947,N21,VIIRS,n,2.0NRT,285.78,3.49,N
22.19996,79.27502,318.49,0.36,0.58,2026-04-10,1947,N21,VIIRS,n,2.0NRT,288.37,3.49,N
22.20313,84.57814,304.43,0.51,0.41,2026-04-10,1947,N21,VIIRS,n,2.0NRT,293.71,1.14,N
22.20358,84.84879,304.39,0.5,0.41,2026-04-10,1947,N21,VIIRS,n,2.0NRT,293.41,1.05,N
22.20483,84.8686,303.37,0.5,0.41,2026-04-10,1947,N21,VIIRS,n,2.0NRT,293.19,0.78,N
22.20575,84.84693,305.37,0.5,0.41,2026-04-10,1947,N21,VIIRS,n,2.0NRT,293.47,1.08,N
22.20624,84.87149,311.71,0.5,0.41,2026-04-10,1947,N21,VIIRS,n,2.0NRT,293.64,2.41,N
22.20701,84.54845,306.09,0.52,0.41,2026-04-10,1947,N21,VIIRS,n,2.0NRT,294.02,1.31,N
22.20753,84.86189,307.06,0.5,0.41,2026-04-10,1947,N21,VIIRS,n,2.0NRT,295.45,2.02,N
22.21125,84.86244,312.56,0.5,0.41,2026-04-10,1947,N21,VIIRS,n,2.0NRT,296.8,2.02,N
22.21166,84.8745,307.66,0.5,0.41,2026-04-10,1947,N21,VIIRS,n,2.0NRT,297.44,2.81,N
22.21805,84.75526,305.47,0.5,0.41,2026-04-10,1947,N21,VIIRS,n,2.0NRT,294.44,1.35,N
22.22147,79.37917,313.16,0.36,0.57,2026-04-10,1947,N21,VIIRS,n,2.0NRT,287.81,1.39,N
22.2218,79.37572,306.14,0.36,0.57,2026-04-10,1947,N21,VIIRS,n,2.0NRT,287.31,1.39,N
22.23881,78.71633,305.04,0.4,0.6,2026-04-10,1947,N21,VIIRS,n,2.0NRT,288.27,2.09,N
22.23918,78.71252,306.51,0.4,0.6,2026-04-10,1947,N21,VIIRS,n,2.0NRT,288.02,2.13,N
22.24214,79.70151,304.8,0.34,0.56,2026-04-10,1947,N21,VIIRS,n,2.0NRT,286.93,0.56,N
22.25188,93.81721,303.33,0.55,0.43,2026-04-10,1947,N21,VIIRS,n,2.0NRT,290.05,2.25,N
22.2553,94.4886,310.04,0.4,0.44,2026-04-10,1947,N21,VIIRS,n,2.0NRT,293.4,0.99,N
22.25844,93.84659,301.29,0.55,0.43,2026-04-10,1947,N21,VIIRS,n,2.0NRT,289.63,1.32,N
22.26194,77.03913,331.2,0.51,0.66,2026-04-10,1947,N21,VIIRS,n,2.0NRT,289.33,5.24,N
22.26235,93.8472,301.55,0.55,0.43,2026-04-10,1947,N21,VIIRS,n,2.0NRT,290.93,1.35,N
22.26236,77.03416,320.57,0.51,0.66,2026-04-10,1947,N21,VIIRS,n,2.0NRT,289.56,5.24,N
22.27382,79.28029,310.61,0.37,0.58,2026-04-10,1947,N21,VIIRS,n,2.0NRT,289.52,1.33,N
22.279,93.75774,309.94,0.55,0.43,2026-04-10,1947,N21,VIIRS,n,2.0NRT,288.92,2.86,N
22.28494,93.76875,300.2,0.55,0.43,2026-04-10,1947,N21,VIIRS,n,2.0NRT,289.25,1.39,N
22.28774,93.75368,303.5,0.55,0.42,2026-04-10,1947,N21,VIIRS,n,2.0NRT,289.55,1.92,N
22.28791,93.77427,308.99,0.55,0.43,2026-04-10,1947,N21,VIIRS,n,2.0NRT,289.21,1.95,N
22.29076,93.75891,314.22,0.55,0.43,2026-04-10,1947,N21,VIIRS,n,2.0NRT,290.14,1.92,N
22.29473,93.759,299.81,0.55,0.43,2026-04-10,1947,N21,VIIRS,n,2.0NRT,288.89,0.87,N
22.31652,82.51785,310.42,0.45,0.47,2026-04-10,1947,N21,VIIRS,n,2.0NRT,296.67,3,N
22.33189,82.57272,314.46,0.45,0.47,2026-04-10,1947,N21,VIIRS,n,2.0NRT,294.85,1.91,N
22.33208,82.60802,308.6,0.45,0.47,2026-04-10,1947,N21,VIIRS,n,2.0NRT,295.57,2.54,N
22.3339,82.55561,309.34,0.45,0.47,2026-04-10,1947,N21,VIIRS,n,2.0NRT,295.59,2.92,N
22.33769,75.60149,316.37,0.64,0.72,2026-04-10,1947,N21,VIIRS,n,2.0NRT,295.18,5.56,N
22.33813,75.59548,305.63,0.64,0.72,2026-04-10,1947,N21,VIIRS,n,2.0NRT,294.56,4.98,N
22.35857,87.29043,314.22,0.4,0.37,2026-04-10,1947,N21,VIIRS,n,2.0NRT,296.36,1.69,N
22.35894,82.30251,313.84,0.47,0.48,2026-04-10,1947,N21,VIIRS,n,2.0NRT,295.8,3.83,N
22.35998,87.01849,311.89,0.41,0.37,2026-04-10,1947,N21,VIIRS,n,2.0NRT,295.91,1.82,N
22.36337,87.01907,307.1,0.41,0.37,2026-04-10,1947,N21,VIIRS,n,2.0NRT,295.33,1.61,N
22.36417,87.29931,330,0.4,0.37,2026-04-10,1947,N21,VIIRS,n,2.0NRT,299.43,2.18,N
22.36733,87.01569,313.79,0.41,0.37,2026-04-10,1947,N21,VIIRS,n,2.0NRT,295.24,1.61,N
22.36753,87.29988,309.89,0.4,0.37,2026-04-10,1947,N21,VIIRS,n,2.0NRT,297.53,2.18,N
22.37711,87.28163,324.45,0.4,0.37,2026-04-10,1947,N21,VIIRS,n,2.0NRT,298.81,2.69,N
22.37768,87.27775,333.33,0.4,0.37,2026-04-10,1947,N21,VIIRS,n,2.0NRT,300.21,4.58,N
22.37934,87.28995,313.11,0.4,0.37,2026-04-10,1947,N21,VIIRS,n,2.0NRT,295.33,1.45,N
22.44288,79.6154,301.37,0.35,0.57,2026-04-10,1947,N21,VIIRS,n,2.0NRT,290.26,1.25,N
22.44321,79.61217,315.89,0.35,0.57,2026-04-10,1947,N21,VIIRS,n,2.0NRT,291.87,2.31,N
22.44871,79.60966,302.32,0.35,0.57,2026-04-10,1947,N21,VIIRS,n,2.0NRT,290.72,0.98,N
22.46243,77.64403,298.9,0.47,0.64,2026-04-10,1947,N21,VIIRS,n,2.0NRT,287.83,0.67,N
22.47019,80.04741,301.83,0.33,0.55,2026-04-10,1947,N21,VIIRS,n,2.0NRT,286.47,0.47,N
22.47396,82.93874,305.82,0.43,0.46,2026-04-10,1947,N21,VIIRS,n,2.0NRT,293.95,1.78,N
22.47872,90.70968,306.87,0.4,0.37,2026-04-10,1947,N21,VIIRS,n,2.0NRT,294.35,0.58,N
22.50736,79.49905,300.53,0.36,0.57,2026-04-10,1947,N21,VIIRS,n,2.0NRT,286.58,0.75,N
22.51168,82.21731,304.23,0.47,0.48,2026-04-10,1947,N21,VIIRS,n,2.0NRT,290.97,0.88,N
22.56096,76.43445,330.12,0.56,0.69,2026-04-10,1947,N21,VIIRS,n,2.0NRT,294.36,3.53,N
22.56382,76.43613,316.72,0.56,0.69,2026-04-10,1947,N21,VIIRS,n,2.0NRT,292.76,4.44,N
22.56421,76.43105,313.38,0.56,0.69,2026-04-10,1947,N21,VIIRS,n,2.0NRT,293.73,5.78,N
22.5677,76.43015,305.38,0.56,0.69,2026-04-10,1947,N21,VIIRS,n,2.0NRT,293.45,3.53,N
22.57091,85.89758,305.78,0.45,0.39,2026-04-10,1947,N21,VIIRS,n,2.0NRT,294.84,1.38,N
22.57446,85.89811,309.17,0.45,0.39,2026-04-10,1947,N21,VIIRS,n,2.0NRT,295.24,1.38,N
22.57506,85.89376,307.63,0.45,0.39,2026-04-10,1947,N21,VIIRS,n,2.0NRT,296.69,1.38,N
22.58373,77.60226,303.82,0.47,0.64,2026-04-10,1947,N21,VIIRS,n,2.0NRT,287.41,1.09,N
22.58415,77.59763,299.65,0.47,0.64,2026-04-10,1947,N21,VIIRS,n,2.0NRT,287.66,1.09,N
22.58805,85.90465,306.18,0.45,0.39,2026-04-10,1947,N21,VIIRS,n,2.0NRT,295.07,1.75,N
22.58818,77.60275,298.07,0.47,0.64,2026-04-10,1947,N21,VIIRS,n,2.0NRT,287.9,1.53,N
22.5916,85.9052,307.84,0.45,0.39,2026-04-10,1947,N21,VIIRS,n,2.0NRT,294.76,1.21,N
22.59505,77.93399,311.09,0.45,0.63,2026-04-10,1947,N21,VIIRS,n,2.0NRT,289.13,1.04,N
22.59651,76.66566,303.94,0.55,0.68,2026-04-10,1947,N21,VIIRS,n,2.0NRT,289.15,1.58,N
22.60234,76.67142,298.23,0.54,0.68,2026-04-10,1947,N21,VIIRS,n,2.0NRT,287.51,1.58,N
22.60874,85.91234,314.33,0.45,0.39,2026-04-10,1947,N21,VIIRS,n,2.0NRT,295.16,1.85,N
22.62889,76.17425,308.66,0.59,0.7,2026-04-10,1947,N21,VIIRS,n,2.0NRT,293.29,2,N
22.6332,75.48796,307.91,0.65,0.73,2026-04-10,1947,N21,VIIRS,n,2.0NRT,286.3,2.8,N
22.63635,75.48768,309.6,0.65,0.73,2026-04-10,1947,N21,VIIRS,n,2.0NRT,285.94,2.43,N
22.66582,78.80892,303.92,0.4,0.6,2026-04-10,1947,N21,VIIRS,n,2.0NRT,292.93,0.91,N
22.66889,78.83462,304.64,0.39,0.6,2026-04-10,1947,N21,VIIRS,n,2.0NRT,292.87,0.93,N
22.6834,76.06868,299.01,0.6,0.7,2026-04-10,1947,N21,VIIRS,n,2.0NRT,286.44,2.69,N
22.6894,76.06533,305.75,0.6,0.7,2026-04-10,1947,N21,VIIRS,n,2.0NRT,286,2.67,N
22.70423,75.15475,296.43,0.69,0.74,2026-04-10,1947,N21,VIIRS,n,2.0NRT,285.07,0.98,N
22.70711,76.01214,296.49,0.6,0.71,2026-04-10,1947,N21,VIIRS,n,2.0NRT,284.7,1.14,N
22.71288,76.60698,299.3,0.55,0.68,2026-04-10,1947,N21,VIIRS,n,2.0NRT,287.67,0.62,N
22.71548,75.64606,302.07,0.64,0.72,2026-04-10,1947,N21,VIIRS,n,2.0NRT,285.86,1.59,N
22.72046,78.0407,306.1,0.44,0.63,2026-04-10,1947,N21,VIIRS,n,2.0NRT,287.73,0.98,N
22.72622,78.04125,305.9,0.44,0.63,2026-04-10,1947,N21,VIIRS,n,2.0NRT,287.6,1.4,N
22.72884,77.25134,315.39,0.5,0.66,2026-04-10,1947,N21,VIIRS,n,2.0NRT,288.54,2.73,N
22.72923,77.2465,312.35,0.5,0.66,2026-04-10,1947,N21,VIIRS,n,2.0NRT,289.1,2.73,N
22.73083,76.13094,300.44,0.59,0.7,2026-04-10,1947,N21,VIIRS,n,2.0NRT,285.45,0.53,N
22.73374,78.43439,299.14,0.42,0.61,2026-04-10,1947,N21,VIIRS,n,2.0NRT,287.41,0.49,N
22.73536,77.46427,309.31,0.49,0.65,2026-04-10,1947,N21,VIIRS,n,2.0NRT,291.92,1.71,N
22.73576,77.45956,308.67,0.49,0.65,2026-04-10,1947,N21,VIIRS,n,2.0NRT,291.97,1.71,N
22.7373,76.13141,299.99,0.59,0.7,2026-04-10,1947,N21,VIIRS,n,2.0NRT,285.84,0.53,N
22.76245,79.04605,302.29,0.38,0.59,2026-04-10,1947,N21,VIIRS,n,2.0NRT,291.97,0.89,N
22.76936,78.41716,299.75,0.42,0.61,2026-04-10,1947,N21,VIIRS,n,2.0NRT,287.46,0.52,N
22.77159,78.39257,297.62,0.42,0.61,2026-04-10,1947,N21,VIIRS,n,2.0NRT,287.36,0.44,N
22.78839,86.20872,309.93,0.44,0.38,2026-04-10,1947,N21,VIIRS,n,2.0NRT,296.53,1.79,N
22.79013,86.19595,315.02,0.44,0.38,2026-04-10,1947,N21,VIIRS,n,2.0NRT,299.15,1.8,N
22.7919,86.20925,317.51,0.44,0.38,2026-04-10,1947,N21,VIIRS,n,2.0NRT,296.03,1.79,N
22.79306,86.20077,310.4,0.44,0.38,2026-04-10,1947,N21,VIIRS,n,2.0NRT,295.69,1.8,N
22.79542,86.20979,307.33,0.44,0.38,2026-04-10,1947,N21,VIIRS,n,2.0NRT,294.64,2.41,N
22.796,86.20555,328.29,0.44,0.38,2026-04-10,1947,N21,VIIRS,n,2.0NRT,295.94,2.41,N
22.79657,86.20133,308.15,0.44,0.38,2026-04-10,1947,N21,VIIRS,n,2.0NRT,295.95,1.99,N
22.79959,77.41817,304.15,0.49,0.65,2026-04-10,1947,N21,VIIRS,n,2.0NRT,287.81,1.2,N
22.80073,86.08997,307.12,0.44,0.39,2026-04-10,1947,N21,VIIRS,n,2.0NRT,295.9,1.62,N
22.80116,86.08857,305.52,0.44,0.39,2026-04-10,1947,N21,VIIRS,n,2.0NRT,295.51,1.15,N
22.80244,77.42017,304.93,0.49,0.65,2026-04-10,1947,N21,VIIRS,n,2.0NRT,287.97,0.72,N
22.80255,75.70563,300.59,0.63,0.72,2026-04-10,1947,N21,VIIRS,n,2.0NRT,287.15,1.63,N
22.80733,75.70679,309.45,0.63,0.72,2026-04-10,1947,N21,VIIRS,n,2.0NRT,287.07,2.15,N
22.81029,77.43368,321.35,0.49,0.65,2026-04-10,1947,N21,VIIRS,n,2.0NRT,290.26,3.48,N
22.81244,76.16689,298.4,0.59,0.7,2026-04-10,1947,N21,VIIRS,n,2.0NRT,286.92,1.42,N
22.81324,77.43575,314.81,0.49,0.65,2026-04-10,1947,N21,VIIRS,n,2.0NRT,290.94,2.59,N
22.81363,77.431,304.07,0.49,0.65,2026-04-10,1947,N21,VIIRS,n,2.0NRT,289.29,2.09,N
22.81372,77.18559,309.53,0.51,0.66,2026-04-10,1947,N21,VIIRS,n,2.0NRT,290.16,1.99,N
22.81507,77.18724,312.45,0.51,0.66,2026-04-10,1947,N21,VIIRS,n,2.0NRT,290.08,1.95,N
22.81585,86.08657,309.24,0.44,0.39,2026-04-10,1947,N21,VIIRS,n,2.0NRT,294.19,1.44,N
22.82051,75.81779,297.38,0.62,0.72,2026-04-10,1947,N21,VIIRS,n,2.0NRT,286.76,0.9,N
22.82735,84.07878,303.58,0.56,0.43,2026-04-10,1947,N21,VIIRS,n,2.0NRT,290.81,1.08,N
22.83409,78.43291,298.81,0.42,0.61,2026-04-10,1947,N21,VIIRS,n,2.0NRT,287.25,0.56,N
22.83645,75.67181,302.04,0.64,0.72,2026-04-10,1947,N21,VIIRS,n,2.0NRT,284.94,1.09,N
22.83853,75.67114,301.01,0.64,0.72,2026-04-10,1947,N21,VIIRS,n,2.0NRT,284.92,0.97,N
22.84591,75.34109,297.28,0.67,0.74,2026-04-10,1947,N21,VIIRS,n,2.0NRT,285.54,1.35,N
22.84814,79.06461,301.75,0.38,0.59,2026-04-10,1947,N21,VIIRS,n,2.0NRT,287.06,0.32,N
22.85068,79.06414,300.26,0.38,0.59,2026-04-10,1947,N21,VIIRS,n,2.0NRT,286.83,0.53,N
22.8594,75.72358,307.25,0.63,0.72,2026-04-10,1947,N21,VIIRS,n,2.0NRT,286.7,1.76,N
22.87295,86.0648,303.66,0.45,0.39,2026-04-10,1947,N21,VIIRS,n,2.0NRT,292.98,1.07,N
22.87354,86.06052,306.87,0.45,0.39,2026-04-10,1947,N21,VIIRS,n,2.0NRT,294.07,1.07,N
22.87669,77.80047,317.99,0.46,0.64,2026-04-10,1947,N21,VIIRS,n,2.0NRT,290.71,1.58,N
22.87734,77.80009,320.16,0.46,0.64,2026-04-10,1947,N21,VIIRS,n,2.0NRT,291.05,1.72,N
22.87908,78.37509,298.17,0.42,0.61,2026-04-10,1947,N21,VIIRS,n,2.0NRT,286.8,0.45,N
22.88217,77.80556,304.85,0.46,0.64,2026-04-10,1947,N21,VIIRS,n,2.0NRT,289.51,1.65,N
22.88254,77.80108,304.49,0.46,0.64,2026-04-10,1947,N21,VIIRS,n,2.0NRT,290,1.58,N
22.88279,77.80516,303.52,0.46,0.64,2026-04-10,1947,N21,VIIRS,n,2.0NRT,289.35,2.38,N
22.88292,77.79656,304.44,0.46,0.64,2026-04-10,1947,N21,VIIRS,n,2.0NRT,289.88,1.58,N
22.88319,77.80067,304.46,0.46,0.64,2026-04-10,1947,N21,VIIRS,n,2.0NRT,289.94,1.72,N
22.8836,77.79617,303.88,0.46,0.64,2026-04-10,1947,N21,VIIRS,n,2.0NRT,289.91,1.72,N
22.8884,77.80169,307.14,0.46,0.64,2026-04-10,1947,N21,VIIRS,n,2.0NRT,290.18,2.49,N
22.89279,75.3513,306.69,0.67,0.74,2026-04-10,1947,N21,VIIRS,n,2.0NRT,286.2,2.66,N
22.89387,77.80682,304.26,0.46,0.64,2026-04-10,1947,N21,VIIRS,n,2.0NRT,291.41,1.52,N
22.93858,75.28245,301.56,0.68,0.74,2026-04-10,1947,N21,VIIRS,n,2.0NRT,285.06,1.31,N
22.94086,75.28197,302.06,0.68,0.74,2026-04-10,1947,N21,VIIRS,n,2.0NRT,285.18,1.38,N
22.94935,75.50398,308.85,0.65,0.73,2026-04-10,1947,N21,VIIRS,n,2.0NRT,284.81,1.63,N
22.95267,75.54906,299.91,0.65,0.73,2026-04-10,1947,N21,VIIRS,n,2.0NRT,285.09,0.96,N
22.95295,75.50402,311.29,0.65,0.73,2026-04-10,1947,N21,VIIRS,n,2.0NRT,284.79,2.9,N
22.95446,76.2083,305.35,0.59,0.7,2026-04-10,1947,N21,VIIRS,n,2.0NRT,284.15,1.93,N
22.95606,75.50447,300.84,0.65,0.73,2026-04-10,1947,N21,VIIRS,n,2.0NRT,284.62,1.63,N
22.95655,75.5491,298.98,0.65,0.73,2026-04-10,1947,N21,VIIRS,n,2.0NRT,284.78,0.89,N
22.96103,75.58114,297.01,0.65,0.73,2026-04-10,1947,N21,VIIRS,n,2.0NRT,284.08,1.29,N
22.96161,85.99819,305.08,0.45,0.39,2026-04-10,1947,N21,VIIRS,n,2.0NRT,292.71,0.99,N
22.96363,75.5815,296.91,0.65,0.73,2026-04-10,1947,N21,VIIRS,n,2.0NRT,283.99,1.4,N
22.96767,75.67598,297.04,0.64,0.72,2026-04-10,1947,N21,VIIRS,n,2.0NRT,285.4,1.37,N
22.97306,76.83184,297.94,0.54,0.68,2026-04-10,1947,N21,VIIRS,n,2.0NRT,287.51,0.95,N
22.98432,78.38417,307.96,0.43,0.62,2026-04-10,1947,N21,VIIRS,n,2.0NRT,287.65,1.43,N
22.98997,78.38475,301.98,0.43,0.62,2026-04-10,1947,N21,VIIRS,n,2.0NRT,287.22,0.72,N
22.99063,75.35158,303.76,0.67,0.74,2026-04-10,1947,N21,VIIRS,n,2.0NRT,284.39,2.05,N
22.99364,75.94545,297.44,0.61,0.71,2026-04-10,1947,N21,VIIRS,n,2.0NRT,285.3,0.62,N
22.99446,75.94141,297.2,0.61,0.71,2026-04-10,1947,N21,VIIRS,n,2.0NRT,285.18,0.89,N
22.99561,75.27999,299.86,0.68,0.74,2026-04-10,1947,N21,VIIRS,n,2.0NRT,286.62,1.19,N
23.00447,75.44392,297,0.66,0.73,2026-04-10,1947,N21,VIIRS,n,2.0NRT,286.09,0.75,N
23.00543,78.40301,320.47,0.42,0.61,2026-04-10,1947,N21,VIIRS,n,2.0NRT,288.32,3.11,N
23.0143,77.55859,298.38,0.48,0.65,2026-04-10,1947,N21,VIIRS,n,2.0NRT,284.39,0.61,N
23.0201,78.3356,315.3,0.43,0.62,2026-04-10,1947,N21,VIIRS,n,2.0NRT,287.05,1.65,N
23.02239,75.72203,321.42,0.63,0.72,2026-04-10,1947,N21,VIIRS,n,2.0NRT,288.11,4.21,N
23.0225,76.00381,299.65,0.61,0.71,2026-04-10,1947,N21,VIIRS,n,2.0NRT,286.7,0.95,N
23.02283,78.33767,302.12,0.43,0.62,2026-04-10,1947,N21,VIIRS,n,2.0NRT,285.73,0.85,N
23.02321,78.33352,299.64,0.43,0.62,2026-04-10,1947,N21,VIIRS,n,2.0NRT,286.41,0.85,N
23.02417,75.72434,316.63,0.63,0.72,2026-04-10,1947,N21,VIIRS,n,2.0NRT,286.89,4.16,N
23.02454,75.69079,302.47,0.64,0.72,2026-04-10,1947,N21,VIIRS,n,2.0NRT,285.3,1.44,N
23.02467,78.37983,303.3,0.43,0.62,2026-04-10,1947,N21,VIIRS,n,2.0NRT,286.72,1.62,N
23.02505,78.37569,314.3,0.43,0.62,2026-04-10,1947,N21,VIIRS,n,2.0NRT,287.86,1.62,N
23.02605,75.69942,295.96,0.64,0.72,2026-04-10,1947,N21,VIIRS,n,2.0NRT,285.24,1.32,N
23.02652,75.69318,297.11,0.64,0.72,2026-04-10,1947,N21,VIIRS,n,2.0NRT,285.3,1.32,N
23.02699,75.68694,295.9,0.64,0.72,2026-04-10,1947,N21,VIIRS,n,2.0NRT,285.43,2,N
23.02788,78.37855,322.44,0.43,0.62,2026-04-10,1947,N21,VIIRS,n,2.0NRT,287.46,3.28,N
23.02828,75.43664,302.1,0.66,0.73,2026-04-10,1947,N21,VIIRS,n,2.0NRT,286.43,1.73,N
23.03118,75.69136,304.93,0.64,0.72,2026-04-10,1947,N21,VIIRS,n,2.0NRT,285.26,1.44,N
23.03315,75.69374,303.11,0.64,0.72,2026-04-10,1947,N21,VIIRS,n,2.0NRT,284.88,1.32,N
23.0392,78.37974,298.1,0.43,0.62,2026-04-10,1947,N21,VIIRS,n,2.0NRT,286.36,0.72,N
23.04028,78.36726,307.68,0.43,0.62,2026-04-10,1947,N21,VIIRS,n,2.0NRT,287.52,1.5,N
23.04164,78.38159,305.05,0.43,0.62,2026-04-10,1947,N21,VIIRS,n,2.0NRT,286.96,0.77,N
23.0428,78.36915,311.45,0.43,0.62,2026-04-10,1947,N21,VIIRS,n,2.0NRT,287.26,1.17,N
23.04552,78.33994,299.73,0.43,0.62,2026-04-10,1947,N21,VIIRS,n,2.0NRT,286.82,0.66,N
23.05825,75.8719,298.87,0.62,0.71,2026-04-10,1947,N21,VIIRS,n,2.0NRT,285.66,0.91,N
23.06095,76.64795,297.02,0.55,0.68,2026-04-10,1947,N21,VIIRS,n,2.0NRT,285.52,0.4,N
23.06329,76.64709,295.97,0.55,0.68,2026-04-10,1947,N21,VIIRS,n,2.0NRT,285.38,0.7,N
23.07336,78.31587,300.44,0.43,0.62,2026-04-10,1947,N21,VIIRS,n,2.0NRT,286.96,1.02,N
23.07831,77.91844,305.21,0.46,0.63,2026-04-10,1947,N21,VIIRS,n,2.0NRT,288.71,0.75,N
23.07846,77.91619,300.25,0.46,0.63,2026-04-10,1947,N21,VIIRS,n,2.0NRT,290.07,1.11,N
23.08159,77.816,300.32,0.46,0.64,2026-04-10,1947,N21,VIIRS,n,2.0NRT,290.29,1.11,N
23.08837,75.63927,308.72,0.64,0.72,2026-04-10,1947,N21,VIIRS,n,2.0NRT,284.88,2.05,N
23.09923,75.48717,301.81,0.66,0.73,2026-04-10,1947,N21,VIIRS,n,2.0NRT,284.32,1.69,N
23.10268,75.80828,298.84,0.63,0.72,2026-04-10,1947,N21,VIIRS,n,2.0NRT,287.95,1.94,N
23.1042,76.82272,304.19,0.54,0.68,2026-04-10,1947,N21,VIIRS,n,2.0NRT,284.22,1.01,N
23.10672,75.82713,299.51,0.63,0.72,2026-04-10,1947,N21,VIIRS,n,2.0NRT,286.05,1.11,N
23.10714,75.82099,300.93,0.63,0.72,2026-04-10,1947,N21,VIIRS,n,2.0NRT,286.55,1.05,N
23.10792,75.82708,299.8,0.63,0.72,2026-04-10,1947,N21,VIIRS,n,2.0NRT,286.12,1.05,N
23.10837,75.82094,297.53,0.63,0.72,2026-04-10,1947,N21,VIIRS,n,2.0NRT,286.27,1.05,N
23.11122,77.44081,296.92,0.49,0.65,2026-04-10,1947,N21,VIIRS,n,2.0NRT,284.38,0.63,N
23.11427,77.44408,297.73,0.49,0.65,2026-04-10,1947,N21,VIIRS,n,2.0NRT,284.21,0.47,N
23.12665,77.90254,308.47,0.46,0.63,2026-04-10,1947,N21,VIIRS,n,2.0NRT,286.03,6.64,N
23.12702,77.89817,355.16,0.46,0.63,2026-04-10,1947,N21,VIIRS,n,2.0NRT,288.32,6.64,N
23.12756,75.74246,295.99,0.63,0.72,2026-04-10,1947,N21,VIIRS,n,2.0NRT,285.12,1.26,N
23.12883,77.44729,297.3,0.49,0.65,2026-04-10,1947,N21,VIIRS,n,2.0NRT,285.68,1.11,N
23.12922,77.44254,305.52,0.49,0.65,2026-04-10,1947,N21,VIIRS,n,2.0NRT,286.39,1.11,N
23.13627,75.53507,304.17,0.65,0.73,2026-04-10,1947,N21,VIIRS,n,2.0NRT,286.06,1.37,N
23.13993,75.53522,302.7,0.65,0.73,2026-04-10,1947,N21,VIIRS,n,2.0NRT,285.92,1.92,N
23.1425,75.54198,302.06,0.65,0.73,2026-04-10,1947,N21,VIIRS,n,2.0NRT,286.48,1.82,N
23.14286,77.18248,300.2,0.51,0.66,2026-04-10,1947,N21,VIIRS,n,2.0NRT,286.6,0.99,N
23.144,75.76856,299.98,0.63,0.72,2026-04-10,1947,N21,VIIRS,n,2.0NRT,288.48,1.83,N
23.14557,75.76846,300.81,0.63,0.72,2026-04-10,1947,N21,VIIRS,n,2.0NRT,288.94,2.09,N
23.1462,75.54215,306.71,0.65,0.73,2026-04-10,1947,N21,VIIRS,n,2.0NRT,285.53,2.77,N
23.1643,82.33905,322.04,0.48,0.48,2026-04-10,1947,N21,VIIRS,n,2.0NRT,295.73,3.27,N
23.16452,82.34138,323.16,0.48,0.48,2026-04-10,1947,N21,VIIRS,n,2.0NRT,296.14,3.66,N
23.16502,82.33681,308.19,0.48,0.48,2026-04-10,1947,N21,VIIRS,n,2.0NRT,294.51,1.91,N
23.16857,77.96041,302.72,0.46,0.63,2026-04-10,1947,N21,VIIRS,n,2.0NRT,286.44,1.33,N
23.16888,77.96085,300.59,0.46,0.63,2026-04-10,1947,N21,VIIRS,n,2.0NRT,286.27,1.46,N
23.17027,75.53127,306.45,0.65,0.73,2026-04-10,1947,N21,VIIRS,n,2.0NRT,287.39,2.23,N
23.17131,75.66477,317.3,0.64,0.72,2026-04-10,1947,N21,VIIRS,n,2.0NRT,287.62,3.98,N
23.17361,77.49002,299.89,0.49,0.65,2026-04-10,1947,N21,VIIRS,n,2.0NRT,286.17,1.34,N
23.17389,75.53155,306.64,0.66,0.73,2026-04-10,1947,N21,VIIRS,n,2.0NRT,287.49,2.27,N
23.17646,76.59285,299.76,0.56,0.69,2026-04-10,1947,N21,VIIRS,n,2.0NRT,285.48,0.42,N
23.17945,76.592,308.47,0.56,0.69,2026-04-10,1947,N21,VIIRS,n,2.0NRT,285.43,1.38,N
23.18277,76.59341,298.3,0.56,0.69,2026-04-10,1947,N21,VIIRS,n,2.0NRT,285.22,0.81,N
23.1855,75.46146,296.98,0.66,0.73,2026-04-10,1947,N21,VIIRS,n,2.0NRT,285.18,1.11,N
23.20315,79.45886,307.94,0.36,0.58,2026-04-10,1947,N21,VIIRS,n,2.0NRT,292.14,1.2,N
23.20692,76.85432,309.56,0.54,0.68,2026-04-10,1947,N21,VIIRS,n,2.0NRT,287.27,1.57,N
23.21313,76.85492,297.74,0.54,0.68,2026-04-10,1947,N21,VIIRS,n,2.0NRT,285.5,1.16,N
23.21506,78.53445,300.91,0.42,0.61,2026-04-10,1947,N21,VIIRS,n,2.0NRT,285.78,0.56,N
23.21625,75.75578,299.01,0.63,0.72,2026-04-10,1947,N21,VIIRS,n,2.0NRT,285.35,0.74,N
23.21671,78.53602,299.2,0.42,0.61,2026-04-10,1947,N21,VIIRS,n,2.0NRT,285.54,0.37,N
23.21993,78.47697,301.98,0.42,0.61,2026-04-10,1947,N21,VIIRS,n,2.0NRT,286.41,0.63,N
23.22482,76.54229,300.46,0.56,0.69,2026-04-10,1947,N21,VIIRS,n,2.0NRT,286.03,0.87,N
23.22527,79.8448,311.33,0.34,0.56,2026-04-10,1947,N21,VIIRS,n,2.0NRT,285.21,0.82,N
23.22738,76.67374,299.72,0.55,0.68,2026-04-10,1947,N21,VIIRS,n,2.0NRT,284.7,0.76,N
23.23591,75.85667,296.99,0.63,0.72,2026-04-10,1947,N21,VIIRS,n,2.0NRT,285.81,0.66,N
23.23654,75.75148,307.9,0.63,0.72,2026-04-10,1947,N21,VIIRS,n,2.0NRT,287.29,1.76,N
23.23721,75.85644,295.74,0.62,0.72,2026-04-10,1947,N21,VIIRS,n,2.0NRT,284.87,0.58,N
23.23804,75.75757,313.05,0.63,0.72,2026-04-10,1947,N21,VIIRS,n,2.0NRT,286.61,2.96,N
23.2385,75.75143,315.07,0.63,0.72,2026-04-10,1947,N21,VIIRS,n,2.0NRT,287.28,2.96,N
23.24122,75.87543,302.34,0.62,0.72,2026-04-10,1947,N21,VIIRS,n,2.0NRT,285.64,0.59,N
23.2424,75.87513,300.2,0.62,0.72,2026-04-10,1947,N21,VIIRS,n,2.0NRT,285.67,1.55,N
23.24275,75.75813,313.58,0.63,0.72,2026-04-10,1947,N21,VIIRS,n,2.0NRT,285.19,3.24,N
23.24317,75.75196,310.31,0.63,0.72,2026-04-10,1947,N21,VIIRS,n,2.0NRT,285.29,2.04,N
23.24467,75.75802,297.07,0.63,0.72,2026-04-10,1947,N21,VIIRS,n,2.0NRT,284.58,0.58,N
23.24514,75.75187,295.05,0.63,0.72,2026-04-10,1947,N21,VIIRS,n,2.0NRT,284.41,0.58,N
23.25023,75.74626,300.81,0.64,0.72,2026-04-10,1947,N21,VIIRS,n,2.0NRT,284.94,2.04,N
23.25224,75.74614,301.29,0.63,0.72,2026-04-10,1947,N21,VIIRS,n,2.0NRT,284.47,1,N
23.2604,75.4995,306.96,0.66,0.73,2026-04-10,1947,N21,VIIRS,n,2.0NRT,286.76,2.11,N
23.26397,75.49981,298.33,0.66,0.73,2026-04-10,1947,N21,VIIRS,n,2.0NRT,286.19,1.81,N
23.28413,78.4586,326.01,0.42,0.61,2026-04-10,1947,N21,VIIRS,n,2.0NRT,287.67,3.35,N
23.29903,77.10077,299.13,0.52,0.67,2026-04-10,1947,N21,VIIRS,n,2.0NRT,285,0.99,N
23.30088,76.05325,296.73,0.61,0.71,2026-04-10,1947,N21,VIIRS,n,2.0NRT,284.2,0.56,N
23.30618,77.71683,302.61,0.47,0.64,2026-04-10,1947,N21,VIIRS,n,2.0NRT,284.04,0.82,N
23.30765,77.71951,303.4,0.47,0.64,2026-04-10,1947,N21,VIIRS,n,2.0NRT,283.92,1.06,N
23.30885,75.85656,306.34,0.63,0.72,2026-04-10,1947,N21,VIIRS,n,2.0NRT,286.18,3.48,N
23.31088,77.10697,298.63,0.52,0.67,2026-04-10,1947,N21,VIIRS,n,2.0NRT,285.63,1.19,N
23.32209,77.36532,296.23,0.5,0.66,2026-04-10,1947,N21,VIIRS,n,2.0NRT,285.96,0.89,N
23.32737,77.37554,298.2,0.5,0.66,2026-04-10,1947,N21,VIIRS,n,2.0NRT,284.5,1.24,N
23.32808,77.8118,312.75,0.47,0.64,2026-04-10,1947,N21,VIIRS,n,2.0NRT,286.75,2.1,N
23.3287,79.01986,319.04,0.39,0.59,2026-04-10,1947,N21,VIIRS,n,2.0NRT,286.52,1.72,N
23.32958,75.38144,305.58,0.67,0.74,2026-04-10,1947,N21,VIIRS,n,2.0NRT,286.61,2.12,N
23.33234,76.99524,311.56,0.53,0.67,2026-04-10,1947,N21,VIIRS,n,2.0NRT,285.31,2.01,N
23.34594,77.27687,298.38,0.51,0.66,2026-04-10,1947,N21,VIIRS,n,2.0NRT,286.12,3.36,N
23.34717,77.27872,309.26,0.51,0.66,2026-04-10,1947,N21,VIIRS,n,2.0NRT,286.72,1.05,N
23.34873,79.93828,304.65,0.34,0.56,2026-04-10,1947,N21,VIIRS,n,2.0NRT,284.96,0.36,N
23.34949,77.0086,295.48,0.53,0.67,2026-04-10,1947,N21,VIIRS,n,2.0NRT,285.29,1.05,N
23.35201,77.27746,329.02,0.51,0.66,2026-04-10,1947,N21,VIIRS,n,2.0NRT,287.82,3.36,N
23.35323,77.27936,315.69,0.51,0.66,2026-04-10,1947,N21,VIIRS,n,2.0NRT,287.09,3.4,N
23.35362,77.27442,326.5,0.51,0.66,2026-04-10,1947,N21,VIIRS,n,2.0NRT,288.62,3.4,N
23.35388,79.93887,316.11,0.34,0.56,2026-04-10,1947,N21,VIIRS,n,2.0NRT,286.31,1.24,N
23.35404,77.03355,297.42,0.53,0.67,2026-04-10,1947,N21,VIIRS,n,2.0NRT,284.74,0.36,N
23.35566,77.00914,303.51,0.53,0.67,2026-04-10,1947,N21,VIIRS,n,2.0NRT,285.31,1.05,N
23.35575,77.01289,296.97,0.53,0.67,2026-04-10,1947,N21,VIIRS,n,2.0NRT,285.22,0.75,N
23.3558,77.32404,309.28,0.5,0.66,2026-04-10,1947,N21,VIIRS,n,2.0NRT,285.49,1.94,N
23.35891,75.88294,307.01,0.62,0.72,2026-04-10,1947,N21,VIIRS,n,2.0NRT,285.17,2.69,N
23.3593,77.27996,307.13,0.51,0.66,2026-04-10,1947,N21,VIIRS,n,2.0NRT,285.84,3.4,N
23.3595,77.35403,304.54,0.5,0.66,2026-04-10,1947,N21,VIIRS,n,2.0NRT,286.97,1.64,N
23.35969,77.27505,318.44,0.51,0.66,2026-04-10,1947,N21,VIIRS,n,2.0NRT,287.79,3.4,N
23.36008,77.27011,303.41,0.51,0.66,2026-04-10,1947,N21,VIIRS,n,2.0NRT,287.43,2.88,N
23.3602,75.87902,300.73,0.62,0.72,2026-04-10,1947,N21,VIIRS,n,2.0NRT,284.5,2.39,N
23.36615,77.27076,303.13,0.51,0.66,2026-04-10,1947,N21,VIIRS,n,2.0NRT,287.55,1.22,N
23.36942,77.07232,298.74,0.52,0.67,2026-04-10,1947,N21,VIIRS,n,2.0NRT,284.84,0.98,N
23.36954,77.07075,301.22,0.52,0.67,2026-04-10,1947,N21,VIIRS,n,2.0NRT,284.96,0.82,N
23.37156,75.79762,300.35,0.63,0.72,2026-04-10,1947,N21,VIIRS,n,2.0NRT,286.67,1.38,N
23.37758,75.47002,323.36,0.66,0.73,2026-04-10,1947,N21,VIIRS,n,2.0NRT,288.14,6.62,N
23.37819,75.79807,303.36,0.63,0.72,2026-04-10,1947,N21,VIIRS,n,2.0NRT,285.21,1.38,N
23.38044,75.47402,299.05,0.66,0.73,2026-04-10,1947,N21,VIIRS,n,2.0NRT,287.53,3.25,N
23.38088,75.46746,326.22,0.66,0.73,2026-04-10,1947,N21,VIIRS,n,2.0NRT,288.69,3.91,N
23.38132,75.4609,302.24,0.67,0.73,2026-04-10,1947,N21,VIIRS,n,2.0NRT,287.25,3.91,N
23.38279,77.29208,315.25,0.51,0.66,2026-04-10,1947,N21,VIIRS,n,2.0NRT,286.7,2.37,N
23.38319,77.28719,307.76,0.51,0.66,2026-04-10,1947,N21,VIIRS,n,2.0NRT,286.96,2.37,N
23.38399,75.42133,303.88,0.67,0.74,2026-04-10,1947,N21,VIIRS,n,2.0NRT,286.83,2.49,N
23.38481,75.46393,313.59,0.66,0.73,2026-04-10,1947,N21,VIIRS,n,2.0NRT,287.03,2.47,N
23.38771,75.42458,301.45,0.67,0.73,2026-04-10,1947,N21,VIIRS,n,2.0NRT,287.65,1.52,N
23.39502,80.13583,302.84,0.33,0.55,2026-04-10,1947,N21,VIIRS,n,2.0NRT,284.96,0.23,N
23.39633,80.1357,304.7,0.33,0.55,2026-04-10,1947,N21,VIIRS,n,2.0NRT,285.28,0.35,N
23.41508,75.56025,296.81,0.66,0.73,2026-04-10,1947,N21,VIIRS,n,2.0NRT,284.6,1.18,N
23.41681,80.06922,308.95,0.33,0.56,2026-04-10,1947,N21,VIIRS,n,2.0NRT,284.85,0.74,N
23.41845,80.316,297.7,0.32,0.55,2026-04-10,1947,N21,VIIRS,n,2.0NRT,286.03,0.18,N
23.4215,76.96289,296.32,0.53,0.67,2026-04-10,1947,N21,VIIRS,n,2.0NRT,284.9,1.32,N
23.42168,75.65675,305.01,0.65,0.73,2026-04-10,1947,N21,VIIRS,n,2.0NRT,285.85,1.42,N
23.42191,80.3833,309.96,0.32,0.55,2026-04-10,1947,N21,VIIRS,n,2.0NRT,285.6,1.24,N
23.42519,76.83658,295.22,0.54,0.68,2026-04-10,1947,N21,VIIRS,n,2.0NRT,284.75,0.47,N
23.42616,80.13274,296.91,0.33,0.55,2026-04-10,1947,N21,VIIRS,n,2.0NRT,285.08,0.44,N
23.42622,80.18495,297.61,0.33,0.55,2026-04-10,1947,N21,VIIRS,n,2.0NRT,285.9,0.57,N
23.42653,79.96713,303.53,0.34,0.56,2026-04-10,1947,N21,VIIRS,n,2.0NRT,287.51,0.96,N
23.43056,80.08727,304.1,0.33,0.56,2026-04-10,1947,N21,VIIRS,n,2.0NRT,287.01,0.56,N
23.43129,80.18552,299.65,0.33,0.55,2026-04-10,1947,N21,VIIRS,n,2.0NRT,284.97,0.57,N
23.43143,76.75648,295.95,0.55,0.68,2026-04-10,1947,N21,VIIRS,n,2.0NRT,285.38,0.69,N
23.43192,76.05266,312.08,0.61,0.71,2026-04-10,1947,N21,VIIRS,n,2.0NRT,286.45,2.51,N
23.43222,76.05219,309.1,0.61,0.71,2026-04-10,1947,N21,VIIRS,n,2.0NRT,286.25,2.62,N
23.43546,79.92783,299.13,0.34,0.56,2026-04-10,1947,N21,VIIRS,n,2.0NRT,285.72,1,N
23.43636,76.93291,300.22,0.53,0.67,2026-04-10,1947,N21,VIIRS,n,2.0NRT,284.81,0.62,N
23.44103,75.62617,295.84,0.65,0.73,2026-04-10,1947,N21,VIIRS,n,2.0NRT,285.67,1.39,N
23.44363,80.41871,300.16,0.64,0.54,2026-04-10,1947,N21,VIIRS,n,2.0NRT,286.24,0.65,N
23.44402,75.62651,296.72,0.65,0.73,2026-04-10,1947,N21,VIIRS,n,2.0NRT,286.05,1.12,N
23.44708,76.95487,298.73,0.53,0.67,2026-04-10,1947,N21,VIIRS,n,2.0NRT,285.23,0.73,N
23.44979,77.07426,295.18,0.52,0.67,2026-04-10,1947,N21,VIIRS,n,2.0NRT,284.81,0.61,N
23.45065,78.03004,299.06,0.45,0.63,2026-04-10,1947,N21,VIIRS,n,2.0NRT,285.35,0.67,N
23.45246,76.95681,300.6,0.53,0.67,2026-04-10,1947,N21,VIIRS,n,2.0NRT,285.02,1.72,N
23.45268,77.33325,308.46,0.5,0.66,2026-04-10,1947,N21,VIIRS,n,2.0NRT,287.48,2.71,N
23.45324,77.02953,300.4,0.53,0.67,2026-04-10,1947,N21,VIIRS,n,2.0NRT,285.36,0.82,N
23.45328,76.95542,297.58,0.53,0.67,2026-04-10,1947,N21,VIIRS,n,2.0NRT,285.52,0.82,N
23.4543,77.33533,299.04,0.5,0.66,2026-04-10,1947,N21,VIIRS,n,2.0NRT,287.66,0.97,N
23.45469,77.33034,298.9,0.5,0.66,2026-04-10,1947,N21,VIIRS,n,2.0NRT,286.43,0.97,N
23.46345,75.88517,301.88,0.63,0.72,2026-04-10,1947,N21,VIIRS,n,2.0NRT,285.3,1.35,N
23.46382,76.71691,296.15,0.55,0.68,2026-04-10,1947,N21,VIIRS,n,2.0NRT,284.96,0.98,N
23.46461,76.70602,296.04,0.55,0.68,2026-04-10,1947,N21,VIIRS,n,2.0NRT,284.96,1.25,N
23.46482,75.88489,296.13,0.63,0.72,2026-04-10,1947,N21,VIIRS,n,2.0NRT,285.3,1.5,N
23.47716,80.44254,299.84,0.63,0.54,2026-04-10,1947,N21,VIIRS,n,2.0NRT,286.97,0.63,N
23.47774,77.11431,297.3,0.52,0.67,2026-04-10,1947,N21,VIIRS,n,2.0NRT,284.42,0.79,N
23.48088,80.25258,302.33,0.33,0.55,2026-04-10,1947,N21,VIIRS,n,2.0NRT,285.88,0.44,N
23.4812,80.2494,297.15,0.33,0.55,2026-04-10,1947,N21,VIIRS,n,2.0NRT,286.53,0.44,N
23.48164,80.44193,313.47,0.63,0.54,2026-04-10,1947,N21,VIIRS,n,2.0NRT,286.27,2.32,N
23.48215,80.44308,302.52,0.63,0.54,2026-04-10,1947,N21,VIIRS,n,2.0NRT,285.84,0.63,N
23.48794,80.43002,303.09,0.64,0.54,2026-04-10,1947,N21,VIIRS,n,2.0NRT,285.45,0.62,N
23.48836,80.43114,302.6,0.64,0.54,2026-04-10,1947,N21,VIIRS,n,2.0NRT,285.51,0.96,N
23.48922,77.12558,296.07,0.52,0.67,2026-04-10,1947,N21,VIIRS,n,2.0NRT,284.89,0.86,N
23.49042,77.11028,296.25,0.52,0.67,2026-04-10,1947,N21,VIIRS,n,2.0NRT,284.67,0.83,N
23.49536,77.12614,298.75,0.52,0.67,2026-04-10,1947,N21,VIIRS,n,2.0NRT,284.67,0.7,N
23.50467,76.50478,296.21,0.57,0.69,2026-04-10,1947,N21,VIIRS,n,2.0NRT,284.64,1.24,N
23.50935,76.49277,318.67,0.57,0.69,2026-04-10,1947,N21,VIIRS,n,2.0NRT,285.52,3.37,N
23.50962,75.88864,297.03,0.63,0.72,2026-04-10,1947,N21,VIIRS,n,2.0NRT,285.06,1.18,N
23.51185,76.49412,308.09,0.57,0.69,2026-04-10,1947,N21,VIIRS,n,2.0NRT,285.42,4.2,N
23.51576,76.52824,295.6,0.57,0.69,2026-04-10,1947,N21,VIIRS,n,2.0NRT,284.04,0.84,N
23.51896,76.53291,295.67,0.57,0.69,2026-04-10,1947,N21,VIIRS,n,2.0NRT,284.57,1.16,N
23.52194,77.17961,298.79,0.52,0.67,2026-04-10,1947,N21,VIIRS,n,2.0NRT,285.51,0.62,N
23.53159,77.28674,309.68,0.51,0.66,2026-04-10,1947,N21,VIIRS,n,2.0NRT,285.85,2.01,N
23.53278,77.28642,312.62,0.51,0.66,2026-04-10,1947,N21,VIIRS,n,2.0NRT,286,1.78,N
23.53866,79.90608,297.26,0.34,0.56,2026-04-10,1947,N21,VIIRS,n,2.0NRT,285.93,0.47,N
23.5443,80.01122,320.15,0.34,0.56,2026-04-10,1947,N21,VIIRS,n,2.0NRT,286.3,1.51,N
23.54662,74.95744,298.5,0.72,0.76,2026-04-10,1947,N21,VIIRS,n,2.0NRT,285.8,2.08,N
23.54707,74.95046,306.78,0.72,0.76,2026-04-10,1947,N21,VIIRS,n,2.0NRT,285.17,2.08,N
23.55812,75.8612,295.36,0.63,0.72,2026-04-10,1947,N21,VIIRS,n,2.0NRT,284.37,0.4,N
23.56697,78.3302,306.21,0.44,0.62,2026-04-10,1947,N21,VIIRS,n,2.0NRT,283.99,0.98,N
23.56932,76.96633,300.72,0.53,0.67,2026-04-10,1947,N21,VIIRS,n,2.0NRT,285.58,0.85,N
23.56962,76.49332,300.62,0.57,0.69,2026-04-10,1947,N21,VIIRS,n,2.0NRT,284.68,1.45,N
23.57005,76.48768,296.27,0.57,0.69,2026-04-10,1947,N21,VIIRS,n,2.0NRT,284.75,1.92,N
23.57022,76.96714,300.23,0.53,0.67,2026-04-10,1947,N21,VIIRS,n,2.0NRT,285.74,0.87,N
23.57061,78.32819,303,0.44,0.62,2026-04-10,1947,N21,VIIRS,n,2.0NRT,284.46,0.96,N
23.57154,75.64275,295.66,0.65,0.73,2026-04-10,1947,N21,VIIRS,n,2.0NRT,284.64,0.75,N
23.57213,76.20003,296.26,0.6,0.7,2026-04-10,1947,N21,VIIRS,n,2.0NRT,285.66,0.85,N
23.57439,75.64275,297.07,0.65,0.73,2026-04-10,1947,N21,VIIRS,n,2.0NRT,285.05,1.06,N
23.5815,74.95267,295.1,0.72,0.76,2026-04-10,1947,N21,VIIRS,n,2.0NRT,284.65,0.6,N
23.5818,74.95336,296.61,0.72,0.76,2026-04-10,1947,N21,VIIRS,n,2.0NRT,284.95,1.21,N
23.58917,76.48931,295.74,0.57,0.69,2026-04-10,1947,N21,VIIRS,n,2.0NRT,284.84,0.85,N
23.59152,76.4881,299.7,0.57,0.69,2026-04-10,1947,N21,VIIRS,n,2.0NRT,284.67,0.89,N
23.59624,78.04662,295.36,0.46,0.63,2026-04-10,1947,N21,VIIRS,n,2.0NRT,285.23,0.6,N
23.60056,76.6289,298.94,0.56,0.69,2026-04-10,1947,N21,VIIRS,n,2.0NRT,285.75,1.21,N
23.60367,76.63026,314.74,0.56,0.69,2026-04-10,1947,N21,VIIRS,n,2.0NRT,286.1,2.27,N
23.60688,76.6295,300.81,0.56,0.69,2026-04-10,1947,N21,VIIRS,n,2.0NRT,285.53,1.21,N
23.60707,77.04294,322.91,0.53,0.67,2026-04-10,1947,N21,VIIRS,n,2.0NRT,286.41,2.88,N
23.60748,77.0378,302.19,0.53,0.67,2026-04-10,1947,N21,VIIRS,n,2.0NRT,285.64,2.88,N
23.60873,82.48679,306.03,0.47,0.48,2026-04-10,1947,N21,VIIRS,n,2.0NRT,291.18,1.78,N
23.61524,75.69105,304.54,0.65,0.73,2026-04-10,1947,N21,VIIRS,n,2.0NRT,285.49,1.95,N
23.61533,85.65945,304.67,0.47,0.4,2026-04-10,1947,N21,VIIRS,n,2.0NRT,293.25,1.52,N
23.61918,79.20631,311.35,0.38,0.59,2026-04-10,1947,N21,VIIRS,n,2.0NRT,286.82,1.17,N
23.62192,75.69157,299.11,0.65,0.73,2026-04-10,1947,N21,VIIRS,n,2.0NRT,284.9,1.95,N
23.62236,75.68523,296.95,0.65,0.73,2026-04-10,1947,N21,VIIRS,n,2.0NRT,285.7,1.95,N
23.62282,75.67886,296.28,0.65,0.73,2026-04-10,1947,N21,VIIRS,n,2.0NRT,285.33,1.56,N
23.62545,75.73629,308.75,0.64,0.72,2026-04-10,1947,N21,VIIRS,n,2.0NRT,286.19,3.19,N
23.6259,75.72994,306.89,0.64,0.72,2026-04-10,1947,N21,VIIRS,n,2.0NRT,286.16,3.53,N
23.62872,76.59271,296.9,0.57,0.69,2026-04-10,1947,N21,VIIRS,n,2.0NRT,285.58,0.5,N
23.63129,77.97775,301.65,0.46,0.64,2026-04-10,1947,N21,VIIRS,n,2.0NRT,285.41,0.76,N
23.63286,80.0363,298.55,0.34,0.56,2026-04-10,1947,N21,VIIRS,n,2.0NRT,286.33,0.46,N
23.63751,77.97375,297.31,0.46,0.64,2026-04-10,1947,N21,VIIRS,n,2.0NRT,284.13,0.61,N
23.64011,76.16416,298.32,0.6,0.71,2026-04-10,1947,N21,VIIRS,n,2.0NRT,285.09,0.76,N
23.64041,76.1625,295.93,0.6,0.71,2026-04-10,1947,N21,VIIRS,n,2.0NRT,285.54,1.03,N
23.64475,85.43955,310.21,0.48,0.4,2026-04-10,1947,N21,VIIRS,n,2.0NRT,292.64,1.45,N
23.64486,85.44134,312.53,0.48,0.4,2026-04-10,1947,N21,VIIRS,n,2.0NRT,291.47,1.77,N
23.64549,85.43665,302.7,0.48,0.4,2026-04-10,1947,N21,VIIRS,n,2.0NRT,292.41,1.77,N
23.64623,76.94124,295.66,0.54,0.68,2026-04-10,1947,N21,VIIRS,n,2.0NRT,285.08,0.84,N
23.6466,76.16471,314.4,0.6,0.71,2026-04-10,1947,N21,VIIRS,n,2.0NRT,287.22,2.1,N
23.64691,76.16307,310.15,0.6,0.71,2026-04-10,1947,N21,VIIRS,n,2.0NRT,287.79,2.43,N
23.64769,80.0979,296.94,0.34,0.56,2026-04-10,1947,N21,VIIRS,n,2.0NRT,285.28,0.31,N
23.64842,85.44013,315.14,0.48,0.4,2026-04-10,1947,N21,VIIRS,n,2.0NRT,292.14,2.13,N
23.64902,85.43545,314.7,0.48,0.4,2026-04-10,1947,N21,VIIRS,n,2.0NRT,293.2,2.13,N
23.64916,85.43723,319.1,0.48,0.4,2026-04-10,1947,N21,VIIRS,n,2.0NRT,293.82,1.77,N
23.6493,75.74184,301.36,0.64,0.72,2026-04-10,1947,N21,VIIRS,n,2.0NRT,284.47,1.59,N
23.65262,77.25838,297.03,0.51,0.66,2026-04-10,1947,N21,VIIRS,n,2.0NRT,286.46,0.66,N
23.65485,75.70026,295.98,0.65,0.73,2026-04-10,1947,N21,VIIRS,n,2.0NRT,285.3,0.87,N
23.65777,77.25733,311.65,0.51,0.66,2026-04-10,1947,N21,VIIRS,n,2.0NRT,286.78,4.9,N
23.65819,77.25224,331.43,0.51,0.66,2026-04-10,1947,N21,VIIRS,n,2.0NRT,288.04,5.5,N
23.65872,77.2589,302.03,0.51,0.66,2026-04-10,1947,N21,VIIRS,n,2.0NRT,286.73,3.42,N
23.65912,77.25377,338,0.51,0.66,2026-04-10,1947,N21,VIIRS,n,2.0NRT,288.02,3.42,N
23.65971,77.98957,298.56,0.46,0.63,2026-04-10,1947,N21,VIIRS,n,2.0NRT,285.83,0.71,N
23.66176,77.28304,298.14,0.51,0.66,2026-04-10,1947,N21,VIIRS,n,2.0NRT,285.76,0.48,N
23.66223,76.22279,299.38,0.6,0.7,2026-04-10,1947,N21,VIIRS,n,2.0NRT,284.82,0.99,N
23.66572,84.99746,309.57,0.51,0.41,2026-04-10,1947,N21,VIIRS,n,2.0NRT,291.21,1.54,N
23.66602,78.18712,315.71,0.45,0.63,2026-04-10,1947,N21,VIIRS,n,2.0NRT,287.7,2.82,N
23.66718,78.18575,301.65,0.45,0.63,2026-04-10,1947,N21,VIIRS,n,2.0NRT,287.92,1.84,N
23.66782,80.10352,312.83,0.34,0.56,2026-04-10,1947,N21,VIIRS,n,2.0NRT,284.64,0.86,N
23.66939,79.01626,302.73,0.39,0.6,2026-04-10,1947,N21,VIIRS,n,2.0NRT,285.8,1.4,N
23.66948,84.99801,306.12,0.51,0.41,2026-04-10,1947,N21,VIIRS,n,2.0NRT,291.61,1.54,N
23.68307,80.15813,329.55,0.33,0.55,2026-04-10,1947,N21,VIIRS,n,2.0NRT,286.3,2.28,N
23.68352,76.9444,296.27,0.54,0.68,2026-04-10,1947,N21,VIIRS,n,2.0NRT,285.55,0.95,N
23.68457,85.3638,302.07,0.49,0.4,2026-04-10,1947,N21,VIIRS,n,2.0NRT,290.15,0.96,N
23.68554,79.19786,297.72,0.38,0.59,2026-04-10,1947,N21,VIIRS,n,2.0NRT,285.96,0.64,N
23.68748,78.27193,298.24,0.44,0.62,2026-04-10,1947,N21,VIIRS,n,2.0NRT,285.19,0.63,N
23.68776,79.19895,301.45,0.38,0.59,2026-04-10,1947,N21,VIIRS,n,2.0NRT,285.96,0.58,N
23.68883,78.27505,297,0.44,0.62,2026-04-10,1947,N21,VIIRS,n,2.0NRT,285.92,1.23,N
23.68919,78.27071,313.98,0.44,0.62,2026-04-10,1947,N21,VIIRS,n,2.0NRT,285.7,2.03,N
23.68969,82.64349,309.38,0.46,0.47,2026-04-10,1947,N21,VIIRS,n,2.0NRT,293.6,2.3,N
23.69246,78.50301,320.32,0.43,0.62,2026-04-10,1947,N21,VIIRS,n,2.0NRT,286.65,2.45,N
23.69405,82.64387,313.08,0.46,0.47,2026-04-10,1947,N21,VIIRS,n,2.0NRT,293.77,1.93,N
23.69418,76.23141,302.12,0.6,0.7,2026-04-10,1947,N21,VIIRS,n,2.0NRT,284.91,1.27,N
23.69494,79.21394,301.33,0.38,0.59,2026-04-10,1947,N21,VIIRS,n,2.0NRT,285.83,0.45,N
23.69501,85.37025,306.53,0.49,0.4,2026-04-10,1947,N21,VIIRS,n,2.0NRT,292.49,1.21,N
23.69563,85.36552,305.07,0.49,0.4,2026-04-10,1947,N21,VIIRS,n,2.0NRT,291.18,1.21,N
23.69601,79.20277,304.42,0.38,0.59,2026-04-10,1947,N21,VIIRS,n,2.0NRT,286.15,1.22,N
23.69636,79.19904,310.12,0.38,0.59,2026-04-10,1947,N21,VIIRS,n,2.0NRT,286.6,1.22,N
23.69727,79.2151,298.53,0.38,0.59,2026-04-10,1947,N21,VIIRS,n,2.0NRT,285.64,0.38,N
23.69859,79.20017,327.78,0.38,0.59,2026-04-10,1947,N21,VIIRS,n,2.0NRT,288.28,3.27,N
23.70178,79.19963,298.82,0.38,0.59,2026-04-10,1947,N21,VIIRS,n,2.0NRT,286.73,0.97,N
23.71881,85.00829,303.92,0.51,0.41,2026-04-10,1947,N21,VIIRS,n,2.0NRT,290.51,1.88,N
23.72025,79.20258,303.13,0.38,0.59,2026-04-10,1947,N21,VIIRS,n,2.0NRT,286.28,0.59,N
23.72677,78.30481,298.38,0.44,0.62,2026-04-10,1947,N21,VIIRS,n,2.0NRT,285.56,0.55,N
23.72963,80.24564,298.41,0.33,0.55,2026-04-10,1947,N21,VIIRS,n,2.0NRT,286.64,0.49,N
23.73207,78.50684,299.32,0.43,0.62,2026-04-10,1947,N21,VIIRS,n,2.0NRT,285.1,1.43,N
23.73823,85.00626,303.85,0.51,0.41,2026-04-10,1947,N21,VIIRS,n,2.0NRT,291.86,2.2,N
23.73859,75.71037,296.58,0.65,0.73,2026-04-10,1947,N21,VIIRS,n,2.0NRT,285.01,0.68,N
23.74225,80.22113,330.42,0.33,0.55,2026-04-10,1947,N21,VIIRS,n,2.0NRT,291.26,2.93,N
23.7427,75.7104,296.39,0.65,0.73,2026-04-10,1947,N21,VIIRS,n,2.0NRT,284.53,0.68,N
23.74302,78.51204,304.7,0.43,0.62,2026-04-10,1947,N21,VIIRS,n,2.0NRT,284.87,0.87,N
23.75016,77.95993,297.52,0.46,0.64,2026-04-10,1947,N21,VIIRS,n,2.0NRT,286.09,0.61,N
23.75384,78.25949,296.64,0.44,0.63,2026-04-10,1947,N21,VIIRS,n,2.0NRT,286.12,0.53,N
23.75832,76.85546,295.58,0.55,0.68,2026-04-10,1947,N21,VIIRS,n,2.0NRT,285.46,1.17,N
23.75874,76.85007,295.88,0.55,0.68,2026-04-10,1947,N21,VIIRS,n,2.0NRT,284.56,0.89,N
23.76457,76.85598,315.3,0.55,0.68,2026-04-10,1947,N21,VIIRS,n,2.0NRT,285.22,3.05,N
23.765,76.8506,301.94,0.55,0.68,2026-04-10,1947,N21,VIIRS,n,2.0NRT,284.93,2.45,N
23.76561,78.12374,303.52,0.45,0.63,2026-04-10,1947,N21,VIIRS,n,2.0NRT,285.99,0.58,N
23.76654,77.76212,297.04,0.48,0.64,2026-04-10,1947,N21,VIIRS,n,2.0NRT,285.45,0.66,N
23.77531,76.29136,298.43,0.59,0.7,2026-04-10,1947,N21,VIIRS,n,2.0NRT,285.09,0.74,N
23.79702,78.31593,302.18,0.44,0.62,2026-04-10,1947,N21,VIIRS,n,2.0NRT,285.6,0.64,N
23.79747,77.06284,298.96,0.53,0.67,2026-04-10,1947,N21,VIIRS,n,2.0NRT,286.85,0.77,N
23.80169,78.85039,296.24,0.41,0.6,2026-04-10,1947,N21,VIIRS,n,2.0NRT,285.03,0.44,N
23.81155,77.27955,313.1,0.51,0.66,2026-04-10,1947,N21,VIIRS,n,2.0NRT,287.41,1.8,N
23.81182,77.03793,296.97,0.53,0.67,2026-04-10,1947,N21,VIIRS,n,2.0NRT,286.31,0.49,N
23.81612,78.22616,316.36,0.45,0.63,2026-04-10,1947,N21,VIIRS,n,2.0NRT,287.61,2.19,N
23.82188,78.2267,308.67,0.45,0.63,2026-04-10,1947,N21,VIIRS,n,2.0NRT,287.18,2.19,N
23.82451,84.57179,329.97,0.54,0.42,2026-04-10,1947,N21,VIIRS,n,2.0NRT,294,6.03,N
23.82836,84.57239,313.58,0.54,0.42,2026-04-10,1947,N21,VIIRS,n,2.0NRT,294.73,1.99,N
23.82905,80.3732,302.23,0.32,0.55,2026-04-10,1947,N21,VIIRS,n,2.0NRT,287.64,0.56,N
23.83222,84.57298,302.33,0.54,0.42,2026-04-10,1947,N21,VIIRS,n,2.0NRT,290.72,1.99,N
23.84328,78.04075,298.24,0.46,0.63,2026-04-10,1947,N21,VIIRS,n,2.0NRT,287.63,0.66,N
23.84663,77.70792,309.29,0.48,0.65,2026-04-10,1947,N21,VIIRS,n,2.0NRT,286.6,2.45,N
23.847,77.70322,301.52,0.48,0.65,2026-04-10,1947,N21,VIIRS,n,2.0NRT,286.23,2.51,N
23.85003,78.10021,301.66,0.45,0.63,2026-04-10,1947,N21,VIIRS,n,2.0NRT,287.16,0.59,N
23.85629,78.36487,309.98,0.44,0.62,2026-04-10,1947,N21,VIIRS,n,2.0NRT,286.48,1.37,N
23.85667,78.36058,300.37,0.44,0.62,2026-04-10,1947,N21,VIIRS,n,2.0NRT,287.58,1.37,N
23.866,78.18681,299.38,0.45,0.63,2026-04-10,1947,N21,VIIRS,n,2.0NRT,285.83,0.89,N
23.86713,77.67651,297.68,0.48,0.65,2026-04-10,1947,N21,VIIRS,n,2.0NRT,285.56,0.95,N
23.88511,77.13263,309.42,0.52,0.67,2026-04-10,1947,N21,VIIRS,n,2.0NRT,286.4,2.05,N
23.88519,77.13123,311.99,0.53,0.67,2026-04-10,1947,N21,VIIRS,n,2.0NRT,286.32,1.49,N
23.90024,76.01073,297.78,0.62,0.71,2026-04-10,1947,N21,VIIRS,n,2.0NRT,286.15,0.81,N
23.90485,78.35958,297.72,0.44,0.62,2026-04-10,1947,N21,VIIRS,n,2.0NRT,285.55,0.66,N
23.90991,78.29906,301.07,0.44,0.62,2026-04-10,1947,N21,VIIRS,n,2.0NRT,286.26,1.24,N
23.9296,79.1736,299.13,0.39,0.59,2026-04-10,1947,N21,VIIRS,n,2.0NRT,286.27,0.61,N
23.93127,75.85332,310.05,0.63,0.72,2026-04-10,1947,N21,VIIRS,n,2.0NRT,285.92,3.09,N
23.93171,75.84706,314.38,0.64,0.72,2026-04-10,1947,N21,VIIRS,n,2.0NRT,285.5,3.09,N
23.93563,79.10508,304.79,0.39,0.59,2026-04-10,1947,N21,VIIRS,n,2.0NRT,288.02,0.9,N
23.95837,79.33926,298.22,0.38,0.59,2026-04-10,1947,N21,VIIRS,n,2.0NRT,286.19,0.31,N
23.96157,77.50948,301.22,0.5,0.66,2026-04-10,1947,N21,VIIRS,n,2.0NRT,289.37,0.81,N
23.96375,79.33985,325,0.38,0.59,2026-04-10,1947,N21,VIIRS,n,2.0NRT,287.89,2.39,N
23.97031,80.75244,296.49,0.61,0.54,2026-04-10,1947,N21,VIIRS,n,2.0NRT,286.25,0.48,N
23.98913,79.39257,304.99,0.38,0.58,2026-04-10,1947,N21,VIIRS,n,2.0NRT,293.87,1.31,N
24.00297,79.09258,300.96,0.39,0.6,2026-04-10,1947,N21,VIIRS,n,2.0NRT,287.14,0.51,N
24.03003,77.25912,300.87,0.52,0.67,2026-04-10,1947,N21,VIIRS,n,2.0NRT,285.59,1.31,N
24.03398,79.25442,297.61,0.38,0.59,2026-04-10,1947,N21,VIIRS,n,2.0NRT,286.68,0.33,N
24.04103,77.42833,305.89,0.5,0.66,2026-04-10,1947,N21,VIIRS,n,2.0NRT,287.79,1.14,N
24.04121,76.14613,297.46,0.61,0.71,2026-04-10,1947,N21,VIIRS,n,2.0NRT,286.41,0.68,N
24.04267,77.43,299.65,0.5,0.66,2026-04-10,1947,N21,VIIRS,n,2.0NRT,287.37,1.13,N
24.05198,77.13718,298.45,0.53,0.67,2026-04-10,1947,N21,VIIRS,n,2.0NRT,286.05,0.75,N
24.06165,77.88259,303.23,0.47,0.64,2026-04-10,1947,N21,VIIRS,n,2.0NRT,285.79,0.73,N
24.1364,78.32838,307.98,0.44,0.63,2026-04-10,1947,N21,VIIRS,n,2.0NRT,286.17,1.38,N
24.14376,75.51128,302.82,0.67,0.74,2026-04-10,1947,N21,VIIRS,n,2.0NRT,286.32,1.85,N
24.14847,79.58135,309.43,0.37,0.58,2026-04-10,1947,N21,VIIRS,n,2.0NRT,287.5,1.55,N
24.1488,79.57777,312.42,0.37,0.58,2026-04-10,1947,N21,VIIRS,n,2.0NRT,287.29,1.93,N
24.15809,79.59322,304.07,0.37,0.58,2026-04-10,1947,N21,VIIRS,n,2.0NRT,286.69,0.64,N
24.15843,79.58965,298.72,0.37,0.58,2026-04-10,1947,N21,VIIRS,n,2.0NRT,286.21,0.64,N
24.20832,77.43908,295.22,0.51,0.66,2026-04-10,1947,N21,VIIRS,n,2.0NRT,284.2,0.88,N
24.20871,77.43416,298.18,0.51,0.66,2026-04-10,1947,N21,VIIRS,n,2.0NRT,284.02,0.88,N
24.21492,78.01446,313.43,0.46,0.64,2026-04-10,1947,N21,VIIRS,n,2.0NRT,287.21,1.98,N
24.21531,78.01718,297.82,0.46,0.64,2026-04-10,1947,N21,VIIRS,n,2.0NRT,286.17,1.27,N
24.21569,78.01266,305.1,0.46,0.64,2026-04-10,1947,N21,VIIRS,n,2.0NRT,287.21,1.67,N
24.22648,79.71255,300.49,0.36,0.57,2026-04-10,1947,N21,VIIRS,n,2.0NRT,288.05,0.38,N
24.22749,78.89471,303.34,0.41,0.6,2026-04-10,1947,N21,VIIRS,n,2.0NRT,291.37,0.63,N
24.24425,79.80663,302.96,0.36,0.57,2026-04-10,1947,N21,VIIRS,n,2.0NRT,287.29,0.91,N
24.29092,80.16087,307.19,0.34,0.56,2026-04-10,1947,N21,VIIRS,n,2.0NRT,286.52,0.78,N
24.29124,80.15754,298.48,0.34,0.56,2026-04-10,1947,N21,VIIRS,n,2.0NRT,287.29,0.78,N
24.35734,78.49031,301.73,0.43,0.62,2026-04-10,1947,N21,VIIRS,n,2.0NRT,289.5,1.46,N
24.35771,78.48601,299.28,0.43,0.62,2026-04-10,1947,N21,VIIRS,n,2.0NRT,288.85,1.44,N
24.47985,77.37991,301.14,0.51,0.66,2026-04-10,1947,N21,VIIRS,n,2.0NRT,286.57,0.82,N
24.49756,77.70879,314.15,0.49,0.65,2026-04-10,1947,N21,VIIRS,n,2.0NRT,286.14,2.1,N
24.57774,76.34243,298.52,0.6,0.7,2026-04-10,1947,N21,VIIRS,n,2.0NRT,286.49,0.35,N
24.57851,76.33978,296.53,0.6,0.71,2026-04-10,1947,N21,VIIRS,n,2.0NRT,286.36,0.76,N
24.59575,77.07493,304.1,0.54,0.68,2026-04-10,1947,N21,VIIRS,n,2.0NRT,285.8,1.4,N
6.81674,79.90347,337.75,0.41,0.45,2026-04-10,1949,N21,VIIRS,n,2.0NRT,291.76,9.36,N
7.63019,79.92473,304.62,0.42,0.45,2026-04-10,1949,N21,VIIRS,n,2.0NRT,286.49,0.87,N
15.02257,78.0146,312.08,0.36,0.57,2026-04-10,1949,N21,VIIRS,n,2.0NRT,294.53,2.03,N
15.17015,76.38017,305.76,0.47,0.64,2026-04-10,1949,N21,VIIRS,n,2.0NRT,292.05,2.34,N
15.17061,76.37582,306.38,0.47,0.64,2026-04-10,1949,N21,VIIRS,n,2.0NRT,292.16,2.34,N
15.17112,76.37772,308.9,0.47,0.64,2026-04-10,1949,N21,VIIRS,n,2.0NRT,291.88,4.94,N
15.17734,77.10254,303.89,0.42,0.61,2026-04-10,1949,N21,VIIRS,n,2.0NRT,281.39,1.11,N
15.18514,76.67629,312.02,0.45,0.63,2026-04-10,1949,N21,VIIRS,n,2.0NRT,284.96,5.82,N
15.56405,78.78268,302.95,0.32,0.55,2026-04-10,1949,N21,VIIRS,n,2.0NRT,291.31,1.14,N
15.56834,78.78964,303.31,0.32,0.55,2026-04-10,1949,N21,VIIRS,n,2.0NRT,291.92,1.01,N
15.58562,78.77289,308,0.32,0.55,2026-04-10,1949,N21,VIIRS,n,2.0NRT,292.09,1.7,N
15.58598,78.76985,308.8,0.32,0.55,2026-04-10,1949,N21,VIIRS,n,2.0NRT,292.77,2.37,N
15.59776,78.75666,303.77,0.33,0.55,2026-04-10,1949,N21,VIIRS,n,2.0NRT,292.21,1,N
15.60814,78.75536,308.78,0.33,0.55,2026-04-10,1949,N21,VIIRS,n,2.0NRT,292.07,0.97,N
15.6085,78.75239,307.03,0.33,0.55,2026-04-10,1949,N21,VIIRS,n,2.0NRT,292.14,0.97,N
15.91568,77.36232,306.53,0.41,0.61,2026-04-10,1949,N21,VIIRS,n,2.0NRT,295.46,1.46,N
26.64123,79.47745,302.25,0.7,0.75,2026-04-10,2123,N21,VIIRS,n,2.0NRT,287.91,3.42,N
26.77922,75.92764,297.66,0.42,0.61,2026-04-10,2123,N21,VIIRS,n,2.0NRT,287.06,0.38,N
27.66538,76.13004,300.5,0.42,0.61,2026-04-10,2123,N21,VIIRS,n,2.0NRT,290.3,0.89,N
28.10129,76.79414,297.1,0.45,0.63,2026-04-10,2123,N21,VIIRS,n,2.0NRT,285.21,0.65,N
28.29693,77.21571,299.9,0.47,0.64,2026-04-10,2123,N21,VIIRS,n,2.0NRT,288.07,0.67,N
28.7434,76.92819,302.06,0.44,0.62,2026-04-10,2123,N21,VIIRS,n,2.0NRT,286.27,0.75,N
28.80493,76.83855,300.03,0.43,0.62,2026-04-10,2123,N21,VIIRS,n,2.0NRT,286.38,0.67,N
28.80732,76.83776,297.65,0.43,0.62,2026-04-10,2123,N21,VIIRS,n,2.0NRT,286.12,0.75,N
35.9662,68.68622,299.1,0.39,0.36,2026-04-10,2123,N21,VIIRS,n,2.0NRT,284.77,0.71,N
19.37769,74.1342,301.62,0.48,0.64,2026-04-10,2125,N21,VIIRS,n,2.0NRT,291.6,1.5,N
19.9248,73.4817,305.33,0.42,0.61,2026-04-10,2125,N21,VIIRS,n,2.0NRT,291.99,1.86,N
19.92569,73.47771,310.16,0.42,0.61,2026-04-10,2125,N21,VIIRS,n,2.0NRT,292.78,2.44,N
19.926,73.47995,314.78,0.42,0.61,2026-04-10,2125,N21,VIIRS,n,2.0NRT,292.56,2.21,N
20.11917,75.97552,302.64,0.6,0.71,2026-04-10,2125,N21,VIIRS,n,2.0NRT,287.92,1.14,N
20.73954,73.52089,309.38,0.41,0.6,2026-04-10,2125,N21,VIIRS,n,2.0NRT,294.22,2.15,N
20.78762,73.92987,311.18,0.43,0.62,2026-04-10,2125,N21,VIIRS,n,2.0NRT,294.12,1.92,N
20.83654,73.55057,305.67,0.41,0.6,2026-04-10,2125,N21,VIIRS,n,2.0NRT,294.5,1.85,N
20.83728,73.54723,306.79,0.41,0.6,2026-04-10,2125,N21,VIIRS,n,2.0NRT,294.61,2.33,N
20.90982,71.46056,309.66,0.59,0.53,2026-04-10,2125,N21,VIIRS,n,2.0NRT,297.12,2.88,N
20.91035,71.45905,309.64,0.59,0.53,2026-04-10,2125,N21,VIIRS,n,2.0NRT,296.79,2.8,N
20.94553,73.73591,305.63,0.42,0.61,2026-04-10,2125,N21,VIIRS,n,2.0NRT,294.15,1.58,N
21.09995,72.63544,337.45,0.35,0.57,2026-04-10,2125,N21,VIIRS,n,2.0NRT,297.7,5.53,N
21.10237,72.63483,333.99,0.35,0.57,2026-04-10,2125,N21,VIIRS,n,2.0NRT,297.73,2.94,N
21.10297,72.64661,329,0.35,0.57,2026-04-10,2125,N21,VIIRS,n,2.0NRT,297.84,5.34,N
21.10365,72.64333,322.01,0.35,0.57,2026-04-10,2125,N21,VIIRS,n,2.0NRT,296.87,6.11,N
21.10533,72.64595,349.37,0.35,0.57,2026-04-10,2125,N21,VIIRS,n,2.0NRT,300.49,7.74,N
21.10746,72.63611,312,0.35,0.57,2026-04-10,2125,N21,VIIRS,n,2.0NRT,298.7,2.94,N
21.11255,72.6374,308.9,0.35,0.57,2026-04-10,2125,N21,VIIRS,n,2.0NRT,297.14,2.15,N
21.36514,75.30419,303.27,0.51,0.66,2026-04-10,2125,N21,VIIRS,n,2.0NRT,293.02,1.34,N
21.36617,75.29969,304.39,0.51,0.66,2026-04-10,2125,N21,VIIRS,n,2.0NRT,293.33,1.34,N
21.36784,75.30297,310.31,0.51,0.66,2026-04-10,2125,N21,VIIRS,n,2.0NRT,293.41,2.97,N
21.41598,77.69495,311.49,0.72,0.76,2026-04-10,2125,N21,VIIRS,n,2.0NRT,291.55,4.19,N
21.56722,73.68648,306.53,0.4,0.6,2026-04-10,2125,N21,VIIRS,n,2.0NRT,292.43,1.19,N
21.56724,74.92464,306.17,0.48,0.65,2026-04-10,2125,N21,VIIRS,n,2.0NRT,294.76,1.19,N
21.57174,74.9269,317.09,0.48,0.65,2026-04-10,2125,N21,VIIRS,n,2.0NRT,294.66,3.39,N
21.57309,74.92587,315.66,0.48,0.65,2026-04-10,2125,N21,VIIRS,n,2.0NRT,294.29,2.19,N
21.66247,76.40977,299.79,0.59,0.7,2026-04-10,2125,N21,VIIRS,n,2.0NRT,287.42,1.74,N
21.66644,76.41137,300.9,0.59,0.7,2026-04-10,2125,N21,VIIRS,n,2.0NRT,287.9,1.26,N
21.70035,72.9258,309.93,0.36,0.57,2026-04-10,2125,N21,VIIRS,n,2.0NRT,292.32,0.79,N
21.70205,72.9253,303.06,0.35,0.57,2026-04-10,2125,N21,VIIRS,n,2.0NRT,291.44,0.69,N
21.70739,70.2019,335.31,0.48,0.48,2026-04-10,2125,N21,VIIRS,n,2.0NRT,294.31,5.59,N
21.70771,70.20409,335.04,0.48,0.48,2026-04-10,2125,N21,VIIRS,n,2.0NRT,294.37,5.81,N
21.76848,76.4411,297.52,0.59,0.7,2026-04-10,2125,N21,VIIRS,n,2.0NRT,287.33,0.75,N
21.81416,73.7915,313.92,0.4,0.6,2026-04-10,2125,N21,VIIRS,n,2.0NRT,294.79,2.47,N
21.81503,72.65083,308.39,0.34,0.56,2026-04-10,2125,N21,VIIRS,n,2.0NRT,291.57,1.16,N
21.8591,73.79967,315.73,0.4,0.6,2026-04-10,2125,N21,VIIRS,n,2.0NRT,294.64,2.73,N
21.85956,77.02788,302.8,0.64,0.72,2026-04-10,2125,N21,VIIRS,n,2.0NRT,292.11,1.65,N
21.90958,76.73731,301.39,0.61,0.71,2026-04-10,2125,N21,VIIRS,n,2.0NRT,286.55,0.8,N
21.91101,76.73613,303.99,0.61,0.71,2026-04-10,2125,N21,VIIRS,n,2.0NRT,286.43,1.14,N
22.00096,76.53325,305.22,0.59,0.7,2026-04-10,2125,N21,VIIRS,n,2.0NRT,288.73,1.61,N
22.0382,76.80123,305.49,0.62,0.71,2026-04-10,2125,N21,VIIRS,n,2.0NRT,287.97,2.16,N
22.04434,73.90018,304.86,0.4,0.6,2026-04-10,2125,N21,VIIRS,n,2.0NRT,293.65,1.14,N
22.05052,73.89806,304.04,0.4,0.6,2026-04-10,2125,N21,VIIRS,n,2.0NRT,292.23,1,N
22.05344,73.91049,307.67,0.4,0.6,2026-04-10,2125,N21,VIIRS,n,2.0NRT,293.19,1.91,N
22.09817,76.94746,302.15,0.63,0.72,2026-04-10,2125,N21,VIIRS,n,2.0NRT,286.8,1.3,N
22.099,76.94339,299.44,0.63,0.72,2026-04-10,2125,N21,VIIRS,n,2.0NRT,287.3,2.04,N
22.1156,72.00449,310.86,0.61,0.53,2026-04-10,2125,N21,VIIRS,n,2.0NRT,292.49,2.89,N
22.11726,72.00343,310.08,0.61,0.53,2026-04-10,2125,N21,VIIRS,n,2.0NRT,292.45,2.26,N
22.19447,76.32088,298.87,0.57,0.69,2026-04-10,2125,N21,VIIRS,n,2.0NRT,287.14,0.83,N
22.26678,75.13306,307.86,0.48,0.65,2026-04-10,2125,N21,VIIRS,n,2.0NRT,294.52,2.66,N
22.32802,76.05716,302.92,0.54,0.68,2026-04-10,2125,N21,VIIRS,n,2.0NRT,291.03,1.92,N
22.33133,69.73916,318.49,0.44,0.46,2026-04-10,2125,N21,VIIRS,n,2.0NRT,296.03,1.97,N
22.33212,69.73502,310.37,0.44,0.46,2026-04-10,2125,N21,VIIRS,n,2.0NRT,295.56,1.2,N
22.33303,75.60213,310.26,0.51,0.66,2026-04-10,2125,N21,VIIRS,n,2.0NRT,295.37,3.63,N
22.33926,75.60237,309.47,0.51,0.66,2026-04-10,2125,N21,VIIRS,n,2.0NRT,294.17,2.97,N
22.34148,75.59297,312.33,0.51,0.66,2026-04-10,2125,N21,VIIRS,n,2.0NRT,294.34,1.7,N
22.34254,75.58845,304.11,0.51,0.66,2026-04-10,2125,N21,VIIRS,n,2.0NRT,293.96,1.7,N
22.346,75.33638,310.96,0.49,0.65,2026-04-10,2125,N21,VIIRS,n,2.0NRT,293.95,1.75,N
22.3478,75.33752,308.52,0.49,0.65,2026-04-10,2125,N21,VIIRS,n,2.0NRT,293.43,1.75,N
22.37436,72.4755,304.3,0.32,0.55,2026-04-10,2125,N21,VIIRS,n,2.0NRT,292.26,1.04,N
22.41487,69.0408,307.44,0.39,0.44,2026-04-10,2125,N21,VIIRS,n,2.0NRT,295.64,1.75,N
22.43124,69.83454,306.14,0.44,0.46,2026-04-10,2125,N21,VIIRS,n,2.0NRT,295.36,1.1,N
22.45551,77.244,297.4,0.64,0.72,2026-04-10,2125,N21,VIIRS,n,2.0NRT,287.01,0.57,N
22.45605,77.24535,300.45,0.64,0.72,2026-04-10,2125,N21,VIIRS,n,2.0NRT,286.73,1.01,N
22.50728,77.202,309.13,0.64,0.72,2026-04-10,2125,N21,VIIRS,n,2.0NRT,286.81,2.1,N
22.55954,76.43165,307.12,0.57,0.69,2026-04-10,2125,N21,VIIRS,n,2.0NRT,292.02,1.64,N
22.60794,75.41769,296.91,0.49,0.65,2026-04-10,2125,N21,VIIRS,n,2.0NRT,284.05,0.67,N
22.61791,73.68983,304.08,0.38,0.59,2026-04-10,2125,N21,VIIRS,n,2.0NRT,291.9,1.09,N
22.61974,73.68871,305.84,0.38,0.59,2026-04-10,2125,N21,VIIRS,n,2.0NRT,291.64,1.11,N
22.62189,73.70432,302.06,0.38,0.59,2026-04-10,2125,N21,VIIRS,n,2.0NRT,291.63,0.34,N
22.63453,75.48977,295.5,0.49,0.65,2026-04-10,2125,N21,VIIRS,n,2.0NRT,284.2,0.82,N
22.64672,75.17323,301.59,0.47,0.64,2026-04-10,2125,N21,VIIRS,n,2.0NRT,284.91,1.37,N
22.64906,74.89889,297.65,0.45,0.63,2026-04-10,2125,N21,VIIRS,n,2.0NRT,285.96,0.53,N
22.66899,75.47491,304.07,0.49,0.65,2026-04-10,2125,N21,VIIRS,n,2.0NRT,286.45,1.22,N
22.68244,75.46212,296.64,0.49,0.65,2026-04-10,2125,N21,VIIRS,n,2.0NRT,284.85,0.85,N
22.69404,75.62455,297.86,0.5,0.66,2026-04-10,2125,N21,VIIRS,n,2.0NRT,286.08,1.63,N
22.6981,76.36658,314.89,0.56,0.69,2026-04-10,2125,N21,VIIRS,n,2.0NRT,286.2,2.17,N
22.73471,76.13397,300.2,0.54,0.68,2026-04-10,2125,N21,VIIRS,n,2.0NRT,285.19,1.12,N
22.73483,76.13413,300.15,0.54,0.68,2026-04-10,2125,N21,VIIRS,n,2.0NRT,285.6,1.07,N
22.75838,75.50862,298.35,0.49,0.65,2026-04-10,2125,N21,VIIRS,n,2.0NRT,284.85,0.81,N
22.75944,75.50401,301.76,0.49,0.65,2026-04-10,2125,N21,VIIRS,n,2.0NRT,285.36,0.81,N
22.76195,75.51026,295.08,0.49,0.65,2026-04-10,2125,N21,VIIRS,n,2.0NRT,284.46,0.96,N
22.76305,75.50567,302.42,0.49,0.65,2026-04-10,2125,N21,VIIRS,n,2.0NRT,285.1,1.35,N
22.78522,75.80962,298.77,0.51,0.66,2026-04-10,2125,N21,VIIRS,n,2.0NRT,285.67,0.52,N
22.7873,75.8108,298.55,0.51,0.66,2026-04-10,2125,N21,VIIRS,n,2.0NRT,285.64,0.72,N
22.80553,75.70891,304.55,0.51,0.66,2026-04-10,2125,N21,VIIRS,n,2.0NRT,284.76,1.23,N
22.8087,75.70912,301.96,0.51,0.66,2026-04-10,2125,N21,VIIRS,n,2.0NRT,285.01,1.34,N
22.81229,77.1856,311.55,0.63,0.72,2026-04-10,2125,N21,VIIRS,n,2.0NRT,288.52,3.28,N
22.81237,77.18526,311.06,0.63,0.72,2026-04-10,2125,N21,VIIRS,n,2.0NRT,288.77,2.34,N
22.83361,76.17913,303.1,0.54,0.68,2026-04-10,2125,N21,VIIRS,n,2.0NRT,287.44,1.15,N
22.87768,77.7972,302.06,0.68,0.74,2026-04-10,2125,N21,VIIRS,n,2.0NRT,286.26,0.8,N
22.88074,77.79969,312.11,0.68,0.74,2026-04-10,2125,N21,VIIRS,n,2.0NRT,286.66,2.09,N
22.88424,77.79917,303.27,0.68,0.74,2026-04-10,2125,N21,VIIRS,n,2.0NRT,286.61,0.95,N
22.89081,77.80112,299.62,0.68,0.74,2026-04-10,2125,N21,VIIRS,n,2.0NRT,286.97,0.95,N
22.89156,75.35204,295.24,0.48,0.65,2026-04-10,2125,N21,VIIRS,n,2.0NRT,284.56,0.85,N
22.90417,75.27069,302.66,0.47,0.64,2026-04-10,2125,N21,VIIRS,n,2.0NRT,284.38,0.85,N
22.90447,75.26962,297.2,0.47,0.64,2026-04-10,2125,N21,VIIRS,n,2.0NRT,284.29,0.86,N
22.90736,76.19353,297.96,0.54,0.68,2026-04-10,2125,N21,VIIRS,n,2.0NRT,285.14,0.95,N
22.90767,76.19326,298.28,0.54,0.68,2026-04-10,2125,N21,VIIRS,n,2.0NRT,285.28,0.98,N
22.92473,69.82392,307.06,0.43,0.46,2026-04-10,2125,N21,VIIRS,n,2.0NRT,296.51,1.03,N
22.9314,76.2281,297.89,0.54,0.68,2026-04-10,2125,N21,VIIRS,n,2.0NRT,283.86,0.81,N
22.93155,69.70174,314.02,0.42,0.45,2026-04-10,2125,N21,VIIRS,n,2.0NRT,296.94,1.27,N
22.93156,76.22765,296.47,0.54,0.68,2026-04-10,2125,N21,VIIRS,n,2.0NRT,283.93,0.73,N
22.93235,69.6977,310.04,0.42,0.45,2026-04-10,2125,N21,VIIRS,n,2.0NRT,295.74,1.27,N
22.93742,75.28497,295.2,0.47,0.64,2026-04-10,2125,N21,VIIRS,n,2.0NRT,284.55,1.11,N
22.95301,75.50684,321.25,0.49,0.65,2026-04-10,2125,N21,VIIRS,n,2.0NRT,285,2.18,N
22.95407,75.5023,296.67,0.49,0.65,2026-04-10,2125,N21,VIIRS,n,2.0NRT,283.6,2.18,N
22.96012,75.58287,300.64,0.49,0.65,2026-04-10,2125,N21,VIIRS,n,2.0NRT,283.82,1.31,N
22.96427,75.58218,299.64,0.49,0.65,2026-04-10,2125,N21,VIIRS,n,2.0NRT,283.19,1.71,N
22.96646,75.67759,296.11,0.5,0.66,2026-04-10,2125,N21,VIIRS,n,2.0NRT,284.21,3.79,N
22.96757,75.67293,343.81,0.5,0.66,2026-04-10,2125,N21,VIIRS,n,2.0NRT,286.34,3.79,N
22.97767,72.56345,305,0.63,0.54,2026-04-10,2125,N21,VIIRS,n,2.0NRT,293.21,2.3,N
22.99413,75.27712,299.2,0.47,0.64,2026-04-10,2125,N21,VIIRS,n,2.0NRT,287.07,1.02,N
22.99881,75.2832,297.52,0.47,0.64,2026-04-10,2125,N21,VIIRS,n,2.0NRT,285.34,0.91,N
22.99984,75.27875,298.48,0.47,0.64,2026-04-10,2125,N21,VIIRS,n,2.0NRT,285.67,1.17,N
23.00281,75.44614,306.99,0.48,0.65,2026-04-10,2125,N21,VIIRS,n,2.0NRT,285.36,1.35,N
23.00625,76.23887,296.88,0.54,0.68,2026-04-10,2125,N21,VIIRS,n,2.0NRT,283.38,1.28,N
23.0118,75.3061,307.76,0.47,0.64,2026-04-10,2125,N21,VIIRS,n,2.0NRT,284.61,1.5,N
23.01189,75.30468,316.65,0.47,0.64,2026-04-10,2125,N21,VIIRS,n,2.0NRT,285.11,1.82,N
23.01284,75.3016,296.24,0.47,0.64,2026-04-10,2125,N21,VIIRS,n,2.0NRT,285,1.71,N
23.01793,78.33523,298.82,0.73,0.76,2026-04-10,2125,N21,VIIRS,n,2.0NRT,284.68,1.19,N
23.02156,75.72366,298.84,0.5,0.66,2026-04-10,2125,N21,VIIRS,n,2.0NRT,286.1,1.16,N
23.02221,75.31384,323.61,0.47,0.64,2026-04-10,2125,N21,VIIRS,n,2.0NRT,285.47,2.84,N
23.02227,75.31238,318.31,0.47,0.64,2026-04-10,2125,N21,VIIRS,n,2.0NRT,285.25,2.44,N
23.02298,76.00726,295.4,0.52,0.67,2026-04-10,2125,N21,VIIRS,n,2.0NRT,283.98,0.48,N
23.02418,75.72427,299.73,0.5,0.66,2026-04-10,2125,N21,VIIRS,n,2.0NRT,285.5,1.98,N
23.02943,75.69096,337.72,0.5,0.66,2026-04-10,2125,N21,VIIRS,n,2.0NRT,285.79,5.69,N
23.031,75.73647,305.88,0.5,0.66,2026-04-10,2125,N21,VIIRS,n,2.0NRT,284.33,1.66,N
23.03184,75.69144,338.32,0.5,0.66,2026-04-10,2125,N21,VIIRS,n,2.0NRT,285.73,6.03,N
23.03214,75.73173,298.02,0.5,0.66,2026-04-10,2125,N21,VIIRS,n,2.0NRT,285.42,1.83,N
23.03367,75.73715,299.31,0.5,0.66,2026-04-10,2125,N21,VIIRS,n,2.0NRT,284.1,2.58,N
23.03416,75.69727,314.05,0.5,0.66,2026-04-10,2125,N21,VIIRS,n,2.0NRT,284.74,1.83,N
23.0366,75.69778,314.44,0.5,0.66,2026-04-10,2125,N21,VIIRS,n,2.0NRT,285.16,1.95,N
23.07269,75.2276,297.66,0.47,0.64,2026-04-10,2125,N21,VIIRS,n,2.0NRT,285.66,1.23,N
23.07371,75.22324,301.61,0.47,0.64,2026-04-10,2125,N21,VIIRS,n,2.0NRT,287.04,1.13,N
23.08069,75.81739,304.08,0.51,0.66,2026-04-10,2125,N21,VIIRS,n,2.0NRT,286.42,1.28,N
23.08341,75.85914,295.33,0.51,0.66,2026-04-10,2125,N21,VIIRS,n,2.0NRT,284.86,0.5,N
23.08534,75.50945,298.63,0.48,0.65,2026-04-10,2125,N21,VIIRS,n,2.0NRT,284.05,0.45,N
23.08653,75.50942,297.28,0.48,0.65,2026-04-10,2125,N21,VIIRS,n,2.0NRT,283.91,0.84,N
23.09983,77.57179,306,0.65,0.73,2026-04-10,2125,N21,VIIRS,n,2.0NRT,288.08,1.79,N
23.10231,75.48993,304.04,0.48,0.65,2026-04-10,2125,N21,VIIRS,n,2.0NRT,283.84,1.09,N
23.10335,75.48989,302.1,0.48,0.65,2026-04-10,2125,N21,VIIRS,n,2.0NRT,283.71,1.44,N
23.10921,75.56498,296.52,0.49,0.65,2026-04-10,2125,N21,VIIRS,n,2.0NRT,285.38,0.72,N
23.11392,75.57123,306.64,0.49,0.65,2026-04-10,2125,N21,VIIRS,n,2.0NRT,285.44,1.79,N
23.11928,76.14251,299.09,0.53,0.67,2026-04-10,2125,N21,VIIRS,n,2.0NRT,284.64,1.34,N
23.13011,75.74034,303.08,0.5,0.66,2026-04-10,2125,N21,VIIRS,n,2.0NRT,285.46,1.02,N
23.13144,77.44448,298.54,0.64,0.72,2026-04-10,2125,N21,VIIRS,n,2.0NRT,285.78,1.76,N
23.13292,75.74239,303.08,0.5,0.66,2026-04-10,2125,N21,VIIRS,n,2.0NRT,285.47,0.86,N
23.13518,75.53343,299.82,0.49,0.65,2026-04-10,2125,N21,VIIRS,n,2.0NRT,284.85,0.87,N
23.13693,73.77827,303.16,0.38,0.58,2026-04-10,2125,N21,VIIRS,n,2.0NRT,292.11,1.14,N
23.14007,75.76469,342.89,0.5,0.66,2026-04-10,2125,N21,VIIRS,n,2.0NRT,288.08,9.35,N
23.1421,75.76923,305.95,0.5,0.66,2026-04-10,2125,N21,VIIRS,n,2.0NRT,285.3,10.75,N
23.14236,77.18052,302.37,0.61,0.71,2026-04-10,2125,N21,VIIRS,n,2.0NRT,286.27,1.61,N
23.1432,75.7645,367,0.5,0.66,2026-04-10,2125,N21,VIIRS,h,2.0NRT,293.64,21.09,N
23.14591,75.76643,367,0.5,0.66,2026-04-10,2125,N21,VIIRS,h,2.0NRT,290.85,9.35,N
23.15518,76.17999,299.45,0.53,0.67,2026-04-10,2125,N21,VIIRS,n,2.0NRT,284.21,0.96,N
23.15717,76.0635,296.78,0.52,0.67,2026-04-10,2125,N21,VIIRS,n,2.0NRT,283.88,1.27,N
23.15933,76.06135,303.64,0.52,0.67,2026-04-10,2125,N21,VIIRS,n,2.0NRT,283.74,1.23,N
23.1714,75.53062,301.67,0.48,0.65,2026-04-10,2125,N21,VIIRS,n,2.0NRT,285.31,0.77,N
23.17186,77.96064,295.74,0.69,0.74,2026-04-10,2125,N21,VIIRS,n,2.0NRT,284.87,0.98,N
23.17199,75.53422,298.13,0.48,0.65,2026-04-10,2125,N21,VIIRS,n,2.0NRT,285.19,1.14,N
23.1886,75.71834,295.84,0.5,0.66,2026-04-10,2125,N21,VIIRS,n,2.0NRT,284.26,0.6,N
23.18995,77.97305,305.9,0.69,0.74,2026-04-10,2125,N21,VIIRS,n,2.0NRT,285.13,2.01,N
23.21384,78.5356,300.16,0.74,0.76,2026-04-10,2125,N21,VIIRS,n,2.0NRT,284.75,0.9,N
23.2139,78.53589,300.94,0.74,0.76,2026-04-10,2125,N21,VIIRS,n,2.0NRT,284.86,1.57,N
23.21649,76.99026,304.27,0.6,0.7,2026-04-10,2125,N21,VIIRS,n,2.0NRT,284.96,1.21,N
23.22222,77.0763,300.64,0.6,0.71,2026-04-10,2125,N21,VIIRS,n,2.0NRT,288.39,1.69,N
23.22296,75.52112,295.85,0.48,0.65,2026-04-10,2125,N21,VIIRS,n,2.0NRT,284.95,0.84,N
23.22471,76.67041,304.72,0.57,0.69,2026-04-10,2125,N21,VIIRS,n,2.0NRT,283.86,1.14,N
23.22888,76.6713,304.87,0.57,0.69,2026-04-10,2125,N21,VIIRS,n,2.0NRT,284.4,2.62,N
23.23332,75.86008,296.59,0.51,0.66,2026-04-10,2125,N21,VIIRS,n,2.0NRT,285.32,0.68,N
23.23446,75.85535,302.35,0.51,0.66,2026-04-10,2125,N21,VIIRS,n,2.0NRT,285.75,1.47,N
23.23667,75.75237,297.49,0.5,0.66,2026-04-10,2125,N21,VIIRS,n,2.0NRT,285.8,0.9,N
23.23686,75.85862,299.14,0.51,0.66,2026-04-10,2125,N21,VIIRS,n,2.0NRT,285.25,1.52,N
23.23961,75.75588,303.7,0.5,0.66,2026-04-10,2125,N21,VIIRS,n,2.0NRT,284.93,1.63,N
23.24074,75.75117,305.79,0.5,0.66,2026-04-10,2125,N21,VIIRS,n,2.0NRT,285.23,1.63,N
23.2414,75.75882,303.25,0.5,0.66,2026-04-10,2125,N21,VIIRS,n,2.0NRT,284.22,0.81,N
23.24161,75.8779,298.73,0.51,0.66,2026-04-10,2125,N21,VIIRS,n,2.0NRT,284.57,0.41,N
23.2425,75.7541,299.46,0.5,0.66,2026-04-10,2125,N21,VIIRS,n,2.0NRT,284.42,0.81,N
23.2477,75.74821,299.61,0.5,0.66,2026-04-10,2125,N21,VIIRS,n,2.0NRT,284.26,1.98,N
23.25052,75.74645,312.16,0.5,0.66,2026-04-10,2125,N21,VIIRS,n,2.0NRT,285.36,2.09,N
23.28288,76.03026,297.19,0.52,0.67,2026-04-10,2125,N21,VIIRS,n,2.0NRT,284.02,0.7,N
23.30545,76.06805,298.07,0.52,0.67,2026-04-10,2125,N21,VIIRS,n,2.0NRT,284.42,0.54,N
23.30714,77.72154,295.51,0.66,0.73,2026-04-10,2125,N21,VIIRS,n,2.0NRT,283.12,1.07,N
23.30872,77.71535,297.56,0.66,0.73,2026-04-10,2125,N21,VIIRS,n,2.0NRT,283.07,1.07,N
23.31038,77.71711,300.55,0.66,0.73,2026-04-10,2125,N21,VIIRS,n,2.0NRT,282.86,1.19,N
23.31087,70.2007,305.61,0.45,0.47,2026-04-10,2125,N21,VIIRS,n,2.0NRT,295.54,1.16,N
23.31169,78.008,299.23,0.69,0.74,2026-04-10,2125,N21,VIIRS,n,2.0NRT,283.4,1,N
23.312,75.85828,295.04,0.5,0.66,2026-04-10,2125,N21,VIIRS,n,2.0NRT,285.03,0.77,N
23.32191,76.026,315.97,0.52,0.66,2026-04-10,2125,N21,VIIRS,n,2.0NRT,285.05,2.45,N
23.3287,75.38307,300,0.47,0.64,2026-04-10,2125,N21,VIIRS,n,2.0NRT,285.62,1.86,N
23.32931,75.38139,320.78,0.47,0.64,2026-04-10,2125,N21,VIIRS,n,2.0NRT,287.11,3.82,N
23.32973,75.37859,312.08,0.47,0.64,2026-04-10,2125,N21,VIIRS,n,2.0NRT,287.6,1.86,N
23.33226,76.99196,306.46,0.59,0.7,2026-04-10,2125,N21,VIIRS,n,2.0NRT,285.1,2.54,N
23.33385,77.09472,302.46,0.6,0.71,2026-04-10,2125,N21,VIIRS,n,2.0NRT,284.26,1.69,N
23.33595,77.09457,304,0.6,0.71,2026-04-10,2125,N21,VIIRS,n,2.0NRT,284.15,1.49,N
23.35071,77.33327,305.43,0.62,0.71,2026-04-10,2125,N21,VIIRS,n,2.0NRT,284.85,1.44,N
23.35119,77.2767,300.02,0.62,0.71,2026-04-10,2125,N21,VIIRS,n,2.0NRT,285.07,1.36,N
23.35365,77.32147,300.6,0.62,0.71,2026-04-10,2125,N21,VIIRS,n,2.0NRT,285.08,2.57,N
23.35444,77.01061,307.08,0.59,0.7,2026-04-10,2125,N21,VIIRS,n,2.0NRT,284.96,1.74,N
23.35663,75.88136,301.45,0.5,0.66,2026-04-10,2125,N21,VIIRS,n,2.0NRT,284.41,0.82,N
23.35704,77.0107,300.33,0.59,0.7,2026-04-10,2125,N21,VIIRS,n,2.0NRT,284.8,1.12,N
23.35747,75.21206,299.09,0.46,0.63,2026-04-10,2125,N21,VIIRS,n,2.0NRT,284.2,0.97,N
23.35752,77.27857,301.74,0.62,0.71,2026-04-10,2125,N21,VIIRS,n,2.0NRT,285.66,1.2,N
23.35904,77.35461,308.16,0.62,0.72,2026-04-10,2125,N21,VIIRS,n,2.0NRT,285.69,2.91,N
23.36531,77.27459,300.56,0.62,0.71,2026-04-10,2125,N21,VIIRS,n,2.0NRT,284.85,1.2,N
23.37001,75.79928,306.13,0.5,0.66,2026-04-10,2125,N21,VIIRS,n,2.0NRT,287.07,1.93,N
23.37425,75.47544,296.71,0.48,0.64,2026-04-10,2125,N21,VIIRS,n,2.0NRT,286.2,1.51,N
23.3753,75.47094,329.9,0.47,0.64,2026-04-10,2125,N21,VIIRS,n,2.0NRT,288.43,3.76,N
23.37584,75.80103,302.38,0.5,0.66,2026-04-10,2125,N21,VIIRS,n,2.0NRT,284.88,1.38,N
23.37635,75.46648,309.74,0.47,0.64,2026-04-10,2125,N21,VIIRS,n,2.0NRT,288.01,3.76,N
23.37686,75.43825,299.46,0.47,0.64,2026-04-10,2125,N21,VIIRS,n,2.0NRT,286.45,0.87,N
23.40788,76.00993,300.58,0.51,0.66,2026-04-10,2125,N21,VIIRS,n,2.0NRT,284.51,3.25,N
23.40901,76.00512,322.38,0.51,0.66,2026-04-10,2125,N21,VIIRS,n,2.0NRT,285.2,4.41,N
23.41113,76.91454,296.74,0.58,0.7,2026-04-10,2125,N21,VIIRS,n,2.0NRT,284.3,0.55,N
23.41125,76.00606,326.1,0.51,0.66,2026-04-10,2125,N21,VIIRS,n,2.0NRT,285.53,5.58,N
23.41371,75.411,334.25,0.47,0.64,2026-04-10,2125,N21,VIIRS,n,2.0NRT,286.23,4.23,N
23.42028,77.41098,301.33,0.63,0.72,2026-04-10,2125,N21,VIIRS,n,2.0NRT,284.47,1.23,N
23.42138,77.21732,299.26,0.61,0.71,2026-04-10,2125,N21,VIIRS,n,2.0NRT,285.51,1.03,N
23.42613,75.86671,302.16,0.5,0.66,2026-04-10,2125,N21,VIIRS,n,2.0NRT,284.22,1.06,N
23.42755,75.84624,302.14,0.5,0.66,2026-04-10,2125,N21,VIIRS,n,2.0NRT,284.49,1.52,N
23.4282,68.71212,308.35,0.55,0.42,2026-04-10,2125,N21,VIIRS,n,2.0NRT,295.15,1.8,N
23.4289,75.86706,307.18,0.5,0.66,2026-04-10,2125,N21,VIIRS,n,2.0NRT,284.23,1.71,N
23.43073,75.84772,297.47,0.5,0.66,2026-04-10,2125,N21,VIIRS,n,2.0NRT,284.27,0.82,N
23.43093,68.71061,305.23,0.55,0.42,2026-04-10,2125,N21,VIIRS,n,2.0NRT,294.75,1.45,N
23.4315,76.05312,300.75,0.51,0.66,2026-04-10,2125,N21,VIIRS,n,2.0NRT,285.18,1.65,N
23.43187,75.84303,295.01,0.5,0.66,2026-04-10,2125,N21,VIIRS,n,2.0NRT,284.76,0.93,N
23.4354,77.26542,315.25,0.61,0.71,2026-04-10,2125,N21,VIIRS,n,2.0NRT,285.97,2.78,N
23.43647,77.26507,314.12,0.61,0.71,2026-04-10,2125,N21,VIIRS,n,2.0NRT,285.25,3.25,N
23.43656,75.64996,301.49,0.49,0.65,2026-04-10,2125,N21,VIIRS,n,2.0NRT,287.98,1.52,N
23.44449,74.47018,307.25,0.41,0.61,2026-04-10,2125,N21,VIIRS,n,2.0NRT,292.26,1.12,N
23.44517,74.4687,312.98,0.41,0.61,2026-04-10,2125,N21,VIIRS,n,2.0NRT,292.47,1.62,N
23.45054,77.07494,308.36,0.6,0.7,2026-04-10,2125,N21,VIIRS,n,2.0NRT,284.69,1.81,N
23.45093,76.95547,295.17,0.59,0.7,2026-04-10,2125,N21,VIIRS,n,2.0NRT,284.39,0.48,N
23.45463,77.07655,302.34,0.6,0.7,2026-04-10,2125,N21,VIIRS,n,2.0NRT,284.8,2.47,N
23.47546,77.1011,298.76,0.6,0.7,2026-04-10,2125,N21,VIIRS,n,2.0NRT,284.22,0.76,N
23.47562,77.02844,295.9,0.59,0.7,2026-04-10,2125,N21,VIIRS,n,2.0NRT,283.67,0.99,N
23.47752,77.10122,298.35,0.6,0.7,2026-04-10,2125,N21,VIIRS,n,2.0NRT,284.16,0.94,N
23.48857,75.03575,295.06,0.44,0.63,2026-04-10,2125,N21,VIIRS,n,2.0NRT,284.59,0.81,N
23.48954,75.03151,298,0.44,0.63,2026-04-10,2125,N21,VIIRS,n,2.0NRT,284.95,0.91,N
23.49076,75.60278,297.33,0.48,0.65,2026-04-10,2125,N21,VIIRS,n,2.0NRT,283.59,0.82,N
23.49081,75.59865,299.76,0.48,0.65,2026-04-10,2125,N21,VIIRS,n,2.0NRT,284.64,1.18,N
23.49203,77.12383,302.69,0.6,0.7,2026-04-10,2125,N21,VIIRS,n,2.0NRT,284.24,1.59,N
23.50205,76.24167,297.52,0.53,0.67,2026-04-10,2125,N21,VIIRS,n,2.0NRT,283.19,1.17,N
23.50339,75.91012,306.75,0.5,0.66,2026-04-10,2125,N21,VIIRS,n,2.0NRT,284.86,1.17,N
23.50573,76.49228,296.01,0.55,0.68,2026-04-10,2125,N21,VIIRS,n,2.0NRT,283.33,0.7,N
23.50606,76.49257,295.77,0.55,0.68,2026-04-10,2125,N21,VIIRS,n,2.0NRT,283.35,1,N
23.50924,75.91187,306.13,0.5,0.66,2026-04-10,2125,N21,VIIRS,n,2.0NRT,284.54,1.4,N
23.5163,76.52852,301.31,0.55,0.68,2026-04-10,2125,N21,VIIRS,n,2.0NRT,283.4,1.3,N
23.5168,76.52898,303.22,0.55,0.68,2026-04-10,2125,N21,VIIRS,n,2.0NRT,283.5,1.83,N
23.53457,77.28499,295.51,0.61,0.71,2026-04-10,2125,N21,VIIRS,n,2.0NRT,283.89,0.65,N
23.54501,75.85484,295.19,0.5,0.66,2026-04-10,2125,N21,VIIRS,n,2.0NRT,284.3,0.43,N
23.57063,76.96803,297.19,0.58,0.7,2026-04-10,2125,N21,VIIRS,n,2.0NRT,284.42,0.52,N
23.58103,74.95615,318.89,0.44,0.62,2026-04-10,2125,N21,VIIRS,n,2.0NRT,285.71,2.3,N
23.58955,75.18513,296.18,0.45,0.63,2026-04-10,2125,N21,VIIRS,n,2.0NRT,284.96,0.43,N
23.5935,75.18513,297.73,0.45,0.63,2026-04-10,2125,N21,VIIRS,n,2.0NRT,284.79,0.55,N
23.59879,76.94915,306.3,0.58,0.7,2026-04-10,2125,N21,VIIRS,n,2.0NRT,284.66,1.52,N
23.60201,76.9483,302.68,0.58,0.7,2026-04-10,2125,N21,VIIRS,n,2.0NRT,284.56,0.94,N
23.60358,74.90978,308.47,0.43,0.62,2026-04-10,2125,N21,VIIRS,n,2.0NRT,286.21,2.26,N
23.60589,77.35596,297.44,0.61,0.71,2026-04-10,2125,N21,VIIRS,n,2.0NRT,284.69,0.6,N
23.6092,77.04076,295.46,0.59,0.7,2026-04-10,2125,N21,VIIRS,n,2.0NRT,284.32,0.6,N
23.61744,75.68243,305.41,0.48,0.65,2026-04-10,2125,N21,VIIRS,n,2.0NRT,285.41,2.02,N
23.61853,75.67788,305.96,0.48,0.65,2026-04-10,2125,N21,VIIRS,n,2.0NRT,285.59,1.65,N
23.61955,77.02599,303.84,0.59,0.7,2026-04-10,2125,N21,VIIRS,n,2.0NRT,287.33,2.85,N
23.62088,77.02061,306.96,0.59,0.7,2026-04-10,2125,N21,VIIRS,n,2.0NRT,285.32,2.88,N
23.62213,75.68864,297.41,0.48,0.65,2026-04-10,2125,N21,VIIRS,n,2.0NRT,285.71,0.59,N
23.62322,75.68408,298.26,0.48,0.65,2026-04-10,2125,N21,VIIRS,n,2.0NRT,285.05,0.59,N
23.62386,75.73326,305.85,0.49,0.65,2026-04-10,2125,N21,VIIRS,n,2.0NRT,286.14,2.94,N
23.62495,75.72871,302.28,0.49,0.65,2026-04-10,2125,N21,VIIRS,n,2.0NRT,286.52,1.81,N
23.64374,76.16199,299.6,0.52,0.67,2026-04-10,2125,N21,VIIRS,n,2.0NRT,286.07,1.93,N
23.64655,77.43772,299.68,0.62,0.71,2026-04-10,2125,N21,VIIRS,n,2.0NRT,285.14,0.96,N
23.65274,75.74187,318.88,0.49,0.65,2026-04-10,2125,N21,VIIRS,n,2.0NRT,285.39,2.81,N
23.65445,76.41106,298.4,0.54,0.68,2026-04-10,2125,N21,VIIRS,n,2.0NRT,283.52,0.45,N
23.65461,76.4114,295.1,0.54,0.68,2026-04-10,2125,N21,VIIRS,n,2.0NRT,283.24,0.97,N
23.65692,77.25508,304.81,0.6,0.71,2026-04-10,2125,N21,VIIRS,n,2.0NRT,285.53,2.1,N
23.65841,77.25523,300.23,0.6,0.71,2026-04-10,2125,N21,VIIRS,n,2.0NRT,285.2,1.66,N
23.66838,78.18843,298.21,0.69,0.74,2026-04-10,2125,N21,VIIRS,n,2.0NRT,285.48,1.79,N
23.67957,76.94447,313.94,0.58,0.7,2026-04-10,2125,N21,VIIRS,n,2.0NRT,284.89,3.48,N
23.69194,76.38999,305.02,0.53,0.67,2026-04-10,2125,N21,VIIRS,n,2.0NRT,284.61,1.34,N
23.69363,75.72014,295.61,0.48,0.65,2026-04-10,2125,N21,VIIRS,n,2.0NRT,284.75,0.67,N
23.69439,79.15047,298.62,0.79,0.78,2026-04-10,2125,N21,VIIRS,n,2.0NRT,285.6,0.89,N
23.69493,75.71992,297.91,0.48,0.65,2026-04-10,2125,N21,VIIRS,n,2.0NRT,284.96,0.88,N
23.73589,75.88075,301.58,0.49,0.65,2026-04-10,2125,N21,VIIRS,n,2.0NRT,286.27,0.6,N
23.73621,75.90573,299.6,0.5,0.66,2026-04-10,2125,N21,VIIRS,n,2.0NRT,286.8,1.05,N
23.73831,75.71387,299.26,0.48,0.65,2026-04-10,2125,N21,VIIRS,n,2.0NRT,283.8,1.59,N
23.73941,75.70926,304.58,0.48,0.65,2026-04-10,2125,N21,VIIRS,n,2.0NRT,285.24,1.96,N
23.75428,77.96227,295.28,0.66,0.73,2026-04-10,2125,N21,VIIRS,n,2.0NRT,284.24,0.76,N
23.76105,76.85381,307.56,0.57,0.69,2026-04-10,2125,N21,VIIRS,n,2.0NRT,284.96,1.88,N
23.76496,76.85509,318.34,0.57,0.69,2026-04-10,2125,N21,VIIRS,n,2.0NRT,284.85,3.91,N
23.76717,76.85573,304.43,0.57,0.69,2026-04-10,2125,N21,VIIRS,n,2.0NRT,284.17,1.88,N
23.76837,73.39803,304.41,0.34,0.56,2026-04-10,2125,N21,VIIRS,n,2.0NRT,291.83,0.79,N
23.77333,73.44905,307.09,0.35,0.57,2026-04-10,2125,N21,VIIRS,n,2.0NRT,292.85,1.5,N
23.79292,77.31843,308.48,0.61,0.71,2026-04-10,2125,N21,VIIRS,n,2.0NRT,288.71,3.08,N
23.81444,78.22469,295.81,0.69,0.74,2026-04-10,2125,N21,VIIRS,n,2.0NRT,285.06,1.33,N
23.81785,78.22731,308.44,0.69,0.74,2026-04-10,2125,N21,VIIRS,n,2.0NRT,285.99,2.38,N
23.821,78.22678,301.71,0.69,0.74,2026-04-10,2125,N21,VIIRS,n,2.0NRT,285.65,1.33,N
23.83584,78.18432,297.84,0.68,0.74,2026-04-10,2125,N21,VIIRS,n,2.0NRT,284.16,0.81,N
23.85059,77.27606,300.62,0.6,0.71,2026-04-10,2125,N21,VIIRS,n,2.0NRT,289.49,1.76,N
23.85302,77.27368,298.11,0.6,0.71,2026-04-10,2125,N21,VIIRS,n,2.0NRT,287.62,2.08,N
23.87867,77.13462,304.33,0.59,0.7,2026-04-10,2125,N21,VIIRS,n,2.0NRT,284.6,1,N
23.88198,77.13248,310.02,0.59,0.7,2026-04-10,2125,N21,VIIRS,n,2.0NRT,284.49,2.32,N
23.88623,77.131,300.45,0.59,0.7,2026-04-10,2125,N21,VIIRS,n,2.0NRT,284.48,1.67,N
23.90099,78.35838,295.62,0.7,0.75,2026-04-10,2125,N21,VIIRS,n,2.0NRT,285.31,0.53,N
23.90448,78.30099,295.07,0.69,0.74,2026-04-10,2125,N21,VIIRS,n,2.0NRT,284.79,0.75,N
23.90629,78.22621,314.69,0.68,0.74,2026-04-10,2125,N21,VIIRS,n,2.0NRT,286.57,2.52,N
23.91435,77.13645,295.26,0.59,0.7,2026-04-10,2125,N21,VIIRS,n,2.0NRT,284.87,0.76,N
23.91851,77.13527,297.83,0.59,0.7,2026-04-10,2125,N21,VIIRS,n,2.0NRT,284.14,0.81,N
23.96424,77.51022,300.99,0.62,0.71,2026-04-10,2125,N21,VIIRS,n,2.0NRT,287.68,1.07,N
24.03434,75.59707,295.67,0.47,0.64,2026-04-10,2125,N21,VIIRS,n,2.0NRT,285.57,0.33,N
24.03917,77.43259,296.83,0.61,0.71,2026-04-10,2125,N21,VIIRS,n,2.0NRT,285.72,1.22,N
24.03921,77.42699,298.98,0.61,0.71,2026-04-10,2125,N21,VIIRS,n,2.0NRT,286.41,1.83,N
24.04064,77.4268,297.75,0.61,0.71,2026-04-10,2125,N21,VIIRS,n,2.0NRT,286.3,1.22,N
24.07876,76.07423,300.81,0.5,0.66,2026-04-10,2125,N21,VIIRS,n,2.0NRT,286.7,0.88,N
24.07998,78.22489,300.23,0.68,0.74,2026-04-10,2125,N21,VIIRS,n,2.0NRT,283.94,1.13,N
24.16575,74.70377,301.35,0.41,0.6,2026-04-10,2125,N21,VIIRS,n,2.0NRT,289.42,1.02,N
24.24488,75.6608,301.54,0.47,0.64,2026-04-10,2125,N21,VIIRS,n,2.0NRT,286.05,0.86,N
24.2453,75.6599,298.37,0.47,0.64,2026-04-10,2125,N21,VIIRS,n,2.0NRT,285.87,0.77,N
24.32378,75.68794,312.51,0.47,0.64,2026-04-10,2125,N21,VIIRS,n,2.0NRT,287.15,1.5,N
24.34602,73.26486,308.28,0.33,0.55,2026-04-10,2125,N21,VIIRS,n,2.0NRT,293.59,1.04,N
24.3593,78.48711,299.21,0.69,0.74,2026-04-10,2125,N21,VIIRS,n,2.0NRT,287.74,1.58,N
24.45562,73.28929,308.93,0.33,0.55,2026-04-10,2125,N21,VIIRS,n,2.0NRT,292.7,0.89,N
24.46678,74.0639,335.25,0.37,0.58,2026-04-10,2125,N21,VIIRS,n,2.0NRT,290.06,2.31,N
24.46758,74.06038,304.96,0.37,0.58,2026-04-10,2125,N21,VIIRS,n,2.0NRT,289,2.31,N
24.47199,74.06517,336.45,0.37,0.58,2026-04-10,2125,N21,VIIRS,n,2.0NRT,291.59,2.48,N
24.47278,74.06167,304.67,0.37,0.58,2026-04-10,2125,N21,VIIRS,n,2.0NRT,290.25,2.48,N
24.6562,73.87833,302.27,0.35,0.57,2026-04-10,2125,N21,VIIRS,n,2.0NRT,292.07,1.3,N
24.66143,74.63382,306.78,0.39,0.6,2026-04-10,2125,N21,VIIRS,n,2.0NRT,296.12,2.25,N
24.68672,76.83855,299.75,0.54,0.68,2026-04-10,2125,N21,VIIRS,n,2.0NRT,286.12,0.98,N
24.69224,74.68101,304.05,0.4,0.6,2026-04-10,2125,N21,VIIRS,n,2.0NRT,293.72,1.51,N
24.7264,76.99165,313.51,0.55,0.68,2026-04-10,2125,N21,VIIRS,n,2.0NRT,286.42,2.72,N
24.73495,73.60895,299.25,0.34,0.56,2026-04-10,2125,N21,VIIRS,n,2.0NRT,287.9,0.36,N
24.77426,76.58516,306.9,0.52,0.67,2026-04-10,2125,N21,VIIRS,n,2.0NRT,286.17,1.5,N
24.82487,76.93305,308.64,0.54,0.68,2026-04-10,2125,N21,VIIRS,n,2.0NRT,287.1,2.81,N
24.82531,76.93275,313.75,0.54,0.68,2026-04-10,2125,N21,VIIRS,n,2.0NRT,287.32,2.1,N
24.8288,76.60419,295.97,0.52,0.67,2026-04-10,2125,N21,VIIRS,n,2.0NRT,285.4,0.55,N
24.83229,76.61584,302.86,0.52,0.67,2026-04-10,2125,N21,VIIRS,n,2.0NRT,285.76,2.69,N
24.83946,76.92649,302.5,0.54,0.68,2026-04-10,2125,N21,VIIRS,n,2.0NRT,286.71,1.38,N
24.83983,76.92621,305.48,0.54,0.68,2026-04-10,2125,N21,VIIRS,n,2.0NRT,286.76,1.17,N
24.93816,76.5802,309.81,0.51,0.66,2026-04-10,2125,N21,VIIRS,n,2.0NRT,286.6,1.91,N
24.93936,76.57533,303.76,0.51,0.66,2026-04-10,2125,N21,VIIRS,n,2.0NRT,286.49,1.91,N
24.94258,77.21632,306.4,0.56,0.69,2026-04-10,2125,N21,VIIRS,n,2.0NRT,286.06,1.67,N
24.974,77.18884,297.92,0.56,0.69,2026-04-10,2125,N21,VIIRS,n,2.0NRT,285.76,0.86,N
24.9908,77.10046,299.25,0.55,0.68,2026-04-10,2125,N21,VIIRS,n,2.0NRT,287.22,1.36,N
24.99665,77.09922,299.99,0.55,0.68,2026-04-10,2125,N21,VIIRS,n,2.0NRT,286.13,0.93,N
25.00876,77.10293,302.35,0.55,0.68,2026-04-10,2125,N21,VIIRS,n,2.0NRT,286.29,1.67,N
25.00896,77.10604,299.12,0.55,0.68,2026-04-10,2125,N21,VIIRS,n,2.0NRT,285.94,1.01,N
25.01024,77.10085,302.71,0.55,0.68,2026-04-10,2125,N21,VIIRS,n,2.0NRT,285.92,1.01,N
25.03931,76.59098,304.2,0.51,0.66,2026-04-10,2125,N21,VIIRS,n,2.0NRT,286.62,1.32,N
25.04519,76.59279,311.05,0.51,0.66,2026-04-10,2125,N21,VIIRS,n,2.0NRT,285.63,1.32,N
25.05745,76.96033,302.57,0.54,0.68,2026-04-10,2125,N21,VIIRS,n,2.0NRT,285.74,0.86,N
25.06505,76.9818,297.95,0.54,0.68,2026-04-10,2125,N21,VIIRS,n,2.0NRT,287.66,0.98,N
25.16113,73.60101,313.96,0.33,0.55,2026-04-10,2125,N21,VIIRS,n,2.0NRT,293.17,1.82,N
25.16134,73.60278,308.34,0.33,0.55,2026-04-10,2125,N21,VIIRS,n,2.0NRT,291.39,1.24,N
25.1617,73.5985,319.36,0.33,0.55,2026-04-10,2125,N21,VIIRS,n,2.0NRT,294.67,1.82,N
25.1619,73.60025,312.4,0.33,0.55,2026-04-10,2125,N21,VIIRS,n,2.0NRT,293.71,2.15,N
25.16228,73.59593,314.51,0.33,0.55,2026-04-10,2125,N21,VIIRS,n,2.0NRT,293.3,2.12,N
25.16245,73.59772,330.11,0.33,0.55,2026-04-10,2125,N21,VIIRS,n,2.0NRT,295.57,2.15,N
25.17894,73.57037,306.93,0.33,0.55,2026-04-10,2125,N21,VIIRS,n,2.0NRT,294.04,0.7,N
25.18318,73.5732,313.55,0.33,0.55,2026-04-10,2125,N21,VIIRS,n,2.0NRT,294.45,1.48,N
25.24927,77.80823,304.44,0.6,0.71,2026-04-10,2125,N21,VIIRS,n,2.0NRT,286.49,1.75,N
25.25073,77.80255,304.28,0.6,0.71,2026-04-10,2125,N21,VIIRS,n,2.0NRT,286.24,1.75,N
25.25365,77.81007,303.91,0.6,0.71,2026-04-10,2125,N21,VIIRS,n,2.0NRT,286.68,2.29,N
25.25508,77.80437,307,0.6,0.71,2026-04-10,2125,N21,VIIRS,n,2.0NRT,286.46,2.26,N
25.32447,68.65099,311,0.51,0.41,2026-04-10,2125,N21,VIIRS,n,2.0NRT,292.22,1.28,N
27.18917,71.72852,301.72,0.46,0.47,2026-04-10,2125,N21,VIIRS,n,2.0NRT,288.68,0.76,N
27.19343,71.72965,309.3,0.46,0.47,2026-04-10,2125,N21,VIIRS,n,2.0NRT,289.16,1.51,N
32.28952,70.74107,303.31,0.5,0.41,2026-04-10,2125,N21,VIIRS,n,2.0NRT,285.17,1.07,N
15.65819,73.98867,313.37,0.55,0.68,2026-04-10,2127,N21,VIIRS,n,2.0NRT,293.51,2.07,N
16.30802,73.81604,310.69,0.52,0.67,2026-04-10,2127,N21,VIIRS,n,2.0NRT,293.11,2.85,N
17.47332,74.27601,303.58,0.53,0.67,2026-04-10,2127,N21,VIIRS,n,2.0NRT,291.35,0.75,N
17.47408,74.2761,303.37,0.53,0.67,2026-04-10,2127,N21,VIIRS,n,2.0NRT,291.36,0.58,N
18.57671,72.24305,322.77,0.37,0.58,2026-04-10,2127,N21,VIIRS,n,2.0NRT,296.71,2.06,N
18.57743,72.23962,316.89,0.37,0.58,2026-04-10,2127,N21,VIIRS,n,2.0NRT,296.67,2.06,N
18.684,73.03061,314.5,0.42,0.61,2026-04-10,2127,N21,VIIRS,n,2.0NRT,296.16,2.31,N
18.69102,73.84217,306.83,0.47,0.64,2026-04-10,2127,N21,VIIRS,n,2.0NRT,291.49,1.46,N
18.69333,73.04096,306.74,0.42,0.61,2026-04-10,2127,N21,VIIRS,n,2.0NRT,296.17,2.34,N
18.77757,73.74951,310.39,0.46,0.64,2026-04-10,2127,N21,VIIRS,n,2.0NRT,291.49,1.27,N
18.77845,73.74871,310.69,0.46,0.64,2026-04-10,2127,N21,VIIRS,n,2.0NRT,291.62,1.42,N
19.17463,70.94677,311.4,0.59,0.53,2026-04-10,2127,N21,VIIRS,n,2.0NRT,297.78,1.64,N
19.28996,73.87106,309.38,0.46,0.64,2026-04-10,2127,N21,VIIRS,n,2.0NRT,292.42,1.25,N
19.29072,73.87325,305.16,0.46,0.63,2026-04-10,2127,N21,VIIRS,n,2.0NRT,292.24,1.3,N
19.37028,71.35719,336.59,0.63,0.54,2026-04-10,2127,N21,VIIRS,n,2.0NRT,297.35,10.1,N
19.37146,71.35135,338.49,0.63,0.54,2026-04-10,2127,N21,VIIRS,n,2.0NRT,297.52,11.23,N
19.52982,71.29819,310.33,0.62,0.54,2026-04-10,2127,N21,VIIRS,n,2.0NRT,297.17,1.8,N